1 101531718
2 3955346
3 1002358
4 475845
5 283441
6 189052
7 135131
8 100807
9 77952
10 62473
11 50771
12 41686
13 35239
14 30184
15 26121
16 22607
17 19538
18 17406
19 15234
20 13483
21 12287
22 11113
23 10028
24 9215
25 8361
26 7532
27 7205
28 6397
29 6005
30 5516
31 5090
32 4772
33 4376
34 4140
35 3906
36 3640
37 3555
38 3233
39 2934
40 2882
41 2776
42 2497
43 2378
44 2367
45 2194
46 2032
47 1998
48 1819
49 1771
50 1573
51 1612
52 1585
53 1428
54 1392
55 1334
56 1307
57 1227
58 1140
59 1203
60 1107
61 1068
62 990
63 956
64 966
65 853
66 870
67 869
68 826
69 775
70 704
71 728
72 701
73 669
74 666
75 675
76 605
77 625
78 595
79 574
80 545
81 538
82 540
83 510
84 445
85 436
86 472
87 453
88 416
89 387
90 402
91 405
92 369
93 357
94 357
95 334
96 347
97 355
98 310
99 298
100 323
101 272
102 293
103 315
104 279
105 291
106 278
107 245
108 253
109 221
110 267
111 233
112 217
113 201
114 217
115 193
116 225
117 205
118 207
119 187
120 172
121 181
122 175
123 176
124 179
125 161
126 163
127 158
128 177
129 180
130 148
131 148
132 139
133 140
134 163
135 157
136 146
137 139
138 136
139 158
140 123
141 119
142 140
143 118
144 114
145 114
146 118
147 133
148 108
149 91
150 107
151 101
152 110
153 107
154 122
155 98
156 96
157 113
158 98
159 91
160 95
161 91
162 72
163 84
164 91
165 79
166 65
167 83
168 70
169 87
170 83
171 81
172 76
173 61
174 76
175 73
176 66
177 70
178 63
179 68
180 69
181 74
182 54
183 66
184 72
185 71
186 61
187 60
188 63
189 74
190 73
191 61
192 44
193 61
194 60
195 62
196 49
197 53
198 47
199 46
200 67
201 49
202 62
203 49
204 48
205 47
206 41
207 39
208 43
209 29
210 48
211 45
212 50
213 41
214 42
215 42
216 42
217 50
218 49
219 37
220 44
221 37
222 44
223 37
224 39
225 38
226 34
227 35
228 36
229 31
230 27
231 44
232 35
233 23
234 39
235 27
236 30
237 34
238 32
239 32
240 28
241 26
242 41
243 27
244 28
245 24
246 22
247 27
248 20
249 24
250 28
251 27
252 33
253 28
254 32
255 38
256 20
257 20
258 24
259 21
260 26
261 27
262 20
263 18
264 21
265 17
266 24
267 23
268 24
269 30
270 29
271 24
272 24
273 28
274 22
275 18
276 22
277 22
278 19
279 16
280 17
281 16
282 20
283 15
284 12
285 25
286 19
287 14
288 16
289 18
290 12
291 16
292 22
293 13
294 21
295 18
296 21
297 22
298 17
299 14
300 15
301 9
302 13
303 7
304 16
305 14
306 9
307 16
308 9
309 22
310 21
311 16
312 17
313 7
314 16
315 18
316 23
317 13
318 13
319 10
320 8
321 11
322 10
323 16
324 13
325 22
326 8
327 17
328 14
329 13
330 15
331 12
332 17
333 8
334 9
335 9
336 9
337 14
338 15
339 11
340 15
341 9
342 7
343 14
344 12
345 14
346 10
347 8
348 8
349 12
350 8
351 10
352 9
353 13
354 7
355 11
356 8
357 11
358 7
359 12
360 7
361 8
362 7
363 9
364 7
365 8
366 12
367 9
368 11
369 11
370 7
371 8
372 7
373 10
374 8
375 10
376 10
377 6
378 9
379 8
380 12
381 8
382 10
383 8
384 3
385 9
386 8
387 8
388 3
389 8
390 15
391 7
392 11
393 6
394 1
395 6
396 10
397 5
398 7
399 3
400 3
401 7
402 11
403 9
404 6
405 2
406 10
407 7
408 4
409 5
410 5
411 8
412 6
413 7
414 4
415 4
416 8
417 6
418 4
419 5
420 3
421 7
422 5
423 13
424 10
425 14
426 5
427 3
428 1
429 2
430 2
431 3
432 6
433 4
434 7
435 8
436 4
437 3
438 7
439 3
440 4
441 7
442 7
443 6
444 6
445 13
446 4
447 4
448 6
449 5
450 7
451 4
452 2
453 4
454 5
455 5
456 5
457 2
458 9
459 4
460 8
461 8
462 3
463 3
464 1
465 3
466 11
467 6
468 9
469 2
470 2
471 7
472 1
473 7
474 3
475 8
476 6
477 2
478 3
479 1
480 5
481 6
482 8
483 2
484 6
485 2
486 1
487 1
488 8
489 3
491 2
492 4
493 5
494 5
495 1
496 5
497 7
498 7
499 4
500 5
501 6
502 2
503 4
504 3
505 4
506 3
507 3
508 6
509 3
510 4
511 1
512 5
513 4
514 10
515 4
516 8
517 7
518 4
519 2
520 3
521 7
522 8
523 1
524 2
525 4
526 5
527 2
528 3
529 5
530 3
531 2
532 1
533 4
534 2
535 2
536 2
537 4
538 3
539 3
540 5
542 6
543 7
544 4
545 1
546 3
547 1
548 3
549 2
550 6
551 3
552 4
553 5
554 3
555 5
556 2
557 3
558 4
559 1
560 2
561 5
562 2
564 4
565 1
566 6
567 2
568 5
569 1
570 3
573 1
574 5
576 6
577 1
579 2
580 2
582 1
583 3
584 4
586 4
587 1
588 1
591 4
592 1
593 4
594 3
595 5
596 2
598 2
599 3
600 3
601 1
602 1
603 3
604 2
605 5
606 1
607 1
608 3
609 1
610 2
611 1
612 2
613 3
615 3
616 2
617 2
618 1
619 4
620 1
621 2
622 1
623 2
624 2
625 1
626 2
627 2
629 2
630 4
631 3
632 2
633 2
636 6
637 2
639 2
640 1
641 3
643 2
644 5
645 1
646 4
647 1
648 4
649 2
650 4
651 1
652 1
653 1
654 3
656 4
658 1
659 3
660 3
662 2
663 3
664 1
665 1
667 4
668 1
669 1
670 3
671 1
673 3
674 1
675 2
676 1
677 2
678 2
679 2
680 1
681 1
682 3
684 2
685 3
686 4
687 1
689 2
690 1
691 3
692 1
693 1
694 1
695 4
698 3
700 1
701 1
702 2
703 2
704 1
705 2
706 2
707 2
708 3
709 2
710 4
711 2
712 1
713 2
714 2
715 1
716 2
717 2
719 2
720 2
721 2
722 3
724 1
725 2
726 1
729 2
730 1
732 3
733 2
734 1
736 2
737 1
738 2
740 1
742 2
743 1
744 4
747 1
748 2
749 2
750 2
751 3
752 1
754 1
755 2
756 2
757 1
758 1
760 2
762 3
763 2
765 2
766 2
767 3
768 1
769 2
771 4
773 1
775 2
776 1
777 2
780 1
781 2
782 1
783 1
784 1
785 3
789 1
790 1
791 1
794 1
795 1
796 1
798 1
799 1
804 1
805 1
807 1
808 2
809 1
810 2
811 1
812 3
813 1
815 1
816 2
817 1
818 2
819 1
820 1
821 1
824 1
827 1
828 2
829 1
830 1
834 3
835 2
836 4
838 1
839 2
840 1
845 1
847 1
848 2
851 1
853 3
857 1
858 1
859 1
862 2
863 1
864 1
867 1
871 1
872 1
874 2
876 1
879 2
885 1
887 1
889 1
890 1
891 1
892 1
893 1
895 1
896 1
900 1
903 1
906 2
907 1
908 1
910 1
911 1
912 1
915 1
916 1
924 1
929 2
930 1
934 1
935 4
936 1
937 1
940 2
941 3
942 1
943 2
944 1
946 2
947 1
955 1
958 3
961 2
962 2
963 1
965 1
966 1
977 1
980 1
982 1
983 1
985 1
993 1
1000 2
1003 2
1004 2
1007 2
1009 1
1013 1
1023 1
1026 1
1028 1
1030 1
1036 1
1040 1
1041 1
1042 1
1043 1
1045 1
1047 1
1052 1
1055 1
1057 1
1058 2
1062 2
1068 1
1070 1
1072 1
1073 2
1077 1
1079 1
1089 1
1094 1
1095 3
1096 1
1098 1
1115 1
1116 1
1123 1
1128 1
1130 1
1133 2
1134 1
1135 1
1137 1
1143 1
1145 1
1148 1
1152 1
1154 1
1156 1
1161 2
1166 1
1174 1
1176 1
1179 1
1186 1
1189 1
1198 1
1203 1
1206 1
1210 1
1212 1
1216 1
1217 1
1218 1
1219 1
1220 1
1221 1
1227 1
1231 1
1232 1
1234 1
1246 1
1250 1
1254 1
1255 1
1256 1
1260 1
1274 1
1276 1
1277 1
1283 1
1286 2
1288 1
1294 2
1295 1
1303 1
1311 1
1313 1
1319 2
1325 1
1331 1
1338 2
1341 1
1344 1
1345 1
1348 1
1353 2
1359 1
1360 1
1362 1
1365 1
1368 1
1369 1
1372 1
1379 1
1388 1
1392 1
1399 2
1409 1
1411 1
1412 2
1416 1
1423 1
1429 1
1445 1
1448 2
1451 1
1454 1
1473 1
1483 1
1486 1
1501 1
1507 1
1515 1
1517 1
1521 1
1524 1
1531 1
1534 1
1537 1
1538 1
1547 1
1574 1
1585 1
1596 1
1608 1
1655 1
1660 1
1675 1
1683 1
1696 1
1740 1
1742 1
1756 1
1759 1
1794 1
1815 1
1823 1
1828 1
1829 1
1830 1
1840 2
1857 1
1872 1
1916 1
1926 1
1944 1
1945 1
1956 1
1961 1
1970 1
1993 1
2050 1
2176 1
2177 1
2179 1
2211 1
2326 1
2336 1
2361 1
2387 1
2527 1
2574 1
2716 1
2757 1
2799 1
2852 1
2909 1
2915 1
3157 1
3167 1
3338 1
3671 1
3711 1
3820 1
3995 1
5737 1
6743 1
12823511 1
