0 6261880169
1 1504272429
2 99058122
3 16206111
4 7067296
5 2973126
6 2025671
7 1060569
8 825584
9 561408
10 306890
11 190545
12 191146
13 117822
14 104390
15 69142
16 61105
17 46816
18 48972
19 34241
20 30980
21 24285
22 24103
23 18054
24 19259
25 15866
26 14082
27 14404
28 15331
29 11263
30 11433
31 8067
32 11201
33 8359
34 7218
35 6494
36 6594
37 5457
38 5694
39 5723
40 5144
41 5240
42 5239
43 4022
44 6539
45 19902
46 3571
47 3219
48 3517
49 3731
50 5101
51 6379
52 4948
53 3962
54 2551
55 2333
56 2449
57 2118
58 2203
59 1968
60 2095
61 1830
62 1902
63 1733
64 1913
65 1651
66 1673
67 1640
68 1650
69 1491
70 1686
71 1464
72 1507
73 1347
74 1290
75 1252
76 1253
77 1180
78 1154
79 1014
80 1107
81 1081
82 1102
83 965
84 1028
85 918
86 907
87 868
88 890
89 881
90 919
91 819
92 850
93 803
94 809
95 697
96 738
97 685
98 688
99 737
100 711
101 668
102 704
103 651
104 631
105 698
106 639
107 589
108 605
109 590
110 562
111 572
112 548
113 503
114 591
115 576
116 573
117 516
118 496
119 484
120 578
121 463
122 452
123 398
124 475
125 440
126 475
127 414
128 450
129 399
130 438
131 424
132 476
133 424
134 414
135 444
136 450
137 412
138 442
139 681
140 590
141 370
142 376
143 331
144 374
145 394
146 362
147 330
148 301
149 321
150 336
151 311
152 293
153 315
154 329
155 293
156 286
157 309
158 322
159 272
160 287
161 292
162 288
163 208
164 285
165 236
166 248
167 256
168 257
169 259
170 242
171 214
172 244
173 234
174 247
175 218
176 220
177 208
178 221
179 200
180 274
181 194
182 223
183 203
184 224
185 200
186 229
187 190
188 197
189 208
190 225
191 183
192 229
193 205
194 210
195 222
196 191
197 185
198 215
199 216
200 179
201 203
202 197
203 192
204 221
205 235
206 187
207 158
208 992
209 162
210 183
211 178
212 174
213 143
214 174
215 160
216 151
217 169
218 173
219 150
220 152
221 154
222 146
223 168
224 196
225 150
226 131
227 132
228 154
229 164
230 162
231 162
232 120
233 117
234 120
235 997
236 287
237 143
238 153
239 119
240 164
241 136
242 143
243 123
244 134
245 98
246 131
247 118
248 123
249 146
250 130
251 112
252 130
253 113
254 129
255 113
256 120
257 147
258 125
259 117
260 128
261 124
262 121
263 113
264 125
265 132
266 100
267 121
268 99
269 108
270 118
271 124
272 135
273 114
274 97
275 106
276 130
277 98
278 152
279 95
280 105
281 109
282 133
283 105
284 110
285 93
286 118
287 117
288 157
289 131
290 84
291 102
292 111
293 89
294 117
295 120
296 93
297 88
298 93
299 97
300 123
301 85
302 93
303 114
304 92
305 86
306 120
307 89
308 82
309 76
310 99
311 95
312 88
313 97
314 92
315 88
316 110
317 112
318 106
319 106
320 116
321 109
322 108
323 93
324 94
325 102
326 96
327 92
328 86
329 97
330 90
331 86
332 85
333 85
334 80
335 79
336 80
337 76
338 97
339 76
340 79
341 66
342 117
343 81
344 89
345 92
346 79
347 65
348 76
349 79
350 71
351 80
352 78
353 72
354 83
355 83
356 67
357 83
358 70
359 88
360 65
361 59
362 81
363 50
364 60
365 87
366 77
367 74
368 107
369 58
370 60
371 54
372 96
373 67
374 67
375 80
376 86
377 88
378 65
379 67
380 77
381 62
382 56
383 78
384 79
385 53
386 62
387 72
388 77
389 75
390 60
391 70
392 65
393 52
394 66
395 62
396 65
397 60
398 62
399 61
400 81
401 69
402 51
403 71
404 56
405 65
406 60
407 54
408 51
409 56
410 65
411 57
412 55
413 75
414 68
415 48
416 48
417 64
418 55
419 45
420 67
421 52
422 38
423 64
424 51
425 58
426 43
427 53
428 45
429 65
430 71
431 59
432 56
433 45
434 61
435 67
436 59
437 45
438 52
439 41
440 48
441 49
442 54
443 41
444 56
445 54
446 51
447 39
448 46
449 35
450 57
451 45
452 34
453 43
454 57
455 51
456 41
457 47
458 58
459 31
460 40
461 36
462 40
463 46
464 37
465 36
466 45
467 45
468 51
469 47
470 39
471 62
472 39
473 44
474 41
475 34
476 49
477 44
478 58
479 38
480 42
481 39
482 41
483 69
484 39
485 33
486 42
487 36
488 44
489 33
490 42
491 49
492 39
493 44
494 48
495 48
496 40
497 31
498 35
499 33
500 39
501 38
502 40
503 34
504 36
505 37
506 42
507 38
508 33
509 45
510 29
511 32
512 26
513 44
514 32
515 37
516 32
517 44
518 31
519 43
520 36
521 36
522 42
523 34
524 34
525 42
526 32
527 50
528 36
529 26
530 31
531 39
532 24
533 30
534 27
535 37
536 46
537 29
538 32
539 27
540 53
541 46
542 29
543 25
544 32
545 34
546 34
547 52
548 42
549 33
550 38
551 31
552 31
553 43
554 25
555 31
556 32
557 30
558 36
559 23
560 26
561 37
562 28
563 41
564 28
565 37
566 30
567 34
568 24
569 33
570 37
571 27
572 27
573 26
574 38
575 29
576 27
577 30
578 28
579 29
580 30
581 36
582 28
583 16
584 15
585 17
586 19
587 32
588 28
589 21
590 22
591 32
592 19
593 14
594 19
595 21
596 31
597 26
598 24
599 26
600 33
601 18
602 27
603 34
604 18
605 15
606 23
607 36
608 24
609 22
610 27
611 34
612 22
613 20
614 16
615 11
616 27
617 21
618 11
619 27
620 35
621 13
622 19
623 12
624 22
625 29
626 34
627 15
628 12
629 25
630 25
631 19
632 20
633 21
634 19
635 21
636 20
637 27
638 24
639 17
640 19
641 28
642 19
643 20
644 28
645 19
646 14
647 13
648 24
649 18
650 29
651 14
652 17
653 26
654 18
655 21
656 13
657 21
658 16
659 17
660 25
661 15
662 20
663 24
664 28
665 21
666 27
667 23
668 29
669 21
670 29
671 13
672 19
673 12
674 21
675 17
676 12
677 28
678 18
679 14
680 11
681 12
682 20
683 15
684 23
685 15
686 14
687 21
688 21
689 17
690 25
691 17
692 13
693 21
694 24
695 20
696 27
697 12
698 26
699 15
700 26
701 12
702 21
703 22
704 20
705 20
706 14
707 24
708 19
709 20
710 21
711 17
712 12
713 15
714 21
715 17
716 15
717 18
718 14
719 18
720 21
721 12
722 20
723 13
724 18
725 9
726 24
727 16
728 15
729 28
730 18
731 15
732 21
733 20
734 18
735 17
736 17
737 16
738 15
739 24
740 26
741 14
742 24
743 26
744 19
745 19
746 19
747 20
748 29
749 26
750 19
751 22
752 20
753 21
754 13
755 14
756 16
757 13
758 18
759 14
760 13
761 17
762 23
763 19
764 20
765 19
766 20
767 16
768 14
769 10
770 19
771 18
772 18
773 9
774 15
775 16
776 9
777 14
778 8
779 9
780 24
781 11
782 19
783 24
784 27
785 8
786 15
787 15
788 17
789 18
790 18
791 19
792 19
793 17
794 21
795 22
796 20
797 15
798 18
799 14
800 17
801 12
802 11
803 11
804 8
805 14
806 19
807 19
808 20
809 14
810 32
811 24
812 23
813 21
814 12
815 10
816 11
817 17
818 18
819 25
820 17
821 24
822 11
823 13
824 17
825 15
826 14
827 15
828 12
829 15
830 11
831 16
832 13
833 11
834 14
835 19
836 15
837 21
838 15
839 13
840 15
841 10
842 12
843 17
844 11
845 22
846 18
847 10
848 16
849 13
850 13
851 20
852 12
853 16
854 12
855 4
856 8
857 7
858 20
859 20
860 21
861 14
862 9
863 7
864 11
865 11
866 8
867 16
868 12
869 16
870 23
871 18
872 14
873 7
874 11
875 8
876 10
877 11
878 11
879 14
880 13
881 12
882 10
883 11
884 9
885 13
886 16
887 13
888 7
889 15
890 12
891 8
892 9
893 5
894 12
895 9
896 7
897 9
898 11
899 18
900 15
901 5
902 10
903 8
904 7
905 12
906 9
907 8
908 16
909 9
910 7
911 11
912 10
913 11
914 12
915 6
916 13
917 9
918 5
919 7
920 10
921 7
922 5
923 13
924 11
925 14
926 15
927 14
928 15
929 11
930 27
931 28
932 8
933 13
934 12
935 5
936 11
937 14
938 18
939 11
940 8
941 7
942 8
943 5
944 8
945 5
946 6
947 11
948 7
949 8
950 10
951 20
952 255
953 245
954 7
955 6
956 11
957 6
958 8
959 6
960 16
961 8
962 5
963 5
964 9
965 9
966 25
967 5
968 4
969 10
970 3
971 4
972 4
973 9
974 11
975 6
976 11
977 3
978 6
979 23
980 2
981 2
982 9
983 9
984 5
985 5
986 9
987 7
988 14
989 8
990 18
991 10
992 7
993 4
994 6
995 2
996 8
997 6
998 7
999 10
1000 19
1001 11
1002 10
1003 9
1004 15
1005 7
1006 12
1007 9
1008 5
1009 9
1010 7
1011 9
1012 5
1013 9
1014 12
1015 16
1016 5
1017 10
1018 8
1019 8
1020 15
1021 3
1022 8
1023 7
1024 12
1025 13
1026 6
1027 11
1028 7
1029 11
1030 8
1031 3
1032 4
1033 5
1034 4
1035 9
1036 9
1037 9
1038 4
1039 3
1040 9
1041 5
1042 9
1043 8
1044 7
1045 11
1046 11
1047 4
1048 7
1049 10
1050 10
1051 7
1052 3
1053 8
1054 2
1055 6
1056 4
1057 6
1058 4
1059 10
1060 6
1061 6
1062 9
1063 10
1064 9
1065 20
1066 9
1067 10
1068 5
1069 4
1070 6
1071 7
1072 10
1073 11
1074 6
1075 6
1076 10
1077 5
1078 6
1079 3
1080 11
1081 7
1082 3
1083 10
1084 7
1085 4
1086 9
1087 8
1088 8
1089 5
1090 7
1091 8
1092 4
1093 3
1094 3
1095 6
1096 5
1097 7
1098 8
1099 7
1100 3
1101 7
1102 9
1103 7
1104 2
1105 6
1106 9
1107 6
1108 14
1109 4
1110 7
1111 7
1112 5
1113 6
1114 4
1115 3
1116 7
1117 9
1118 8
1119 7
1120 9
1121 5
1122 3
1123 9
1124 5
1125 8
1126 9
1127 6
1128 1
1129 2
1130 3
1131 5
1132 4
1133 3
1134 12
1135 5
1136 4
1137 5
1138 8
1139 5
1140 6
1141 3
1142 4
1143 5
1144 3
1145 2
1146 10
1147 4
1148 5
1149 4
1150 6
1151 4
1152 9
1154 10
1155 2
1156 3
1157 4
1158 5
1159 12
1160 5
1161 6
1162 12
1163 2
1164 2
1165 1
1166 5
1167 3
1168 3
1169 7
1170 10
1171 6
1172 7
1173 9
1174 3
1175 1
1176 8
1177 3
1178 5
1179 7
1180 7
1181 17
1182 5
1183 10
1184 9
1185 11
1186 3
1187 7
1188 6
1189 8
1190 6
1191 5
1192 2
1193 7
1194 6
1195 9
1196 5
1197 6
1198 14
1199 5
1200 9
1201 3
1202 5
1203 2
1204 7
1205 6
1206 3
1207 6
1208 2
1209 3
1210 5
1211 9
1212 2
1213 8
1214 12
1215 5
1216 6
1217 7
1218 3
1219 8
1220 6
1221 2
1222 4
1223 6
1224 7
1225 8
1226 7
1227 3
1228 6
1229 6
1230 7
1231 1
1232 7
1233 3
1234 5
1235 2
1236 4
1237 6
1238 2
1239 2
1240 8
1241 11
1242 9
1243 6
1244 3
1245 11
1246 5
1247 8
1248 4
1249 6
1250 4
1251 7
1252 4
1253 3
1254 12
1255 1
1256 7
1257 5
1258 3
1259 4
1260 12
1261 1
1262 4
1263 3
1264 2
1265 7
1267 10
1268 2
1269 3
1270 6
1271 1
1272 4
1273 5
1274 5
1275 6
1276 4
1277 3
1278 3
1279 4
1280 3
1281 4
1282 7
1283 5
1284 4
1285 5
1286 4
1287 8
1288 6
1289 6
1290 5
1291 6
1292 4
1293 4
1294 1
1295 4
1296 5
1297 10
1298 2
1299 2
1300 6
1301 8
1302 4
1303 7
1304 8
1305 7
1306 2
1307 2
1308 5
1309 5
1310 3
1311 8
1312 4
1313 4
1314 1
1315 8
1316 5
1317 5
1318 5
1319 4
1320 3
1321 4
1322 2
1323 3
1324 7
1325 1
1326 4
1327 4
1328 2
1329 6
1330 10
1331 1
1332 4
1333 1
1334 6
1335 4
1336 1
1337 1
1338 1
1339 4
1340 6
1341 6
1342 2
1343 7
1344 7
1345 8
1346 3
1347 7
1348 4
1349 2
1350 5
1351 7
1352 8
1353 7
1354 4
1355 4
1356 2
1357 2
1359 3
1360 6
1361 3
1362 8
1363 7
1364 2
1365 7
1366 3
1367 5
1368 3
1369 2
1370 5
1371 4
1372 2
1373 1
1374 4
1375 4
1376 7
1377 3
1378 4
1379 2
1380 2
1381 4
1382 3
1383 5
1384 2
1385 1
1386 2
1387 4
1388 3
1389 6
1391 5
1392 8
1393 9
1394 9
1395 2
1396 2
1397 5
1398 5
1399 6
1400 2
1401 4
1402 2
1403 4
1404 2
1405 4
1406 4
1407 4
1408 2
1409 1
1410 3
1411 1
1412 4
1413 7
1414 4
1415 4
1416 3
1417 2
1418 9
1419 6
1420 5
1422 9
1423 6
1424 3
1425 7
1426 1
1427 5
1428 3
1429 7
1430 3
1431 8
1432 3
1433 4
1434 1
1435 2
1436 1
1437 6
1438 5
1439 3
1440 4
1441 2
1442 3
1443 3
1444 5
1445 5
1446 8
1447 3
1448 3
1449 3
1450 2
1451 2
1452 3
1453 5
1454 6
1455 6
1456 2
1457 1
1458 3
1459 4
1460 5
1461 6
1462 9
1463 2
1464 4
1466 1
1467 1
1468 3
1469 3
1470 1
1471 7
1472 1
1473 5
1474 6
1475 2
1476 3
1477 5
1478 4
1479 4
1480 6
1481 4
1482 1
1483 3
1484 6
1485 3
1486 1
1487 2
1488 5
1489 7
1490 1
1491 4
1492 5
1493 4
1494 7
1495 7
1496 9
1497 4
1498 6
1499 6
1500 2
1501 8
1502 6
1503 2
1504 3
1505 1
1506 4
1507 1
1508 8
1509 8
1511 1
1512 2
1513 6
1514 2
1515 5
1516 1
1517 2
1519 3
1520 5
1521 5
1522 5
1523 3
1524 10
1525 10
1526 5
1527 3
1528 5
1529 5
1530 4
1531 1
1532 10
1533 4
1534 2
1535 6
1536 2
1537 3
1538 3
1539 1
1540 3
1541 3
1542 3
1544 1
1545 2
1546 3
1547 3
1548 9
1549 3
1550 1
1551 2
1553 2
1554 1
1555 3
1556 2
1557 9
1558 2
1560 5
1561 2
1562 4
1564 4
1565 2
1566 3
1567 2
1568 3
1569 3
1570 2
1571 2
1572 3
1573 3
1574 5
1575 6
1576 1
1578 2
1579 2
1580 4
1581 2
1582 2
1583 1
1584 4
1585 4
1586 2
1587 5
1588 2
1589 4
1590 2
1591 1
1592 2
1593 4
1594 4
1595 2
1596 2
1597 4
1598 3
1599 1
1600 2
1601 2
1602 1
1603 3
1604 3
1605 2
1606 5
1607 1
1608 1
1609 3
1611 5
1612 1
1613 6
1614 1
1615 4
1616 2
1617 9
1618 5
1619 2
1620 6
1621 4
1622 4
1623 2
1624 2
1626 3
1627 4
1628 1
1629 3
1632 1
1634 4
1635 2
1636 3
1637 1
1638 1
1639 1
1640 6
1641 4
1642 4
1643 6
1644 3
1645 5
1646 2
1647 2
1648 2
1649 1
1650 5
1651 3
1652 4
1653 4
1654 3
1655 5
1657 3
1658 3
1660 4
1661 2
1662 1
1663 2
1664 3
1665 3
1666 1
1667 2
1668 7
1669 3
1670 2
1671 1
1672 2
1673 2
1674 6
1675 2
1676 2
1677 1
1678 1
1679 2
1680 2
1681 1
1682 8
1683 4
1684 6
1685 2
1686 2
1687 2
1688 6
1689 5
1690 6
1691 3
1692 4
1693 2
1694 4
1695 10
1696 1
1697 1
1698 4
1699 3
1700 4
1701 2
1703 2
1704 4
1705 1
1706 2
1707 3
1708 3
1709 3
1710 1
1711 7
1712 2
1713 3
1714 3
1715 2
1716 2
1717 1
1718 1
1719 2
1720 4
1721 6
1722 1
1723 2
1724 7
1725 2
1726 4
1727 2
1728 3
1729 2
1730 1
1731 9
1732 3
1733 1
1734 2
1735 2
1737 2
1738 1
1740 3
1741 2
1742 2
1743 4
1744 1
1745 2
1746 2
1747 2
1748 1
1749 4
1750 3
1751 9
1753 2
1754 4
1755 1
1756 3
1757 2
1759 3
1760 7
1761 3
1762 2
1763 1
1764 1
1765 2
1767 1
1768 2
1769 3
1770 3
1771 3
1772 1
1773 1
1774 1
1776 6
1777 8
1778 7
1779 3
1780 4
1781 1
1782 3
1783 4
1784 5
1786 2
1788 5
1791 1
1793 2
1794 4
1795 2
1796 1
1798 3
1799 2
1801 2
1802 2
1804 3
1805 1
1806 2
1807 3
1808 1
1810 1
1811 3
1812 4
1813 4
1815 3
1816 3
1817 1
1818 2
1820 1
1822 5
1824 4
1825 1
1826 1
1827 1
1828 2
1829 6
1830 5
1831 2
1832 4
1833 1
1836 2
1837 2
1838 4
1839 5
1840 6
1841 2
1842 4
1843 2
1844 2
1845 6
1846 2
1847 6
1848 1
1851 5
1852 3
1853 6
1854 2
1855 6
1856 1
1857 3
1859 3
1860 2
1861 1
1862 3
1864 5
1865 1
1866 1
1867 2
1868 1
1870 4
1871 3
1872 3
1874 4
1875 3
1876 2
1877 2
1878 3
1879 3
1881 5
1883 2
1884 2
1885 3
1886 1
1887 2
1888 2
1892 2
1893 3
1894 1
1895 1
1897 3
1898 2
1899 3
1900 2
1901 2
1902 1
1903 3
1904 4
1905 1
1906 2
1907 5
1909 1
1910 3
1911 3
1912 3
1913 1
1914 7
1915 4
1917 3
1918 4
1919 2
1920 2
1921 3
1922 1
1925 2
1927 3
1928 1
1929 6
1930 2
1931 4
1932 1
1933 5
1934 3
1935 5
1936 4
1937 2
1939 1
1940 1
1942 2
1943 2
1944 1
1946 1
1947 1
1948 1
1951 5
1952 3
1953 3
1954 1
1955 1
1956 3
1957 2
1958 5
1959 1
1960 1
1961 1
1962 1
1963 2
1964 3
1965 1
1966 3
1967 7
1968 1
1969 3
1970 2
1971 1
1973 1
1974 1
1975 2
1976 2
1977 5
1978 1
1979 2
1980 4
1981 2
1982 3
1983 1
1984 2
1985 2
1986 3
1987 2
1988 4
1989 1
1990 2
1991 1
1992 1
1993 2
1995 2
1996 1
1998 3
1999 2
2000 1
2002 2
2004 3
2005 3
2007 2
2008 4
2009 2
2010 1
2011 2
2015 3
2018 1
2019 1
2020 1
2021 1
2022 1
2023 1
2024 4
2025 2
2026 1
2028 3
2030 1
2032 3
2033 3
2034 4
2037 5
2038 2
2039 2
2040 2
2041 1
2042 4
2043 3
2044 1
2045 6
2046 5
2047 2
2048 3
2049 1
2050 2
2051 1
2052 4
2053 2
2054 1
2057 1
2058 2
2059 3
2060 1
2061 3
2065 1
2067 1
2068 2
2070 2
2071 2
2072 3
2073 4
2074 2
2075 3
2076 2
2077 3
2078 6
2080 1
2081 2
2082 1
2084 1
2085 2
2086 4
2087 1
2088 2
2090 1
2091 2
2092 2
2093 1
2095 1
2096 2
2097 3
2098 2
2099 3
2100 5
2101 4
2102 1
2103 1
2104 2
2105 1
2106 1
2107 1
2108 1
2109 1
2110 1
2111 2
2112 2
2113 1
2114 2
2115 2
2116 2
2117 2
2118 2
2120 2
2124 1
2126 2
2127 5
2128 1
2129 2
2130 1
2131 1
2133 1
2134 1
2135 1
2136 4
2137 2
2138 1
2139 5
2140 2
2142 1
2143 1
2144 1
2145 4
2148 2
2150 4
2152 1
2153 1
2155 2
2156 2
2158 2
2159 3
2162 3
2163 1
2164 3
2165 1
2166 1
2168 2
2171 5
2173 3
2174 2
2175 1
2176 1
2178 1
2181 1
2184 1
2187 3
2188 4
2189 1
2190 4
2191 1
2192 3
2195 1
2196 2
2197 3
2198 4
2199 3
2200 3
2201 1
2202 1
2204 2
2205 5
2206 1
2207 1
2208 8
2209 1
2210 4
2212 1
2219 2
2220 4
2222 1
2224 1
2225 2
2227 1
2229 3
2231 5
2232 2
2233 5
2234 1
2235 1
2236 1
2237 1
2238 1
2240 1
2242 1
2244 3
2246 4
2249 1
2250 1
2252 1
2253 3
2258 1
2260 3
2262 2
2264 1
2266 1
2268 3
2269 1
2271 2
2272 3
2275 2
2276 3
2277 4
2278 3
2279 3
2280 2
2281 1
2282 1
2283 2
2284 3
2286 3
2287 2
2289 1
2291 2
2292 2
2293 2
2295 6
2298 2
2299 2
2300 2
2301 1
2302 2
2303 1
2304 1
2305 1
2308 1
2309 1
2311 2
2313 3
2315 1
2316 1
2318 2
2322 1
2324 1
2325 2
2326 1
2328 3
2330 1
2333 2
2334 1
2335 1
2337 1
2340 1
2342 1
2343 4
2344 1
2347 4
2348 2
2349 2
2350 1
2351 1
2352 1
2353 1
2354 3
2355 2
2356 2
2357 2
2358 1
2359 1
2361 1
2363 1
2364 1
2365 3
2366 1
2369 4
2370 2
2371 3
2372 1
2373 2
2374 2
2375 2
2376 1
2377 3
2379 1
2380 1
2381 1
2382 2
2383 2
2384 2
2385 1
2387 1
2389 1
2390 1
2392 2
2394 4
2395 2
2396 2
2397 2
2398 2
2399 1
2402 1
2404 1
2405 1
2406 1
2411 1
2412 1
2413 1
2415 2
2416 2
2419 3
2420 2
2423 2
2424 2
2427 1
2429 1
2432 1
2433 3
2435 1
2436 1
2437 1
2439 1
2440 1
2442 3
2443 1
2445 1
2446 1
2447 1
2448 3
2450 3
2452 3
2453 2
2454 3
2455 1
2457 2
2460 1
2463 1
2464 1
2466 1
2467 1
2468 2
2471 1
2474 1
2481 2
2482 1
2483 1
2484 1
2485 2
2486 1
2487 1
2488 2
2489 2
2491 1
2494 4
2496 4
2497 1
2498 3
2499 2
2500 1
2501 1
2502 1
2503 3
2505 2
2506 2
2507 1
2508 3
2509 1
2510 1
2512 3
2514 3
2515 3
2516 1
2518 1
2520 2
2521 3
2522 1
2523 2
2525 1
2526 2
2527 1
2528 1
2530 1
2534 1
2538 2
2539 2
2542 2
2545 3
2548 1
2550 1
2551 1
2552 1
2553 1
2554 3
2558 2
2559 2
2560 2
2563 4
2564 1
2566 3
2567 1
2568 3
2570 1
2571 3
2573 2
2574 3
2577 1
2578 2
2579 4
2581 2
2582 1
2583 3
2584 1
2585 1
2586 1
2587 1
2589 2
2590 2
2593 1
2594 2
2596 2
2597 2
2599 1
2600 1
2602 5
2603 1
2609 2
2610 2
2612 2
2613 5
2616 2
2619 2
2621 1
2623 1
2625 2
2627 2
2629 4
2630 3
2632 1
2636 2
2641 2
2645 1
2651 1
2654 1
2655 2
2656 1
2658 1
2659 1
2660 2
2661 1
2666 1
2667 3
2668 2
2675 1
2676 2
2678 1
2680 2
2683 2
2684 1
2685 1
2687 1
2688 2
2689 3
2690 1
2691 1
2693 3
2694 2
2697 1
2698 1
2702 1
2703 1
2704 2
2709 1
2711 2
2712 1
2719 1
2721 1
2722 2
2725 2
2726 1
2727 2
2729 1
2730 1
2733 1
2738 2
2740 1
2747 1
2749 2
2750 1
2751 2
2752 1
2756 3
2757 1
2758 5
2759 1
2761 3
2762 1
2770 1
2771 5
2776 2
2780 2
2783 1
2784 3
2787 4
2788 1
2789 2
2793 2
2794 1
2796 1
2798 1
2799 2
2800 2
2801 1
2804 1
2805 1
2806 2
2807 4
2808 1
2809 1
2810 1
2811 2
2816 4
2817 2
2820 1
2821 1
2822 1
2824 1
2825 2
2827 1
2828 1
2833 2
2834 1
2837 2
2840 1
2842 1
2843 1
2846 6
2848 1
2849 1
2851 3
2853 1
2856 4
2859 1
2861 1
2866 1
2867 2
2868 2
2869 1
2876 4
2877 1
2881 2
2882 2
2885 1
2886 1
2887 2
2888 2
2889 1
2890 1
2894 1
2897 1
2898 1
2901 2
2903 3
2904 4
2905 1
2910 1
2912 1
2914 2
2917 1
2918 3
2919 2
2920 1
2922 1
2923 2
2925 1
2926 2
2931 2
2933 1
2936 2
2937 1
2938 2
2939 1
2940 2
2943 1
2944 2
2945 1
2946 1
2949 2
2950 1
2951 3
2952 2
2959 1
2962 1
2963 1
2964 1
2965 2
2966 1
2967 1
2968 1
2971 3
2972 3
2974 1
2975 2
2976 1
2977 1
2980 2
2981 2
2982 2
2983 3
2984 1
2985 1
2986 1
2988 3
2989 1
2990 1
2991 1
2993 1
2994 3
2995 1
2996 1
3000 2
3001 2
3002 1
3004 2
3005 1
3009 1
3011 3
3013 1
3016 3
3017 2
3019 2
3020 2
3021 1
3022 1
3023 1
3032 4
3033 2
3034 1
3038 1
3039 1
3040 1
3043 2
3045 1
3046 1
3047 1
3048 1
3049 3
3051 1
3053 1
3055 2
3056 1
3059 1
3060 2
3061 1
3062 3
3063 1
3064 2
3067 1
3068 3
3072 1
3074 1
3075 1
3079 1
3080 2
3082 1
3089 2
3090 1
3091 1
3092 1
3093 2
3100 1
3101 1
3102 1
3105 1
3106 1
3108 1
3109 1
3114 2
3117 4
3118 1
3120 1
3121 3
3123 2
3129 1
3131 2
3132 2
3142 2
3143 1
3151 2
3153 2
3160 1
3164 2
3165 1
3167 1
3168 1
3169 1
3170 1
3171 2
3173 2
3177 3
3178 2
3180 2
3184 2
3189 3
3192 3
3198 1
3199 1
3204 1
3205 1
3212 1
3213 1
3214 2
3217 1
3220 2
3221 1
3223 1
3224 1
3226 2
3230 1
3231 2
3235 1
3236 1
3239 2
3240 1
3250 1
3251 1
3255 1
3257 1
3258 1
3260 1
3266 2
3269 1
3277 1
3282 1
3283 2
3285 1
3286 1
3288 2
3289 2
3292 1
3293 1
3294 3
3295 2
3297 1
3298 1
3302 3
3303 1
3304 1
3306 1
3309 2
3323 1
3324 1
3328 1
3330 1
3334 2
3336 2
3337 1
3340 1
3342 2
3344 1
3345 3
3346 1
3348 2
3351 1
3356 1
3357 1
3359 3
3364 2
3365 1
3368 1
3369 2
3372 2
3373 1
3377 1
3379 1
3384 2
3388 1
3390 2
3394 1
3397 1
3401 2
3402 1
3410 2
3412 1
3413 1
3421 1
3428 1
3430 1
3431 1
3432 1
3437 2
3438 1
3439 3
3440 1
3441 2
3442 2
3444 1
3451 2
3452 1
3459 1
3460 3
3461 2
3462 1
3466 2
3470 1
3473 1
3476 1
3478 1
3481 1
3483 2
3489 1
3490 1
3491 1
3492 1
3494 1
3495 1
3496 1
3497 1
3498 1
3499 1
3500 2
3503 1
3506 2
3507 1
3517 1
3520 3
3522 1
3528 1
3529 1
3543 2
3545 2
3547 1
3549 1
3554 1
3559 1
3562 1
3563 1
3573 1
3586 1
3589 2
3590 2
3598 3
3609 3
3611 1
3614 1
3615 1
3619 1
3622 1
3628 2
3629 1
3630 1
3632 2
3636 1
3639 3
3640 3
3641 2
3643 1
3647 4
3649 1
3650 1
3651 1
3652 2
3653 2
3654 4
3657 1
3660 2
3661 1
3665 1
3666 1
3669 1
3671 1
3673 1
3678 1
3680 2
3687 1
3691 1
3693 1
3695 1
3696 1
3698 1
3702 1
3704 1
3705 1
3711 1
3713 1
3715 1
3718 2
3719 1
3732 2
3735 2
3738 1
3746 1
3747 2
3751 2
3753 1
3756 1
3759 1
3761 2
3762 2
3766 1
3768 1
3773 1
3774 1
3775 1
3778 1
3779 1
3780 1
3784 1
3785 2
3789 1
3797 1
3800 1
3815 2
3816 1
3823 1
3830 3
3836 1
3838 1
3840 2
3845 2
3846 1
3848 1
3850 1
3856 3
3860 4
3864 1
3868 2
3874 2
3876 1
3877 1
3882 1
3886 1
3888 1
3893 2
3898 1
3899 2
3902 2
3905 2
3907 3
3910 1
3916 1
3917 1
3922 2
3923 2
3924 1
3926 1
3929 2
3931 1
3932 1
3934 2
3936 1
3937 1
3939 1
3940 1
3942 1
3943 1
3944 2
3946 1
3971 1
3976 1
3986 2
3989 1
3993 1
3994 2
4003 2
4005 2
4006 2
4007 1
4015 1
4019 1
4026 1
4043 1
4046 1
4048 1
4051 2
4059 1
4066 2
4067 1
4070 2
4079 1
4087 1
4088 1
4090 2
4091 1
4093 1
4094 2
4096 1
4097 2
4098 1
4104 2
4105 2
4107 1
4110 2
4119 1
4120 1
4124 1
4127 1
4137 1
4138 1
4140 1
4142 1
4148 1
4149 2
4159 1
4162 1
4163 2
4166 1
4169 1
4173 1
4176 1
4179 1
4182 1
4186 1
4201 2
4203 1
4209 2
4212 1
4219 1
4227 1
4233 2
4235 1
4237 1
4240 2
4242 1
4245 1
4254 1
4272 1
4276 1
4279 1
4292 2
4294 1
4304 1
4319 1
4321 1
4323 1
4324 2
4326 1
4330 1
4336 2
4343 2
4346 1
4349 1
4352 1
4354 1
4355 1
4358 1
4361 1
4363 1
4370 1
4378 1
4384 1
4390 1
4391 1
4392 1
4393 1
4406 1
4410 2
4415 1
4419 2
4437 1
4448 1
4460 2
4461 1
4462 4
4467 1
4468 1
4471 2
4479 1
4483 1
4484 2
4487 1
4491 2
4493 1
4495 2
4496 1
4504 1
4509 2
4514 2
4515 1
4516 1
4520 1
4528 1
4537 2
4543 1
4554 1
4555 2
4556 1
4558 1
4570 1
4576 2
4578 1
4582 1
4583 1
4586 4
4587 1
4588 1
4592 2
4593 1
4607 1
4611 1
4619 1
4620 1
4625 1
4633 2
4638 1
4644 1
4645 1
4649 1
4652 1
4656 1
4658 1
4661 2
4668 2
4669 1
4680 1
4684 1
4685 1
4694 1
4701 1
4708 1
4709 1
4716 1
4721 2
4723 1
4726 1
4743 1
4752 1
4755 2
4759 2
4762 3
4766 1
4780 1
4784 1
4785 1
4786 2
4803 1
4806 1
4817 1
4819 1
4825 1
4827 1
4831 1
4838 1
4843 1
4846 3
4847 1
4849 1
4855 1
4858 1
4859 1
4862 1
4871 1
4882 3
4887 1
4892 1
4894 3
4902 2
4904 3
4908 2
4911 1
4917 2
4918 1
4934 1
4954 1
4965 1
4973 2
4980 1
4996 1
4997 1
5000 1
5001 4
5004 1
5006 1
5010 1
5018 1
5022 1
5030 1
5032 1
5035 1
5037 1
5051 1
5053 1
5062 1
5063 1
5069 2
5070 1
5075 2
5076 1
5077 1
5078 1
5081 1
5084 1
5086 2
5094 2
5099 1
5101 1
5104 2
5105 1
5109 1
5112 1
5128 1
5131 1
5133 2
5141 1
5150 1
5157 1
5158 2
5166 1
5169 1
5170 1
5171 1
5172 1
5179 1
5180 1
5183 1
5209 1
5220 1
5225 1
5227 1
5229 1
5234 2
5238 1
5245 1
5266 1
5267 1
5272 1
5276 1
5277 1
5288 2
5298 1
5300 2
5302 1
5311 1
5314 1
5333 1
5337 1
5352 1
5357 1
5368 1
5370 1
5376 2
5377 1
5380 1
5386 3
5391 1
5396 3
5402 1
5409 1
5411 1
5417 1
5422 1
5427 1
5438 2
5445 1
5448 1
5454 2
5456 1
5457 1
5458 1
5460 1
5463 1
5465 1
5466 1
5469 1
5473 2
5474 1
5478 2
5488 1
5490 1
5491 2
5494 1
5495 2
5496 3
5497 1
5498 1
5499 4
5500 1
5502 2
5506 2
5517 1
5521 2
5528 1
5534 1
5548 2
5556 1
5563 1
5589 1
5590 2
5595 1
5598 1
5605 1
5614 1
5626 1
5634 1
5644 1
5649 1
5650 1
5663 1
5666 1
5671 1
5673 1
5675 1
5677 1
5679 1
5692 3
5701 1
5713 1
5716 2
5730 1
5740 1
5743 2
5747 1
5750 2
5760 1
5763 2
5767 1
5794 1
5796 1
5800 1
5809 1
5818 1
5826 1
5829 1
5833 2
5838 1
5840 1
5842 1
5854 2
5865 1
5866 2
5872 1
5892 1
5893 1
5901 1
5906 1
5907 1
5918 1
5921 1
5922 1
5927 1
5945 1
5949 1
5954 1
5957 2
5959 1
5960 1
5961 1
5963 1
5964 2
5972 2
5980 1
5983 1
5991 1
5994 1
6001 1
6007 1
6009 1
6012 1
6013 1
6017 1
6020 1
6022 1
6024 1
6025 1
6026 1
6027 1
6031 1
6032 1
6033 2
6034 1
6038 2
6044 1
6048 2
6049 1
6051 1
6071 1
6078 1
6092 1
6101 1
6102 1
6113 1
6136 1
6138 2
6142 1
6143 1
6145 1
6149 1
6159 1
6162 2
6163 1
6166 1
6181 1
6186 2
6196 2
6209 2
6217 1
6223 1
6224 1
6240 1
6244 1
6246 3
6261 1
6269 1
6285 1
6287 1
6292 2
6294 2
6295 1
6296 1
6298 1
6300 2
6302 1
6306 1
6308 1
6321 1
6328 2
6336 1
6338 1
6347 1
6352 1
6355 1
6383 1
6399 1
6409 1
6411 1
6412 1
6416 1
6420 1
6421 1
6424 1
6437 1
6443 1
6445 1
6457 1
6460 1
6495 1
6496 2
6517 2
6528 1
6533 1
6546 1
6549 1
6550 1
6575 1
6577 1
6586 1
6591 1
6596 2
6603 1
6607 1
6662 1
6674 1
6681 1
6682 1
6698 1
6703 1
6708 1
6733 1
6750 1
6752 1
6755 2
6762 1
6769 1
6782 1
6796 1
6800 1
6802 1
6807 1
6814 1
6816 1
6836 1
6843 1
6855 1
6861 2
6862 2
6870 1
6889 1
6890 1
6900 1
6906 1
6907 1
6908 1
6911 1
6916 1
6919 1
6946 1
6984 1
6989 1
7001 1
7002 1
7015 1
7024 2
7050 1
7078 2
7090 1
7091 1
7114 1
7143 1
7145 1
7147 1
7163 1
7164 1
7170 2
7182 1
7192 1
7194 1
7205 1
7214 1
7252 1
7257 1
7259 2
7272 2
7290 2
7322 1
7323 1
7343 1
7344 2
7359 1
7381 1
7386 1
7428 1
7434 1
7436 1
7449 2
7470 1
7472 1
7480 1
7486 1
7487 1
7489 1
7512 1
7519 1
7522 1
7551 1
7563 1
7571 2
7575 1
7580 2
7591 1
7598 1
7610 1
7656 2
7661 1
7671 2
7700 1
7703 1
7728 1
7732 2
7748 1
7757 1
7764 1
7782 1
7786 1
7800 1
7801 1
7843 1
7844 1
7866 1
7884 1
7895 1
7900 1
7909 1
7911 3
7912 1
7952 1
7995 1
7998 1
8007 1
8013 1
8022 2
8055 1
8056 1
8059 1
8071 2
8085 1
8098 1
8128 2
8154 1
8167 1
8182 1
8189 1
8192 1
8195 1
8209 2
8211 1
8239 1
8268 1
8271 1
8275 2
8278 1
8286 1
8316 1
8341 1
8361 1
8370 1
8372 1
8374 1
8380 1
8421 1
8440 1
8477 1
8502 1
8574 1
8609 2
8615 2
8631 2
8637 1
8657 1
8664 1
8665 1
8682 2
8694 2
8706 2
8722 1
8734 1
8751 1
8753 1
8778 1
8784 1
8787 1
8788 1
8791 1
8796 1
8798 2
8803 1
8808 1
8823 2
8877 1
8884 1
8890 2
8923 1
8947 1
8958 1
8959 1
8965 1
9010 1
9041 1
9045 1
9060 1
9064 1
9069 1
9073 1
9094 2
9096 2
9097 1
9111 1
9156 1
9159 2
9170 1
9173 1
9219 2
9228 1
9237 1
9289 1
9319 1
9345 2
9364 1
9396 1
9465 1
9471 1
9501 1
9514 1
9595 1
9598 1
9611 1
9644 1
9692 2
9703 1
9708 1
9717 1
9719 1
9745 1
9769 1
9772 1
9773 1
9831 1
9884 1
9897 1
9901 1
9907 2
9915 1
9916 1
9929 1
9932 1
9959 3
9962 1
9991 1
9994 1
10002 3
10003 2
10024 1
10041 1
10058 1
10092 2
10107 2
10108 3
10124 1
10125 1
10139 1
10143 2
10255 1
10258 1
10290 1
10321 1
10350 1
10351 1
10374 1
10377 1
10474 1
10477 1
10487 1
10513 1
10528 1
10549 1
10558 1
10564 1
10587 1
10616 1
10642 1
10647 1
10658 1
10683 1
10688 1
10697 2
10699 1
10718 1
10756 1
10767 1
10773 1
10776 1
10788 1
10824 1
10870 1
10932 2
11004 1
11111 1
11140 1
11147 1
11162 1
11192 1
11215 1
11242 1
11245 1
11261 1
11300 1
11359 1
11367 1
11377 2
11385 1
11388 1
11400 1
11408 1
11441 1
11454 1
11456 1
11482 1
11490 2
11509 1
11573 1
11583 2
11715 1
11742 1
11743 1
11798 1
11802 1
11810 1
11829 1
11992 1
12021 2
12022 1
12036 1
12050 1
12141 1
12149 1
12269 1
12287 1
12289 1
12294 3
12296 2
12298 1
12320 1
12418 3
12419 1
12485 1
12495 1
12531 1
12533 1
12585 1
12609 1
12653 1
12707 1
12769 2
12823 1
12848 2
12883 1
12890 1
12907 1
12919 1
12920 1
12944 1
12960 1
13105 1
13110 1
13123 1
13168 1
13178 1
13197 1
13210 1
13240 3
13241 1
13275 2
13323 1
13424 1
13440 2
13502 1
13522 1
13579 1
13600 1
13601 1
13619 1
13628 1
13633 1
13669 1
13703 1
13776 2
13788 1
13801 2
13841 1
13935 1
14089 2
14193 1
14224 1
14367 1
14511 1
14528 1
14582 2
14638 1
14653 1
14751 1
14756 1
14884 1
14932 1
14969 1
14990 1
15014 1
15046 1
15047 1
15067 1
15139 2
15182 1
15195 1
15238 1
15260 1
15265 1
15332 1
15376 2
15398 2
15510 1
15620 1
15680 1
15746 1
15788 1
15789 1
15929 2
16001 2
16022 1
16086 1
16129 1
16142 1
16248 1
16285 1
16358 1
16384 1
16386 1
16401 1
16501 1
16513 1
16748 1
16858 1
16924 1
16964 1
17266 1
17271 1
17337 1
17350 1
17613 1
17777 1
17782 1
17784 2
17832 1
17934 1
17938 1
18016 1
18147 1
18190 1
18199 1
18250 1
18341 1
18378 1
18387 1
18388 21
18392 1
18468 1
18474 1
18503 1
18542 1
18570 1
18595 1
18597 1
18606 1
18661 1
18819 1
18841 1
18862 1
19024 1
19295 1
19591 1
19762 1
19768 1
19911 1
19916 1
20001 1
20149 1
20329 1
20382 1
20688 2
20775 1
20823 1
20949 1
21151 1
21190 1
21206 1
21321 1
21466 1
21542 1
21555 1
21596 1
21614 1
21667 1
21745 1
21832 1
21977 1
22108 1
22142 1
22391 2
22684 1
22719 1
23072 1
23189 1
23450 1
23456 1
23499 1
23590 1
23708 1
23966 1
24297 1
24354 1
24401 1
24422 1
24442 1
24461 1
24527 1
24727 1
24941 1
25634 1
25658 1
25814 1
25877 1
25920 1
26094 1
26278 1
26587 1
27036 1
27080 1
27370 1
27399 1
27412 1
27600 1
27953 1
28564 1
28777 1
28798 1
28804 1
28904 1
29024 1
29046 1
29355 1
29505 1
29549 1
29872 1
30015 1
30658 1
30741 1
30822 1
30852 2
30857 1
31538 1
31678 1
32001 1
32064 1
32246 1
32536 1
32650 1
32709 1
32756 1
32768 1
32769 2
32770 2
33196 1
33231 1
33547 1
33565 1
33769 1
33808 1
34114 1
34328 1
34425 1
34462 1
34654 1
34748 1
35120 1
36968 1
37014 1
37489 1
37765 1
38220 1
38368 1
38509 1
38673 1
38731 1
39052 1
39350 1
39784 1
40552 1
40674 1
40691 1
40853 1
41023 1
41029 1
41045 1
41118 1
41137 2
41148 1
41157 1
41171 1
41218 1
41221 1
41229 1
41233 1
41238 1
41250 1
41251 1
41260 1
41262 3
41264 1
41268 1
41272 1
41274 1
41278 2
41285 1
41291 1
41292 1
41297 1
41301 1
41307 1
41398 1
41402 1
41415 1
41431 1
41432 1
41441 1
41442 1
41449 1
41451 2
41453 1
41454 1
41465 1
41468 1
41469 1
41471 1
41487 1
41494 1
41500 1
41502 1
41503 1
41518 1
41528 1
41535 1
41539 1
41550 1
41552 1
41556 1
41633 1
43177 1
43486 1
43600 1
44276 1
44328 1
44726 1
44860 1
45690 1
45714 1
46001 1
46117 1
46704 1
48583 1
48694 2
49496 1
49742 1
51174 1
51603 1
51698 1
51736 1
52281 1
52697 1
52721 1
52964 1
53346 1
54017 1
54268 1
55892 1
57622 1
57644 1
58055 1
58088 1
58634 1
58805 1
58930 1
59024 1
59193 1
59499 1
59517 1
60201 1
60403 1
60698 1
60822 1
60894 1
61368 1
62171 1
62734 2
62880 1
63154 1
63398 1
63671 1
63743 1
65239 1
65536 1
65538 1
65911 1
68079 1
68690 1
68832 1
69611 1
69983 1
71535 1
73120 1
73558 1
74235 1
74270 1
74543 1
74970 1
77356 1
80754 1
82700 1
83136 1
83423 1
83644 1
84802 1
85321 1
87030 1
88062 1
91243 1
91339 1
91978 1
94357 1
99781 1
100745 1
101144 1
106387 1
108542 1
110668 1
123590 1
130109 1
131072 1
131074 1
131810 1
132201 1
134538 1
134759 1
136350 1
143051 1
144076 1
145140 1
148338 1
148614 1
149084 1
150159 1
154753 1
157084 1
163445 1
166187 1
173318 2
177607 1
178695 1
183363 2
189375 1
195361 1
201396 1
208905 1
211302 1
213120 1
218220 1
233040 1
238290 1
242559 1
243102 1
248044 1
252153 1
256898 1
259859 1
298165 1
317601 1
350419 2
409320 1
427999 1
430661 1
462502 1
503533 1
506084 1
624639 1
659382 1
785341 1
786061 1
860956 1
861694 1
1189485 1
1370327 1
1437431 1
1590034 1
4144314 1
38169725 1
