0 7860017187
1 23267141
2 4990190
3 2267382
4 932696
5 690104
6 579816
7 337124
8 283671
9 211323
10 315518
11 228942
12 222945
13 155914
14 143852
15 103201
16 113075
17 137640
18 136331
19 53109
20 54422
21 68546
22 123188
23 70303
24 44291
25 37427
26 29290
27 27331
28 64341
29 30334
30 46579
31 44256
32 29477
33 30486
34 21601
35 26901
36 46148
37 21473
38 23626
39 21208
40 27293
41 19565
42 20245
43 18008
44 17371
45 15867
46 19537
47 26577
48 22463
49 24649
50 21571
51 16104
52 16436
53 10822
54 12219
55 9295
56 8064
57 8213
58 13477
59 7726
60 8654
61 7864
62 9452
63 15159
64 6704
65 7685
66 9946
67 5962
68 6087
69 6465
70 5152
71 4581
72 5943
73 4606
74 9604
75 14334
76 4567
77 20128
78 11594
79 10613
80 6332
81 10377
82 25898
83 14660
84 6923
85 13249
86 8268
87 4308
88 4814
89 9871
90 3718
91 10076
92 5832
93 5750
94 13488
95 11692
96 4898
97 12364
98 5629
99 14096
100 5810
101 10536
102 8908
103 11243
104 7324
105 5170
106 2287
107 3148
108 1841
109 4679
110 2442
111 2917
112 3522
113 2408
114 3917
115 3913
116 3411
117 5842
118 4136
119 2569
120 2166
121 2911
122 3777
123 2411
124 2397
125 2982
126 1647
127 3595
128 2418
129 2630
130 2619
131 2906
132 3889
133 3072
134 4478
135 3596
136 1872
137 2913
138 1384
139 2763
140 3464
141 2858
142 2263
143 1746
144 2984
145 2101
146 1330
147 1845
148 3428
149 2404
150 1481
151 3263
152 1541
153 2586
154 3093
155 3927
156 2706
157 2220
158 2466
159 3154
160 2414
161 2032
162 2118
163 1141
164 1406
165 1713
166 1282
167 1417
168 2194
169 1199
170 1215
171 1239
172 2041
173 1335
174 1404
175 1202
176 1393
177 2228
178 1454
179 2032
180 1500
181 2116
182 1245
183 1405
184 1477
185 809
186 669
187 918
188 762
189 1148
190 4041
191 1699
192 503
193 422
194 233
195 407
196 498
197 471
198 225
199 723
200 323
201 604
202 378
203 262
204 119
205 384
206 154
207 311
208 422
209 269
210 272
211 170
212 234
213 287
214 230
215 216
216 230
217 178
218 358
219 214
220 237
221 246
222 334
223 514
224 709
225 448
226 757
227 712
228 547
229 1130
230 545
231 1536
232 680
233 3925
234 2931
235 1385
236 184
237 1747
238 3716
239 332
240 12974
241 69281
242 4046
243 130
244 151
245 262
246 164
247 97
248 132
249 135
250 326
251 924
252 146
253 239
254 594
255 620
256 186
257 191
258 125
259 88
260 223
261 116
262 915
263 544
264 1354
265 2510
266 220
267 743
268 518
269 1575
270 1517
271 575
272 654
273 583
274 106
275 202
276 255
277 116
278 93
279 212
280 141
281 534
282 1419
283 1581
284 863
285 495
286 1381
287 658
288 799
289 592
290 554
291 994
292 143
293 173
294 457
295 392
296 194
297 418
298 117
299 988
300 972
301 541
302 186
303 1434
304 180
305 125
306 131
307 148
308 103
309 89
310 149
311 141
312 108
313 184
314 198
315 117
316 904
317 65
318 87
319 113
320 115
321 77
322 197
323 139
324 55
325 97
326 131
327 107
328 101
329 134
330 106
331 104
332 54
333 78
334 115
335 110
336 154
337 96
338 71
339 75
340 67
341 95
342 84
343 103
344 125
345 102
346 79
347 65
348 152
349 85
350 113
351 137
352 1723
353 100
354 97
355 68
356 85
357 2005
358 58
359 34
360 66
361 97
362 86
363 71
364 80
365 44
366 54
367 86
368 45
369 91
370 51
371 94
372 43
373 1672
374 77
375 108
376 42
377 359
378 212
379 408
380 57
381 308
382 70
383 867
384 74
385 299
386 323
387 201
388 295
389 363
390 417
391 53
392 346
393 1282
394 231
395 337
396 481
397 124
398 74
399 53
400 75
401 256
402 24
403 401
404 153
405 1154
406 435
407 279
408 126
409 60
410 900
411 209
412 490
413 196
414 46
415 34
416 52
417 69
418 93
419 142
420 48
421 44
422 57
423 37
424 21
425 50
426 40
427 36
428 46
429 54
430 56
431 32
432 63
433 76
434 34
435 44
436 1451
437 28
438 46
439 67
440 37
441 27
442 82
443 1013
444 678
445 36
446 44
447 25
448 41
449 104
450 37
451 49
452 62
453 354
454 2652
455 52
456 66
457 32
458 27
459 41
460 34
461 59
462 41
463 45
464 60
465 65
466 45
467 37
468 45
469 46
470 34
471 27
472 58
473 1573
474 48
475 51
476 66
477 59
478 1172
479 27
480 24
481 57
482 20
483 36
484 260
485 69
486 26
487 5740
488 546
489 21
490 35
491 44
492 51
493 48
494 34
495 35
496 62
497 15
498 19
499 56
500 42
501 53
502 35
503 23
504 27
505 45
506 13
507 25
508 47
509 343
510 2951
511 31
512 55
513 65
514 39
515 441
516 236
517 1965
518 57
519 240
520 31
521 27
522 22
523 210
524 993
525 88
526 442
527 18
528 45
529 16
530 42
531 83
532 31
533 35
534 2916
535 147
536 69
537 34
538 55
539 29
540 37
541 57
542 53
543 37
544 22
545 57
546 60
547 56
548 68
549 32
550 68
551 39
552 44
553 37
554 34
555 36
556 49
557 38
558 29
559 27
560 1049
561 26
562 62
563 42
564 45
565 738
566 31
567 60
568 36
569 30
570 61
571 1421
572 68
573 11
574 59
575 26
576 40
577 38
578 29
579 25
580 68
581 34
582 54
583 79
584 78
585 219
586 900
587 37
588 1318
589 54
590 68
591 46
592 34
593 24
594 2365
595 64
596 37
597 38
598 65
599 20
600 61
601 42
602 1014
603 1361
604 12
605 28
606 414
607 32
608 36
609 16
610 33
611 1053
612 29
613 24
614 180
615 1137
616 42
617 43
618 116
619 1630
620 39
621 33
622 23
623 21
624 14
625 32
626 473
627 23
628 60
629 327
630 155
631 191
632 1248
633 302
634 20
635 11
636 20
637 19
638 1146
639 11
640 17
641 12
642 2249
643 24
644 18
645 26
646 7
647 22
648 432
649 822
650 24
651 20
652 28
653 1154
654 803
655 10
656 7
657 12
658 11
659 17
660 23
661 46
662 52
663 14
664 260
665 472
666 1739
667 7
668 22
669 15
670 578
671 19
672 30
673 769
674 40
675 31
676 981
677 5202
678 1348
679 558
680 1106
681 257
682 20
683 23
684 39
685 68
686 11915
687 27
688 807
689 40
690 36
691 99
692 697
693 41
694 24
695 64
696 793
697 413
698 25
699 801
700 110
701 29
702 54
703 1358
704 966
705 15
706 3336
707 13
708 1288
709 25
710 225
711 730
712 3203
713 531
714 197
715 204
716 1229
717 1462
718 3333
719 33
720 24
721 47
722 55
723 41
724 611
725 2708
726 24
727 1190
728 16
729 24
730 2575
731 24
732 121
733 2182
734 24
735 60
736 12
737 22
738 49
739 40
740 8437
741 20
742 28
743 62
744 20
745 35
746 27
747 339
748 913
749 2470
750 723
751 561
752 349
753 90
754 22
755 142
756 22
757 12
758 59
759 22
760 37
761 23
762 37
763 22
764 18
765 385
766 5
767 884
768 6754
769 1244
770 4578
771 2293
772 1200
773 212
774 293
775 651
776 62
777 56
778 5480
779 2558
780 5957
781 2811
782 3848
783 9682
784 9263
785 6843
786 373
787 3237
788 7281
789 3195
790 2361
791 2882
792 3060
793 1393
794 511
795 5906
796 804
797 9791
798 3404
799 344
800 1743
801 72
802 1498
803 953
804 133
805 599
806 2830
807 2849
808 5772
809 28408
810 14
811 19
812 20
813 26
814 146
815 996
816 733
817 35
818 1714
819 116
820 27
821 4
822 5
823 12
824 12
825 11
826 8
827 14
828 12
829 21
830 3
831 4
832 10
833 3
834 5393
835 847
836 635
837 901
838 21
839 455
840 2195
841 14336
842 17
843 2141
844 11
845 3
846 14
847 10
848 6
849 210
850 10804
851 5
852 9
853 15
854 12
855 7
856 1043
857 3955
858 5046
859 378
860 7306
861 1204
862 3887
863 4324
864 946
865 4
866 6
867 5
868 4
869 16
870 72
871 9
872 1
873 1
874 3
875 6
876 3
877 3
878 1
879 2
880 11
881 7
882 10
883 23
884 6
885 53
886 20
887 23
888 7
889 5
890 4
891 5
892 3
893 6
894 20
895 4
896 64
897 3
898 2
899 34
900 5
901 26
902 31
903 8
904 2
905 3
906 5
907 5
908 4
909 3
910 4
911 14
912 62
913 36
914 8
915 6
916 3
917 44
918 31
919 6
920 12
921 12
922 19
923 4
924 3
925 11
926 13
927 16
928 7
929 11
930 3
932 1
933 2
934 2
935 1
937 5
938 2
939 1
940 6
941 7
942 3
943 19
944 2
945 12
946 6
947 4
948 7
949 13
950 3
951 31
952 2
953 11
954 14
955 9
956 6
957 9
958 10
959 8
960 10
961 3
962 8
963 9
964 6
965 4
966 1
967 3
968 2
969 5
970 7
971 4
972 4
973 13
974 5
975 2
976 3
977 2
978 1
979 1
980 2
981 3
982 1
983 4
984 3
985 8
986 5
987 1
991 2
992 7
993 4
994 5
995 4
996 5
997 3
998 3
999 5
1000 3
1001 4
1002 4
1003 1
1004 3
1005 1
1007 3
1010 2
1011 1
1012 1
1013 1
1014 3
1015 18
1016 31
1017 4
1018 3
1019 9
1020 9
1021 7
1022 11
1023 3
1024 3
1025 5
1026 3
1027 2
1028 11
1029 4
1030 38
1031 3
1032 7
1033 4
1034 4
1035 2
1036 3
1037 9
1038 1
1039 6
1040 8
1041 5
1042 3
1043 2
1044 1
1045 6
1046 3
1047 7
1048 4
1049 2
1050 1
1051 3
1052 3
1053 1
1054 1
1055 2
1056 3
1057 2
1058 2
1059 1
1060 1
1061 1
1062 3
1063 3
1064 1
1065 2
1066 6
1067 2
1068 2
1069 2
1070 4
1071 3
1072 3
1073 4
1074 3
1075 2
1077 1
1078 3
1079 3
1080 3
1081 2
1083 2
1084 2
1085 4
1086 3
1087 2
1088 3
1089 8
1090 2
1091 2
1092 1
1093 2
1094 3
1095 2
1096 2
1097 3
1098 2
1099 2
1100 2
1101 3
1102 1
1103 6
1104 7
1105 4
1106 5
1107 4
1108 3
1109 2
1110 2
1111 3
1112 3
1113 2
1114 2
1115 2
1116 3
1117 1
1118 1
1119 2
1120 1
1121 3
1123 3
1124 1
1125 6
1126 1
1127 2
1128 2
1129 3
1130 1
1131 3
1132 1
1133 4
1134 3
1135 5
1136 4
1137 2
1138 1
1139 1
1140 3
1141 4
1142 2
1143 2
1144 3
1145 4
1146 3
1147 1
1148 3
1149 2
1150 2
1151 1
1152 2
1153 1
1154 2
1155 1
1156 7
1157 2
1158 1
1159 1
1160 4
1161 3
1162 2
1163 2
1164 2
1165 4
1166 5
1167 1
1168 3
1169 4
1170 1
1171 8
1172 1
1174 1
1176 1
1180 1
1184 4
1185 3
1186 5
1187 5
1188 1
1189 5
1190 3
1191 2
1192 6
1194 4
1195 3
1196 1
1197 2
1198 2
1199 3
1200 6
1201 5
1202 5
1203 2
1204 7
1205 9
1206 11
1207 6
1208 8
1209 5
1210 1
1211 2
1212 4
1213 5
1214 4
1215 5
1216 3
1217 7
1218 4
1219 5
1220 7
1221 4
1222 4
1223 5
1224 9
1225 10
1226 6
1227 9
1228 4
1229 6
1230 1
1231 2
1232 3
1233 7
1234 3
1235 2
1236 6
1237 6
1238 2
1239 2
1240 2
1241 1
1242 3
1243 3
1244 2
1245 1
1246 1
1247 1
1248 1
1249 1
1250 2
1251 6
1252 3
1253 1
1254 4
1255 4
1256 2
1257 1
1258 4
1259 2
1260 3
1261 4
1262 2
1264 2
1265 7
1266 10
1267 3
1268 1
1269 2
1270 3
1271 10
1272 1
1273 4
1274 1
1275 5
1276 2
1277 5
1278 2
1280 11
1281 3
1282 1
1283 3
1284 5
1285 1
1286 3
1287 3
1288 5
1289 1
1290 4
1291 4
1292 1
1293 2
1294 4
1295 3
1296 9
1297 4
1298 9
1299 2
1300 6
1301 11
1302 4
1303 7
1304 5
1305 7
1306 10
1307 4
1308 2
1309 3
1310 6
1311 6
1312 6
1313 5
1314 3
1315 13
1316 6
1317 9
1318 4
1319 11
1320 3
1321 5
1322 15
1323 18
1324 10
1325 11
1326 8
1327 6
1328 4
1329 4
1330 4
1331 5
1333 2
1335 2
1336 1
1337 4
1338 2
1339 3
1340 2
1341 6
1342 5
1343 5
1344 7
1345 4
1346 5
1347 4
1348 5
1349 2
1350 2
1351 1
1352 2
1353 6
1354 2
1356 2
1358 1
1360 4
1363 2
1364 2
1366 1
1369 1
1371 1
1372 2
1373 4
1374 2
1376 1
1377 1
1379 1
1382 1
1386 1
1388 1
1390 2
1391 1
1393 1
1394 2
1396 2
1397 1
1398 1
1402 1
1405 1
1406 1
1407 2
1408 1
1411 1
1412 2
1414 3
1416 1
1418 1
1420 5
1424 1
1426 1
1429 2
1434 1
1443 1
1444 1
1446 1
1448 2
1453 1
1454 4
1457 2
1459 1
1461 1
1466 1
1468 2
1470 1
1471 1
1473 1
1475 3
1479 1
1480 1
1482 6
1484 2
1485 1
1486 1
1488 1
1490 1
1491 3
1492 2
1493 1
1494 3
1497 1
1499 2
1501 1
1505 2
1507 1
1511 1
1512 2
1514 2
1516 2
1518 2
1520 1
1522 2
1523 2
1524 2
1526 6
1528 3
1529 1
1530 4
1532 2
1533 2
1534 3
1536 3
1543 1
1547 1
1554 2
1557 1
1558 1
1561 1
1563 1
1567 4
1568 1
1570 2
1571 1
1572 1
1573 2
1575 2
1577 1
1578 4
1579 1
1581 2
1583 2
1585 1
1589 1
1590 1
1592 3
1594 1
1596 2
1598 1
1601 9
1603 1
1605 1
1609 4
1611 3
1614 1
1616 2
1618 3
1620 2
1642 2
1645 1
1647 3
1649 1
1651 2
1653 3
1655 2
1656 2
1659 4
1663 4
1665 3
1672 2
1674 2
1676 1
1678 3
1679 2
1680 2
1684 1
1688 2
1692 1
1694 1
1696 2
1698 1
1699 1
1700 5
1702 3
1709 2
1713 3
1715 1
1717 1
1722 2
1724 1
1726 1
1728 1
1730 1
1732 1
1734 1
1736 1
1738 1
1740 3
1742 2
1744 1
1752 1
1758 2
1767 1
1773 1
1775 1
1778 3
1779 1
1784 2
1785 3
1786 1
1787 1
1789 1
1791 2
1793 2
1794 1
1795 1
1797 4
1799 3
1801 1
1805 1
1811 1
1813 3
1815 1
1819 6
1822 1
1825 1
1826 1
1827 1
1828 1
1829 2
1832 2
1840 1
1845 1
1848 1
1850 1
1851 3
1853 1
1855 1
1859 1
1861 2
1863 1
1865 4
1867 1
1871 1
1872 1
1873 1
1875 2
1877 2
1879 1
1880 1
1881 2
1883 1
1886 1
1889 1
1891 6
1893 2
1895 5
1896 2
1898 1
1900 2
1902 5
1903 1
1904 1
1905 3
1907 2
1909 2
1911 1
1915 1
1916 2
1920 1
1921 2
1922 1
1923 2
1924 1
1927 2
1928 1
1929 2
1937 1
1938 3
1939 1
1940 2
1941 1
1945 1
1947 1
1949 1
1950 2
1951 1
1952 1
1954 2
1956 1
1957 1
1958 1
1960 1
1962 1
1964 1
1975 1
1982 1
1983 1
1996 7
2009 1
2017 1
2021 1
2024 1
2025 1
2027 1
2028 1
2031 1
2033 1
2035 2
2037 3
2038 1
2039 6
2041 2
2042 4
2047 1
2049 1
2055 1
2067 3
2068 1
2071 1
2073 2
2077 3
2080 1
2082 1
2083 1
2084 1
2086 1
2088 2
2089 1
2090 2
2092 1
2093 1
2096 1
2097 1
2098 4
2100 1
2102 1
2104 1
2106 8
2108 5
2114 1
2120 1
2129 3
2130 1
2131 5
2132 1
2133 1
2135 1
2137 2
2139 1
2146 2
2150 2
2152 4
2153 6
2155 1
2157 1
2159 1
2163 1
2164 2
2166 1
2170 1
2171 1
2172 2
2174 2
2178 1
2180 1
2182 1
2184 1
2186 2
2188 1
2191 1
2192 2
2194 1
2196 1
2197 1
2200 1
2202 1
2207 2
2211 1
2213 1
2215 1
2217 2
2219 1
2225 2
2227 1
2233 3
2235 1
2239 1
2241 1
2245 1
2246 1
2251 2
2253 1
2255 2
2257 3
2259 1
2260 1
2261 1
2265 1
2267 3
2269 1
2271 1
2280 2
2282 3
2284 4
2286 1
2288 1
2292 1
2294 1
2298 1
2304 1
2308 2
2310 1
2316 3
2317 1
2319 1
2323 2
2325 1
2326 2
2332 2
2334 9
2337 2
2339 1
2341 1
2343 1
2345 3
2347 2
2348 1
2350 1
2352 1
2358 1
2360 2
2362 1
2363 1
2366 1
2368 1
2371 1
2372 2
2376 15
2378 1
2379 1
2380 4
2382 5
2384 1
2386 1
2388 2
2390 1
2392 1
2394 7
2396 6
2398 2
2400 4
2402 2
2404 6
2405 2
2406 1
2407 1
2409 2
2411 2
2414 1
2417 1
2418 2
2419 4
2422 1
2423 1
2424 2
2430 3
2431 1
2433 1
2435 1
2439 3
2440 1
2441 4
2443 1
2447 2
2449 2
2452 1
2453 4
2454 1
2455 3
2457 4
2459 6
2460 1
2461 4
2463 2
2464 2
2465 1
2467 4
2469 1
2471 1
2472 1
2475 3
2481 2
2482 1
2485 2
2486 1
2487 1
2495 1
2497 1
2498 2
2500 1
2501 1
2502 1
2504 1
2505 2
2507 1
2509 1
2510 2
2511 1
2515 1
2517 3
2519 2
2521 5
2523 1
2524 3
2525 1
2527 3
2530 5
2532 3
2534 5
2536 1
2539 1
2540 1
2542 4
2544 1
2546 4
2548 1
2549 3
2550 1
2551 4
2553 1
2554 3
2555 5
2557 2
2561 1
2563 1
2564 1
2565 1
2567 1
2569 1
2571 2
2572 2
2573 4
2574 4
2575 1
2581 2
2587 1
2589 1
2592 1
2593 2
2595 1
2596 1
2597 3
2598 1
2599 2
2601 1
2602 1
2605 1
2607 1
2608 1
2609 5
2610 1
2613 2
2615 4
2616 3
2618 3
2620 2
2621 3
2622 3
2623 4
2624 2
2625 1
2626 1
2627 2
2628 1
2629 2
2631 3
2633 4
2636 2
2637 1
2639 2
2641 1
2643 2
2644 2
2649 1
2651 1
2652 6
2656 1
2657 4
2658 2
2659 1
2660 2
2663 1
2665 4
2675 5
2676 1
2684 1
2685 2
2692 2
2694 2
2696 3
2698 3
2699 1
2701 5
2703 2
2704 2
2705 1
2707 1
2708 2
2710 3
2712 2
2714 3
2716 2
2720 2
2722 2
2724 1
2726 2
2728 1
2731 2
2733 6
2735 6
2737 4
2738 1
2739 1
2740 1
2741 4
2742 3
2743 2
2744 3
2746 2
2747 1
2748 1
2749 3
2750 1
2751 1
2752 2
2754 2
2755 1
2756 1
2757 1
2758 2
2760 1
2762 2
2763 1
2764 1
2766 2
2767 7
2768 1
2769 2
2771 3
2773 4
2776 3
2780 3
2782 2
2787 2
2789 7
2791 1
2794 2
2796 2
2797 1
2799 2
2801 4
2803 3
2806 2
2808 2
2810 3
2811 4
2812 1
2813 2
2817 3
2819 11
2823 3
2825 2
2828 1
2830 1
2836 9
2837 1
2839 2
2841 4
2843 7
2845 10
2847 2
2849 2
2851 6
2853 6
2855 7
2857 4
2859 10
2861 11
2862 7
2864 2
2866 6
2869 2
2870 5
2872 8
2875 2
2877 22
2879 13
2887 6
2889 9
2891 25
2893 4
2897 5
2899 1
2901 1
2902 1
2903 3
2904 3
2905 4
2906 6
2908 2
2910 3
2912 3
2914 4
2916 2
2918 2
2920 2
2922 5
2924 1
2926 2
2928 2
2930 3
2934 1
2935 1
2936 2
2938 2
2940 1
2941 1
2942 5
2944 1
2946 1
2949 3
2951 3
2953 4
2955 2
2957 9
2959 2
2961 1
2963 4
2965 2
2967 4
2969 5
2971 1
2973 14
2975 8
2977 7
2979 1
2980 5
2984 3
2986 1
2988 1
2990 3
2992 11
2994 3
2995 1
2996 2
2998 1
3000 1
3002 1
3003 8
3004 8
3005 20
3006 1
3007 7
3009 6
3010 1
3011 1
3012 3
3014 3
3016 3
3018 4
3020 4
3022 7
3024 1
3025 1
3026 1
3027 9
3028 1
3029 1
3031 1
3033 5
3034 1
3035 3
3036 7
3037 1
3039 4
3041 6
3043 6
3048 8
3050 2
3051 1
3052 1
3053 7
3055 3
3057 3
3059 2
3060 3
3062 9
3064 8
3066 16
3068 10
3070 5
3072 13
3074 8
3075 3
3076 1
3078 6
3079 1
3080 3
3082 1
3084 1
3086 2
3089 4
3090 3
3092 1
3094 1
3099 3
3101 2
3103 4
3104 1
3105 5
3106 3
3107 3
3108 5
3109 2
3110 3
3112 4
3114 3
3118 2
3120 15
3122 1
3124 2
3125 3
3126 1
3129 2
3131 2
3133 1
3135 2
3136 5
3139 11
3143 15
3148 4
3150 1
3152 1
3154 7
3158 3
3159 4
3161 1
3163 1
3165 9
3167 9
3169 6
3171 2
3173 2
3175 1
3177 8
3179 7
3193 1
3210 2
3219 1
3227 8
3229 6
3230 1
3231 3
3233 3
3235 3
3237 4
3240 6
3242 3
3244 3
3246 10
3248 4
3249 2
3250 5
3251 4
3253 13
3256 1
3257 1
3259 1
3260 5
3261 6
3262 7
3263 12
3264 24
3265 2
3266 1
3267 2
3268 23
3269 1
3270 20
3271 2
3272 4
3273 28
3274 1
3275 1
3276 13
3277 6
3278 1
3279 23
3280 1
3281 5
3282 4
3283 33
3284 1
3285 24
3286 2
3287 5
3288 1
3289 7
3290 1
3291 18
3292 18
3293 3
3294 8
3295 3
3296 6
3297 27
3298 1
3299 3
3300 9
3301 1
3302 22
3303 5
3304 17
3305 4
3306 6
3307 4
3308 2
3309 2
3310 2
3311 1
3312 13
3313 17
3314 3
3315 6
3316 5
3317 14
3318 8
3319 7
3320 6
3321 4
3322 7
3323 6
3324 28
3325 14
3326 3
3327 1
3328 2
3329 32
3330 2
3331 1
3332 6
3333 15
3334 9
3335 9
3336 5
3337 5
3338 1
3339 2
3340 3
3341 1
3342 1
3343 1
3344 1
3345 1
3346 1
3347 5
3348 1
3349 4
3350 1
3351 1
3352 1
3353 1
3354 4
3355 3
3356 1
3357 1
3358 4
3359 8
3360 9
3361 22
3362 6
3363 1
3364 1
3365 1
3366 1
3367 1
3368 1
3369 1
3370 1
3371 1
3372 1
3373 5
3374 21
3375 1
3376 1
3377 1
3378 1
3379 1
3380 4
3381 4
3382 1
3383 1
3384 1
3385 1
3386 2
3387 18
3388 3
3389 8
3390 1
3391 12
3392 1
3393 6
3394 7
3395 4
3396 1
3397 19
3398 13
3399 2
3400 12
3401 6
3402 7
3403 8
3404 3
3405 16
3406 2
3407 4
3408 12
3409 4
3410 13
3411 1
3412 1
3413 1
3414 1
3415 13
3416 8
3417 13
3418 5
3419 2
3420 12
3421 30
3422 40
3423 1
3424 1
3425 8
3426 1
3427 4
3428 14
3429 1
3430 1
3431 14
3432 1
3433 9
3434 13
3435 6
3436 5
3437 2
3438 24
3439 1
3440 17
3441 3
3442 3
3443 12
3444 9
3445 1
3446 1
3447 1
3448 1
3449 1
3450 2
3451 3
3452 1
3453 20
3454 2
3455 5
3456 1
3457 1
3458 1
3459 5
3460 1
3461 2
3462 10
3463 1
3464 5
3465 3
3466 6
3467 22
3468 5
3469 1
3470 4
3471 1
3472 3
3473 3
3474 7
3475 5
3476 20
3477 2
3478 2
3479 2
3480 1
3481 5
3482 28
3483 1
3484 22
3485 5
3486 6
3487 3
3488 4
3489 1
3490 39
3491 10
3492 4
3493 4
3494 3
3495 1
3496 22
3497 5
3498 4
3499 9
3500 2
3501 2
3502 2
3503 7
3504 1
3505 28
3506 1
3507 6
3508 5
3509 2
3510 4
3511 51
3512 1
3513 5
3514 4
3515 8
3516 3
3517 1
3518 14
3519 3
3520 1
3521 25
3522 14
3523 8
3524 18
3525 2
3526 2
3527 1
3528 3
3529 2
3530 2
3531 1
3532 5
3533 2
3534 2
3535 28
3536 18
3537 22
3538 1
3539 1
3540 1
3541 1
3542 1
3543 1
3544 28
3545 1
3546 1
3547 10
3548 1
3549 1
3550 3
3551 1
3552 2
3553 1
3554 3
3555 2
3556 22
3557 3
3558 5
3559 6
3560 10
3561 7
3562 1
3563 6
3564 8
3565 1
3566 1
3567 4
3568 3
3569 1
3570 13
3571 1
3572 1
3573 1
3574 15
3575 2
3576 2
3577 2
3578 14
3579 3
3580 1
3581 1
3582 1
3583 18
3584 1
3585 5
3586 1
3587 1
3588 22
3589 4
3590 11
3591 1
3592 1
3593 1
3594 10
3595 3
3596 1
3597 14
3598 1
3599 2
3600 7
3601 1
3602 1
3603 2
3604 3
3605 22
3606 1
3607 1
3608 1
3609 1
3610 1
3611 13
3612 5
3613 5
3614 1
3615 11
3616 1
3617 1
3618 1
3619 5
3620 1
3621 15
3622 1
3623 1
3624 1
3625 6
3626 1
3627 1
3628 1
3629 3
3630 2
3631 5
3632 1
3633 2
3634 2
3635 2
3636 2
3637 3
3638 3
3639 3
3640 3
3641 2
3642 3
3643 4
3644 1
3645 1
3646 5
3647 3
3648 2
3649 3
3650 14
3651 7
3652 6
3653 4
3654 1
3655 1
3656 6
3657 6
3658 4
3659 1
3660 2
3661 10
3662 4
3663 45
3664 1
3665 16
3666 9
3667 11
3668 8
3669 1
3670 1
3671 2
3672 3
3673 1
3674 1
3675 5
3676 4
3677 4
3678 1
3679 1
3680 1
3681 1
3682 3
3683 20
3684 7
3685 8
3686 3
3687 2
3688 1
3689 1
3690 2
3691 2
3692 1
3693 3
3694 1
3695 1
3696 26
3697 9
3698 1
3699 28
3700 3
3701 3
3702 1
3703 1
3704 9
3705 1
3706 11
3707 2
3708 7
3709 1
3710 17
3711 1
3712 6
3713 20
3714 5
3715 1
3716 2
3717 2
3718 5
3719 3
3720 1
3721 1
3722 3
3723 2
3724 1
3725 1
3726 24
3727 2
3728 8
3729 2
3730 3
3731 14
3732 1
3733 1
3734 4
3735 13
3736 4
3737 12
3738 20
3739 5
3740 1
3741 27
3742 5
3743 4
3744 1
3745 1
3746 1
3747 9
3748 1
3749 1
3750 1
3751 1
3752 1
3753 1
3754 1
3755 1
3756 15
3757 2
3758 1
3759 1
3760 1
3761 1
3762 3
3763 1
3764 4
3765 1
3766 5
3767 3
3768 1
3769 1
3770 1
3771 3
3772 1
3773 26
3774 1
3775 1
3776 1
3777 1
3778 1
3779 1
3780 1
3781 1
3782 1
3783 1
3784 1
3785 1
3786 1
3787 1
3788 2
3789 1
3790 1
3791 1
3792 1
3793 1
3794 1
3795 41
3796 1
3797 1
3798 1
3799 1
3800 10
3801 1
3802 1
3803 1
3804 1
3805 1
3806 1
3807 1
3808 1
3809 1
3810 1
3811 1
3812 1
3813 1
3814 1
3815 1
3816 1
3817 7
3818 29
3819 1
3820 1
3821 1
3822 1
3823 1
3824 1
3825 28
3826 1
3827 1
3828 1
3829 1
3830 1
3831 1
3832 1
3833 2
3834 1
3835 11
3836 4
3837 5
3838 4
3839 12
3840 1
3841 1
3842 1
3843 4
3844 1
3845 1
3846 2
3847 17
3848 1
3849 1
3850 1
3851 6
3852 8
3853 6
3854 1
3855 1
3856 1
3857 1
3858 1
3859 1
3860 1
3861 36
3862 13
3863 12
3864 4
3865 1
3866 6
3867 5
3868 5
3869 2
3870 13
3871 1
3872 2
3873 2
3874 2
3875 2
3876 2
3877 4
3878 2
3879 9
3880 1
3881 5
3882 1
3883 1
3884 1
3885 1
3886 1
3887 1
3888 1
3889 2
3890 10
3891 1
3892 2
3893 8
3894 1
3895 1
3896 1
3897 1
3898 2
3899 2
3900 3
3901 3
3902 3
3903 4
3904 4
3905 3
3906 11
3907 2
3908 1
3909 1
3910 1
3911 2
3912 2
3913 10
3914 1
3915 1
3916 1
3917 3
3918 2
3919 2
3920 11
3921 2
3922 2
3923 1
3924 1
3925 1
3926 1
3927 1
3928 2
3929 2
3930 2
3931 1
3932 1
3933 2
3934 2
3935 3
3936 19
3937 1
3938 1
3939 1
3940 1
3941 3
3942 4
3943 3
3944 16
3945 4
3946 1
3947 1
3948 6
3949 1
3950 1
3951 1
3952 1
3953 11
3954 1
3955 3
3956 1
3957 2
3958 8
3959 10
3960 1
3961 3
3962 5
3963 11
3964 2
3965 4
3966 2
3967 2
3968 4
3969 7
3970 2
3971 14
3972 2
3973 5
3974 1
3975 1
3976 1
3977 1
3978 4
3979 1
3980 23
3981 12
3982 2
3983 1
3984 23
3985 6
3986 3
3987 10
3988 6
3989 1
3990 12
3991 9
3992 1
3993 4
3994 4
3995 10
3996 28
3997 10
3998 3
3999 4
4000 1
4001 3
4002 1
4003 1
4004 1
4005 4
4006 1
4007 1
4008 7
4009 9
4010 34
4011 1
4012 6
4013 8
4014 2
4015 9
4016 5
4017 11
4018 9
4019 1
4020 1
4021 4
4022 2
4023 1
4024 1
4025 1
4026 3
4027 13
4028 9
4029 2
4030 4
4031 5
4032 1
4033 1
4034 10
4035 5
4036 12
4037 12
4038 5
4039 2
4040 2
4041 1
4042 2
4043 1
4044 1
4045 2
4046 2
4047 2
4048 10
4049 2
4050 2
4051 2
4052 18
4053 2
4054 1
4055 20
4056 1
4057 1
4058 19
4059 1
4060 1
4061 1
4062 1
4063 1
4064 1
4065 1
4066 1
4067 1
4068 32
4069 32
4070 6
4071 5
4072 1
4073 2
4074 20
4075 10
4076 1
4077 4
4078 1
4079 1
4080 1
4081 1
4082 1
4083 10
4084 22
4085 1
4086 1
4087 9
4088 9
4089 7
4090 4
4091 8
4092 20
4093 3
4094 1
4095 7
4096 12
4097 1
4098 1
4099 1
4100 2
4101 1
4102 1
4103 2
4104 1
4105 35
4106 1
4107 1
4108 1
4109 33
4110 12
4111 2
4112 1
4113 6
4114 26
4115 1
4116 34
4117 39
4118 5
4119 22
4120 5
4121 1
4122 12
4123 12
4124 51
4125 1
4126 1
4127 1
4128 117
4129 12
4130 3
4131 117
4132 86
4133 4
4134 7
4135 9
4136 14
4137 17
4138 1
4139 16
4140 1
4141 1
4142 1
4143 31
4144 1
4145 1
4146 1
4147 1
4148 1
4149 1
4150 1
4151 1
4152 2
4153 2
4154 5
4155 2
4156 7
4157 31
4158 3
4159 5
4160 4
4161 4
4162 2
4163 14
4164 8
4165 2
4166 1
4167 1
4168 1
4169 1
4170 33
4171 1
4172 1
4173 1
4174 1
4175 1
4176 1
4177 1
4178 1
4179 1
4180 1
4181 1
4182 1
4183 1
4184 10
4185 1
4186 2
4187 2
4188 50
4189 1
4190 1
4191 1
4192 1
4193 1
4194 1
4195 4
4196 1
4197 1
4198 1
4199 1
4200 1
4201 1
4202 2
4203 1
4204 1
4205 1
4206 1
4207 1
4208 1
4209 1
4210 1
4211 1
4212 1
4213 2
4214 1
4215 1
4216 1
4217 1
4218 1
4219 1
4220 1
4221 1
4222 1
4223 1
4224 1
4225 1
4226 1
4227 1
4228 1
4229 1
4230 1
4231 1
4232 1
4233 1
4234 1
4235 1
4236 1
4237 1
4238 1
4239 2
4240 23
4241 6
4242 12
4243 1
4244 63
4245 2
4246 28
4247 2
4248 1
4249 2
4250 2
4251 7
4252 3
4253 1
4254 2
4255 1
4256 3
4257 3
4258 2
4259 1
4260 7
4261 8
4262 2
4263 4
4264 1
4265 10
4266 1
4267 3
4268 6
4269 1
4270 4
4271 1
4272 1
4273 2
4274 1
4275 9
4276 43
4277 16
4278 35
4279 1
4280 12
4281 12
4282 2
4283 41
4284 6
4285 1
4286 1
4287 7
4288 1
4289 7
4290 1
4291 2
4292 5
4293 1
4294 2
4295 2
4296 2
4297 1
4298 18
4299 1
4300 6
4301 9
4302 19
4303 7
4304 17
4305 19
4306 1
4307 1
4308 5
4309 14
4310 1
4311 7
4312 2
4313 2
4314 3
4315 4
4316 68
4317 1
4318 1
4319 15
4320 6
4321 2
4322 25
4323 20
4324 1
4325 1
4326 2
4327 4
4328 4
4329 3
4330 19
4331 2
4332 1
4333 20
4334 1
4335 4
4336 2
4337 1
4338 11
4339 1
4340 1
4341 3
4342 10
4343 1
4344 1
4345 1
4346 1
4347 1
4348 1
4349 4
4350 2
4351 8
4352 31
4353 1
4354 1
4355 1
4356 6
4357 1
4358 5
4359 5
4360 1
4361 1
4362 6
4363 10
4364 2
4365 2
4366 12
4367 1
4368 12
4369 2
4370 1
4371 1
4372 1
4373 2
4374 14
4375 10
4376 8
4377 5
4378 7
4379 2
4380 6
4381 6
4382 2
4383 7
4384 1
4385 1
4386 2
4387 12
4388 8
4389 18
4390 1
4391 56
4392 1
4393 262
4394 1
4395 1
4396 1
4397 1
4398 1
4399 1
4400 5
4401 1
4402 1
4403 1
4404 1
4405 1
4406 3
4407 2
4408 1
4409 1
4410 2
4411 2
4412 3
4413 7
4414 1
4415 1
4416 1
4417 1
4418 1
4419 1
4420 3
4421 1
4422 1
4423 13
4424 2
4425 2
4426 4
4427 1
4428 7
4429 1
4430 1
4431 1
4432 4
4433 1
4434 2
4435 3
4436 1
4437 6
4438 5
4439 22
4440 18
4441 2
4442 1
4443 1
4444 2
4445 63
4446 1
4447 1
4448 1
4449 1
4450 1
4451 3
4452 4
4453 1
4454 1
4455 1
4456 1
4457 1
4458 9
4459 3
4460 8
4461 1
4462 9
4463 27
4464 13
4465 3
4466 14
4467 10
4468 7
4469 19
4470 2
4471 5
4472 17
4473 14
4474 14
4475 1
4476 10
4477 26
4478 1
4479 1
4480 1
4481 25
4482 1
4483 17
4484 5
4485 36
4486 45
4487 6
4488 3
4489 5
4490 2
4491 4
4492 56
4493 1
4494 4
4495 1
4496 1
4497 1
4498 1
4499 1
4500 1
4501 3
4502 1
4503 1
4504 1
4505 6
4506 2
4507 1
4508 1
4509 1
4510 1
4511 1
4512 1
4513 6
4514 1
4515 8
4516 14
4517 27
4518 4
4519 4
4520 10
4521 4
4522 10
4523 1
4524 15
4525 16
4526 2
4527 11
4528 13
4529 3
4530 10
4531 1
4532 7
4533 5
4534 2
4535 5
4536 14
4537 1
4538 1
4539 1
4540 1
4541 11
4542 1
4543 1
4544 4
4545 34
4546 5
4547 15
4548 1
4549 1
4550 4
4551 9
4552 32
4553 8
4554 2
4555 5
4556 4
4557 10
4558 2
4559 2
4560 1
4561 5
4562 155
4563 1
4564 1
4565 1
4566 1
4567 1
4568 3
4569 2
4570 1
4571 1
4572 6
4573 2
4574 1
4575 2
4576 6
4577 1
4578 1
4579 1
4580 1
4581 1
4582 22
4583 1
4584 2
4585 3
4586 4
4587 55
4588 1
4589 42
4590 2
4591 18
4592 4
4593 4
4594 15
4595 21
4596 4
4597 7
4598 10
4599 1
4600 1
4601 1
4602 1
4603 1
4604 8
4605 18
4606 4
4607 4
4608 2
4609 3
4610 4
4611 7
4612 4
4613 68
4614 5
4615 3
4616 3
4617 5
4618 3
4619 5
4620 2
4621 4
4622 4
4623 32
4624 16
4625 3
4626 6
4627 17
4628 1
4629 40
4630 5
4631 3
4632 23
4633 14
4634 6
4635 3
4636 6
4637 2
4638 13
4639 11
4640 2
4641 1
4642 7
4643 4
4644 1
4645 3
4646 1
4647 2
4648 9
4649 11
4650 21
4651 2
4652 6
4653 2
4654 28
4655 2
4656 1
4657 12
4658 4
4659 1
4660 5
4661 3
4662 1
4663 1
4664 1
4665 1
4666 27
4667 44
4668 1
4669 2
4670 8
4671 12
4672 15
4673 3
4674 2
4675 2
4676 4
4677 4
4678 10
4679 1
4680 2
4681 23
4682 4
4683 9
4684 1
4685 45
4686 1
4687 1
4688 20
4689 1
4690 1
4691 4
4692 6
4693 1
4694 1
4695 1
4696 4
4697 34
4698 92
4699 7
4700 8
4701 1
4702 13
4703 1
4704 4
4705 1
4706 1
4707 53
4708 34
4709 4
4710 1
4711 2
4712 13
4713 8
4714 3
4715 5
4716 9
4717 3
4718 5
4719 8
4720 10
4721 1
4722 1
4723 1
4724 8
4725 1
4726 2
4727 22
4728 14
4729 1
4730 2
4731 13
4732 2
4733 1
4734 1
4735 15
4736 3
4737 4
4738 23
4739 5
4740 8
4741 13
4742 29
4743 7
4744 29
4745 1
4746 165
4747 1
4748 1
4749 1
4750 1
4751 1
4752 1
4753 1
4754 1
4755 1
4756 1
4757 1
4758 1
4759 1
4760 6
4761 9
4762 4
4763 1
4764 21
4765 1
4766 1
4767 1
4768 1
4769 3
4770 2
4771 5
4772 1
4773 1
4774 1
4775 1
4776 3
4777 1
4778 2
4779 1
4780 38
4781 13
4782 13
4783 1
4784 1
4785 1
4786 1
4787 24
4788 1
4789 2
4790 1
4791 1
4792 1
4793 1
4794 1
4795 1
4796 1
4797 1
4798 1
4799 1
4800 1
4801 1
4802 1
4803 1
4804 26
4805 4
4806 27
4807 1
4808 65
4809 24
4810 14
4811 14
4812 10
4813 49
4814 1
4815 1
4816 1
4817 1
4818 1
4819 1
4820 1
4821 1
4822 19
4823 7
4824 122
4825 1
4826 1
4827 1
4828 1
4829 1
4830 21
4831 1
4832 2
4833 3
4834 5
4835 1
4836 21
4837 1
4838 54
4839 1
4840 13
4841 3
4842 1
4843 1
4844 36
4845 11
4846 15
4847 15
4848 1
4849 1
4850 33
4851 2
4852 52
4853 19
4854 1
4855 1
4856 1
4857 1
4858 3
4859 1
4860 1
4861 2
4862 1
4863 1
4864 1
4865 1
4866 6
4867 1
4868 67
4869 22
4870 26
4871 34
4872 1
4873 15
4874 103
4875 146
4876 1
4877 1
4878 20
4879 109
4880 1
4881 1
4882 1
4883 1
4884 1
4885 28
4886 65
4887 1
4888 2
4889 30
4890 853
4891 1
4892 1
4893 1
4894 5
4895 1
4896 1
4897 1
4898 1
4899 1
4900 1
4901 1
4902 1
4903 1
4904 7
4905 1
4906 1
4907 2
4908 11
4909 1
4910 1
4911 1
4912 1
4913 1
4914 1
4915 1
4916 6
4917 2
4918 1
4919 1
4920 1
4921 1
4922 1
4923 1
4924 5
4925 8
4926 19
4927 1
4928 1
4929 1
4930 1
4931 3
4932 2
4933 19
4934 3
4935 1
4936 17
4937 4
4938 11
4939 44
4940 10
4941 32
4942 4
4943 89
4944 5
4945 2
4946 17
4947 36
4948 1
4949 34
4950 11
4951 1
4952 51
4953 128
4954 10
4955 1
4956 1
4957 47
4958 14
4959 1
4960 14
4961 13
4962 6
4963 7
4964 14
4965 4
4966 18
4967 16
4968 11
4969 1
4970 1
4971 2
4972 1
4973 1
4974 7
4975 17
4976 4
4977 1
4978 1
4979 2
4980 1
4981 8
4982 15
4983 2
4984 12
4985 3
4986 14
4987 29
4988 10
4989 24
4990 17
4991 4
4992 41
4993 1
4994 13
4995 8
4996 61
4997 27
4998 46
4999 1
5000 3
5001 199
5002 93
5003 90
5004 33
5005 14
5006 8
5007 10
5008 36
5009 1
5010 4
5011 5
5012 30
5013 6
5014 8
5015 4
5016 6
5017 6
5018 4
5019 40
5020 2
5021 4
5022 9
5023 1
5024 3
5025 1
5026 5
5027 2
5028 2
5029 7
5030 2
5031 1
5032 30
5033 19
5034 1
5035 14
5036 8
5037 36
5038 8
5039 16
5040 11
5041 15
5042 1
5043 17
5044 4
5045 4
5046 7
5047 1
5048 5
5049 1
5050 1
5051 1
5052 1
5053 1
5054 1
5055 1
5056 5
5057 1
5058 3
5059 1
5060 4
5061 1
5062 3
5063 3
5064 2
5065 4
5066 1
5067 2
5068 8
5069 1
5070 11
5071 3
5072 1
5073 1
5074 2
5075 2
5076 10
5077 8
5078 8
5079 3
5080 1
5081 1
5082 2
5083 4
5084 44
5085 4
5086 11
5087 12
5088 15
5089 27
5090 3
5091 3
5092 10
5093 3
5094 2
5095 11
5096 25
5097 12
5098 4
5099 2
5100 12
5101 2
5102 1
5103 8
5104 14
5105 8
5106 10
5107 13
5108 7
5109 2
5110 2
5111 22
5112 4
5113 28
5114 11
5115 8
5116 23
5117 1
5118 31
5119 14
5120 1
5121 1
5122 1
5123 1
5124 9
5125 25
5126 8
5127 18
5128 8
5129 9
5130 4
5131 1
5132 3
5133 37
5134 1
5135 6
5136 7
5137 6
5138 11
5139 15
5140 5
5141 9
5142 25
5143 28
5144 37
5145 50
5146 34
5147 2
5148 4
5149 24
5150 14
5151 8
5152 4
5153 22
5154 13
5155 12
5156 3
5157 6
5158 8
5159 26
5160 22
5161 6
5162 10
5163 11
5164 93
5165 1
5166 8
5167 19
5168 14
5169 13
5170 7
5171 21
5172 1
5173 6
5174 8
5175 3
5176 11
5177 9
5178 17
5179 32
5180 16
5181 37
5182 10
5183 32
5184 5
5185 37
5186 15
5187 1
5188 4
5189 23
5190 9
5191 136
5192 6
5193 20
5194 8
5195 21
5196 2
5197 1
5198 20
5199 2
5200 6
5201 27
5202 28
5203 8
5204 11
5205 24
5206 17
5207 9
5208 7
5209 5
5210 2
5211 2
5212 15
5213 16
5214 687
5215 2
5216 1
5217 7
5218 3
5219 7
5220 4
5221 1
5222 1
5223 1
5224 1
5225 1
5226 1
5227 1
5228 1
5229 1
5230 1
5231 1
5232 1
5233 1
5234 3
5235 1
5236 1
5237 1
5238 1
5239 1
5240 3
5241 1
5242 2
5243 5
5244 4
5245 6
5246 3
5247 1
5248 1
5249 1
5250 1
5251 5
5252 10
5253 1
5254 10
5255 12
5256 14
5257 19
5258 3
5259 8
5260 7
5261 77
5262 21
5263 2
5264 23
5265 3
5266 9
5267 47
5268 44
5269 9
5270 19
5271 22
5272 13
5273 12
5274 20
5275 39
5276 5
5277 56
5278 31
5279 29
5280 2
5281 22
5282 6
5283 5
5284 23
5285 33
5286 2
5287 2
5288 4
5289 23
5290 5
5291 28
5292 17
5293 4
5294 3
5295 8
5296 5
5297 11
5298 3
5299 9
5300 27
5301 22
5302 47
5303 5
5304 5
5305 22
5306 3
5307 1
5308 26
5309 1
5310 5
5311 97
5312 1
5313 1
5314 1
5315 1
5316 93
5317 4
5318 41
5319 78
5320 21
5321 54
5322 12
5323 11
5324 48
5325 335
5326 1
5327 1
5328 6
5329 1
5330 1
5331 2
5332 2
5333 1
5334 1
5335 1
5336 1
5337 1
5338 1
5339 3
5340 1
5341 1
5342 1
5343 1
5344 5
5345 31
5346 1
5347 56
5348 22
5349 10
5350 3
5351 42
5352 10
5353 19
5354 18
5355 17
5356 162
5357 38
5358 1
5359 15
5360 74
5361 1
5362 12
5363 26
5364 2
5365 2
5366 17
5367 1
5368 2
5369 1
5370 1
5371 22
5372 3
5373 31
5374 87
5375 1
5376 16
5377 22
5378 1
5379 18
5380 2
5381 65
5382 1
5383 17
5384 13
5385 17
5386 2
5387 2
5388 5
5389 4
5390 27
5391 79
5392 17
5393 3
5394 1
5395 2
5396 2
5397 334
5398 2
5399 1
5400 1
5401 2
5402 1
5403 1
5404 1
5405 4
5406 3
5407 1
5408 1
5409 2
5410 2
5411 1
5412 5
5413 7
5414 1
5415 3
5416 1
5417 3
5418 2
5419 1
5420 11
5421 3
5422 7
5423 1
5424 1
5425 3
5426 3
5427 1
5428 3
5429 7
5430 16
5431 14
5432 1
5433 1
5434 3
5435 4
5436 1
5437 17
5438 1
5439 2
5440 9
5441 22
5442 17
5443 5
5444 2
5445 6
5446 2
5447 10
5448 20
5449 16
5450 1
5451 53
5452 2
5453 2
5454 1
5455 26
5456 37
5457 13
5458 32
5459 13
5460 1
5461 37
5462 12
5463 6
5464 13
5465 3
5466 1
5467 1
5468 17
5469 1
5470 1
5471 1
5472 2
5473 1
5474 8
5475 44
5476 1
5477 83
5478 2
5479 37
5480 17
5481 107
5482 7
5483 11
5484 6
5485 1
5486 9
5487 2
5488 1
5489 9
5490 1
5491 31
5492 1
5493 43
5494 1
5495 14
5496 18
5497 5
5498 21
5499 275
5500 123
5501 22
5502 515
5503 1
5504 16
5505 2
5506 3
5507 12
5508 31
5509 137
5510 12
5511 9
5512 1
5513 1
5514 37
5515 30
5516 2
5517 2
5518 150
5519 83
5520 64
5521 268
5522 2
5523 127
5524 20
5525 8
5526 17
5527 5
5528 2
5529 14
5530 2
5531 1
5532 45
5533 36
5534 56
5535 2
5536 16
5537 28
5538 6
5539 38
5540 1
5541 19
5542 27
5543 30
5544 1
5545 1
5546 1
5547 6
5548 2
5549 11
5550 18
5551 2
5552 85
5553 1
5554 65
5555 1
5556 3
5557 1
5558 1
5559 1
5560 1
5561 1
5562 1
5563 3
5564 5
5565 2
5566 41
5567 3
5568 4
5569 22
5570 1
5571 9
5572 7
5573 1
5574 14
5575 1
5576 3
5577 3
5578 1
5579 1
5580 1
5581 2
5582 14
5583 1
5584 5
5585 8
5586 1
5587 1
5588 7
5589 1
5590 2
5591 1
5592 1
5593 2
5594 3
5595 2
5596 13
5597 3
5598 1
5599 11
5600 5
5601 2
5602 1
5603 9
5604 1
5605 1
5606 1
5607 4
5608 2
5609 2
5610 2
5611 3
5612 14
5613 10
5614 3
5615 1
5616 1
5617 1
5618 2
5619 1
5620 1
5621 16
5622 26
5623 1
5624 1
5625 1
5626 1
5627 11
5628 1
5629 2
5630 2
5631 13
5632 1
5633 1
5634 1
5635 1
5636 1
5637 1
5638 1
5639 1
5640 1
5641 1
5642 1
5643 1
5644 1
5645 1
5646 11
5647 16
5648 1
5649 8
5650 22
5651 1
5652 1
5653 7
5654 8
5655 2
5656 4
5657 2
5658 8
5659 1
5660 12
5661 1
5662 66
5663 1
5664 1
5665 1
5666 1
5667 1
5668 1
5669 1
5670 1
5671 1
5672 1
5673 1
5674 1
5675 9
5676 11
5677 1
5678 6
5679 6
5680 1
5681 3
5682 6
5683 1
5684 3
5685 1
5686 5
5687 5
5688 4
5689 1
5690 2
5691 1
5692 6
5693 36
5694 11
5695 1
5696 4
5697 1
5698 26
5699 2
5700 1
5701 4
5702 13
5703 1
5704 1
5705 1
5706 4
5707 1
5708 1
5709 9
5710 24
5711 9
5712 1
5713 12
5714 19
5715 1
5716 3
5717 8
5718 1
5719 3
5720 1
5721 1
5722 1
5723 1
5724 1
5725 1
5726 1
5727 1
5728 12
5729 1
5730 8
5731 6
5732 2
5733 13
5734 1
5735 1
5736 12
5737 1
5738 1
5739 1
5740 3
5741 4
5742 1
5743 8
5744 5
5745 1
5746 3
5747 10
5748 1
5749 4
5750 1
5751 4
5752 1
5753 1
5754 1
5755 1
5756 3
5757 2
5758 2
5759 1
5760 6
5761 10
5762 1
5763 2
5764 1
5765 1
5766 1
5767 1
5768 1
5769 1
5770 7
5771 1
5772 10
5773 3
5774 1
5775 8
5776 4
5777 1
5778 13
5779 1
5780 1
5781 1
5782 1
5783 1
5784 1
5785 12
5786 2
5787 6
5788 6
5789 10
5790 3
5791 2
5792 3
5793 1
5794 3
5795 3
5796 3
5797 1
5798 1
5799 1
5800 1
5801 7
5802 3
5803 5
5804 1
5805 1
5806 1
5807 1
5808 1
5809 13
5810 2
5811 1
5812 2
5813 8
5814 1
5815 1
5816 8
5817 2
5818 3
5819 3
5820 2
5821 15
5822 1
5823 1
5824 1
5825 11
5826 22
5827 19
5828 29
5829 1
5830 2
5831 1
5832 1
5833 1
5834 1
5835 1
5836 1
5837 1
5838 42
5839 20
5840 2
5841 1
5842 13
5843 23
5844 13
5845 2
5846 8
5847 96
5848 1
5849 1
5850 1
5851 1
5852 8
5853 1
5854 1
5855 1
5856 1
5857 1
5858 1
5859 1
5860 1
5861 1
5862 1
5863 1
5864 1
5865 1
5866 2
5867 5
5868 1
5869 5
5870 26
5871 10
5872 1
5873 1
5874 1
5875 8
5876 2
5877 1
5878 1
5879 55
5880 1
5881 1
5882 5
5883 1
5884 6
5885 3
5886 14
5887 2
5888 2
5889 1
5890 11
5891 19
5892 19
5893 11
5894 1
5895 6
5896 1
5897 1
5898 2
5899 1
5900 2
5901 1
5902 1
5903 1
5904 1
5905 1
5906 1
5907 1
5908 1
5909 1
5910 1
5911 1
5912 1
5913 1
5914 1
5915 5
5916 2
5917 3
5918 2
5919 30
5920 3
5921 5
5922 17
5923 1
5924 2
5925 1
5926 1
5927 1
5928 1
5929 1
5930 1
5931 1
5932 1
5933 1
5934 1
5935 1
5936 1
5937 1
5938 1
5939 1
5940 1
5941 1
5942 12
5943 2
5944 1
5945 1
5946 1
5947 32
5948 4
5949 1
5950 1
5951 1
5952 1
5953 1
5954 31
5955 2
5956 1
5957 1
5958 23
5959 1
5960 21
5961 1
5962 1
5963 1
5964 1
5965 19
5966 3
5967 30
5968 1
5969 1
5970 11
5971 14
5972 46
5973 14
5974 2
5975 3
5976 9
5977 1
5978 9
5979 3
5980 20
5981 1
5982 9
5983 10
5984 4
5985 1
5986 1
5987 1
5988 1
5989 9
5990 4
5991 1
5992 15
5993 25
5994 23
5995 1
5996 7
5997 2
5998 3
5999 12
6000 8
6001 1
6002 5
6003 127
6004 1
6005 2
6006 1
6007 2
6008 1
6009 1
6010 1
6011 1
6012 1
6013 1
6014 1
6015 1
6016 27
6017 1
6018 1
6019 1
6020 1
6021 1
6022 1
6023 10
6024 40
6025 12
6026 72
6027 3
6028 3
6029 14
6030 4
6031 26
6032 1
6033 1
6034 17
6035 1
6036 1
6037 2
6038 2
6039 1
6040 1
6041 3
6042 2
6043 1
6044 16
6045 20
6046 26
6047 16
6048 11
6049 3
6050 18
6051 2
6052 5
6053 26
6054 1
6055 6
6056 2
6057 5
6058 26
6059 11
6060 3
6061 6
6062 4
6063 1
6064 10
6065 1
6066 1
6067 2
6068 2
6069 1
6070 1
6071 2
6072 3
6073 8
6074 1
6075 13
6076 2
6077 4
6078 4
6079 5
6080 1
6081 1
6082 2
6083 8
6084 7
6085 1
6086 6
6087 2
6088 41
6089 5
6090 12
6091 11
6092 1
6093 4
6094 278
6095 8
6096 2
6097 1
6098 2
6099 2
6100 2
6101 1
6102 1
6103 2
6104 6
6105 32
6106 3
6107 24
6108 18
6109 1
6110 41
6111 2
6112 1
6113 6
6114 133
6115 62
6116 83
6117 1
6118 100
6119 1
6120 2
6121 12
6122 2
6123 6
6124 31
6125 6
6126 11
6127 1
6128 119
6129 1
6130 1
6131 1
6132 1
6133 1
6134 1
6135 1
6136 1
6137 1
6138 2
6139 1
6140 18
6141 28
6142 19
6143 1
6144 7
6145 2
6146 12
6147 2
6148 9
6149 1
6150 12
6151 1
6152 29
6153 3
6154 5
6155 2
6156 95
6157 1
6158 1
6159 1
6160 2
6161 1
6162 70
6163 1
6164 1
6165 1
6166 1
6167 1
6168 1
6169 6
6170 3
6171 8
6172 18
6173 12
6174 1
6175 1
6176 2
6177 3
6178 1
6179 3
6180 1
6181 2
6182 1
6183 1
6184 9
6185 4
6186 3
6187 5
6188 11
6189 2
6190 1
6191 3
6192 1
6193 9
6194 22
6195 6
6196 19
6197 2
6198 5
6199 1
6200 9
6201 69
6202 71
6203 11
6204 60
6205 33
6206 1
6207 3
6208 14
6209 22
6210 40
6211 3
6212 56
6213 7
6214 19
6215 4
6216 23
6217 1
6218 1
6219 1
6220 24
6221 1
6222 1
6223 24
6224 8
6225 2
6226 3
6227 33
6228 1
6229 1
6230 1
6231 3
6232 5
6233 3
6234 1
6235 1
6236 6
6237 14
6238 9
6239 20
6240 1
6241 2
6242 4
6243 11
6244 1
6245 1
6246 1
6247 1
6248 3
6249 6
6250 52
6251 4
6252 65
6253 1
6254 12
6255 25
6256 5
6257 2
6258 11
6259 1
6260 1
6261 60
6262 1
6263 1
6264 3
6265 1
6266 4
6267 6
6268 39
6269 1
6270 10
6271 30
6272 2
6273 7
6274 14
6275 1
6276 2
6277 1
6278 26
6279 1
6280 8
6281 30
6282 3
6283 18
6284 9
6285 41
6286 1
6287 5
6288 1
6289 7
6290 4
6291 45
6292 1
6293 32
6294 43
6295 2
6296 11
6297 18
6298 6
6299 106
6300 1
6301 9
6302 6
6303 4
6304 2
6305 7
6306 1
6307 2
6308 16
6309 1
6310 1
6311 10
6312 32
6313 1
6314 1
6315 3
6316 1
6317 1
6318 15
6319 17
6320 3
6321 1
6322 7
6323 1
6324 1
6325 21
6326 8
6327 20
6328 4
6329 7
6330 16
6331 6
6332 2
6333 1
6334 10
6335 1
6336 1
6337 1
6338 3
6339 1
6340 1
6341 1
6342 1
6343 19
6344 1
6345 10
6346 19
6347 16
6348 7
6349 5
6350 9
6351 2
6352 11
6353 112
6354 1
6355 1
6356 2
6357 5
6358 44
6359 1
6360 2
6361 2
6362 51
6363 10
6364 1
6365 4
6366 1
6367 5
6368 24
6369 27
6370 1
6371 8
6372 1
6373 2
6374 20
6375 34
6376 29
6377 11
6378 5
6379 37
6380 78
6381 1
6382 3
6383 1
6384 117
6385 1
6386 1
6387 1
6388 1
6389 1
6390 1
6391 1
6392 1
6393 2
6394 8
6395 1
6396 1
6397 1
6398 1
6399 8
6400 24
6401 1
6402 2
6403 50
6404 16
6405 1
6406 1
6407 2
6408 1
6409 1
6410 29
6411 17
6412 7
6413 1
6414 1
6415 10
6416 21
6417 1
6418 16
6419 13
6420 10
6421 59
6422 2
6423 10
6424 14
6425 4
6426 24
6427 12
6428 84
6429 1
6430 1
6431 1
6432 1
6433 1
6434 1
6435 1
6436 2
6437 2
6438 1
6439 1
6440 1
6441 1
6442 1
6443 8
6444 1
6445 1
6446 1
6447 1
6448 12
6449 29
6450 2
6451 3
6452 12
6453 25
6454 7
6455 27
6456 34
6457 1
6458 1
6459 6
6460 3
6461 5
6462 58
6463 1
6464 29
6465 66
6466 6
6467 1
6468 78
6469 1
6470 1
6471 1
6472 1
6473 1
6474 2
6475 1
6476 1
6477 1
6478 1
6479 1
6480 2
6481 2
6482 30
6483 1
6484 3
6485 1
6486 14
6487 8
6488 1
6489 1
6490 4
6491 48
6492 1
6493 3
6494 2
6495 22
6496 26
6497 7
6498 2
6499 1
6500 3
6501 26
6502 6
6503 7
6504 2
6505 3
6506 15
6507 6
6508 1
6509 10
6510 9
6511 13
6512 16
6513 57
6514 9
6515 2
6516 10
6517 2
6518 1
6519 1
6520 4
6521 25
6522 3
6523 4
6524 14
6525 10
6526 31
6527 19
6528 1
6529 3
6530 6
6531 3
6532 7
6533 20
6534 9
6535 17
6536 90
6537 1
6538 1
6539 1
6540 1
6541 1
6542 1
6543 1
6544 1
6545 1
6546 17
6547 9
6548 1
6549 23
6550 2
6551 2
6552 4
6553 2
6554 13
6555 5
6556 2
6557 8
6558 14
6559 15
6560 9
6561 2
6562 37
6563 22
6564 1
6565 37
6566 20
6567 52
6568 1
6569 1
6570 10
6571 1
6572 61
6573 1
6574 2
6575 2
6576 4
6577 2
6578 10
6579 3
6580 2
6581 9
6582 2
6583 8
6584 6
6585 8
6586 3
6587 1
6588 1
6589 1
6590 1
6591 1
6592 1
6593 2
6594 11
6595 23
6596 2
6597 17
6598 3
6599 52
6600 71
6601 1
6602 4
6603 3
6604 3
6605 2
6606 2
6607 1
6608 1
6609 1
6610 2
6611 3
6612 3
6613 18
6614 5
6615 1
6616 32
6617 3
6618 12
6619 1
6620 1
6621 1
6622 1
6623 1
6624 23
6625 1
6626 2
6627 15
6628 1
6629 10
6630 1
6631 1
6632 2
6633 5
6634 6
6635 8
6636 11
6637 28
6638 1
6639 2
6640 4
6641 2
6642 4
6643 16
6644 7
6645 1
6646 11
6647 11
6648 1
6649 9
6650 1
6651 7
6652 5
6653 3
6654 26
6655 9
6656 25
6657 1
6658 1
6659 2
6660 1
6661 1
6662 1
6663 1
6664 1
6665 1
6666 3
6667 4
6668 7
6669 2
6670 4
6671 4
6672 5
6673 6
6674 9
6675 4
6676 2
6677 9
6678 6
6679 2
6680 3
6681 3
6682 30
6683 6
6684 7
6685 23
6686 7
6687 3
6688 3
6689 22
6690 28
6691 1
6692 1
6693 1
6694 1
6695 42
6696 1
6697 1
6698 3
6699 3
6700 1
6701 6
6702 1
6703 2
6704 4
6705 10
6706 4
6707 1
6708 5
6709 4
6710 2
6711 20
6712 5
6713 8
6714 1
6715 7
6716 1
6717 1
6718 1
6719 16
6720 12
6721 5
6722 1
6723 5
6724 3
6725 16
6726 3
6727 1
6728 1
6729 7
6730 1
6731 4
6732 13
6733 37
6734 2
6735 1
6736 1
6737 1
6738 1
6739 1
6740 7
6741 16
6742 1
6743 3
6744 1
6745 24
6746 1
6747 1
6748 3
6749 177
6750 1
6751 39
6752 2
6753 13
6754 6
6755 13
6756 1
6757 5
6758 1
6759 3
6760 4
6761 4
6762 1
6763 16
6764 1
6765 9
6766 4
6767 2
6768 6
6769 1
6770 58
6771 2
6772 16
6773 1
6774 45
6775 1
6776 1
6777 1
6778 1
6779 1
6780 3
6781 9
6782 37
6783 2
6784 43
6785 5
6786 1
6787 4
6788 2
6789 27
6790 24
6791 2
6792 18
6793 1
6794 18
6795 1
6796 1
6797 6
6798 1
6799 14
6800 1
6801 1
6802 6
6803 1
6804 44
6805 6
6806 15
6807 12
6808 74
6809 2
6810 1
6811 1
6812 1
6813 7
6814 21
6815 3
6816 40
6817 18
6818 10
6819 13
6820 1
6821 1
6822 19
6823 3
6824 4
6825 10
6826 3
6827 23
6828 6
6829 12
6830 9
6831 1
6832 7
6833 1
6834 10
6835 6
6836 1
6837 2
6838 1
6839 21
6840 1
6841 4
6842 2
6843 15
6844 9
6845 2
6846 18
6847 151
6848 5
6849 10
6850 7
6851 1
6852 2
6853 1
6854 1
6855 1
6856 1
6857 1
6858 6
6859 2
6860 1
6861 16
6862 17
6863 15
6864 18
6865 19
6866 60
6867 4
6868 13
6869 40
6870 3
6871 1
6872 10
6873 11
6874 1
6875 1
6876 55
6877 10
6878 2
6879 1
6880 7
6881 1
6882 1
6883 5
6884 1
6885 9
6886 38
6887 34
6888 1
6889 2
6890 3
6891 18
6892 19
6893 23
6894 7
6895 28
6896 2
6897 7
6898 4
6899 9
6900 3
6901 23
6902 17
6903 1
6904 35
6905 4
6906 1
6907 3
6908 1
6909 1
6910 15
6911 20
6912 1
6913 14
6914 25
6915 1
6916 1
6917 1
6918 1
6919 1
6920 1
6921 20
6922 19
6923 4
6924 5
6925 12
6926 1
6927 9
6928 18
6929 10
6930 2
6931 1
6932 5
6933 3
6934 9
6935 18
6936 7
6937 2
6938 10
6939 9
6940 24
6941 36
6942 2
6943 1
6944 51
6945 1
6946 1
6947 1
6948 57
6949 1
6950 1
6951 1
6952 1
6953 1
6954 2
6955 2
6956 61
6957 1
6958 1
6959 23
6960 6
6961 22
6962 1
6963 1
6964 1
6965 2
6966 1
6967 2
6968 1
6969 1
6970 1
6971 2
6972 5
6973 44
6974 32
6975 5
6976 12
6977 9
6978 4
6979 5
6980 13
6981 1
6982 1
6983 39
6984 1
6985 16
6986 4
6987 36
6988 3
6989 10
6990 29
6991 2
6992 1
6993 5
6994 3
6995 8
6996 4
6997 10
6998 1
6999 13
7000 6
7001 4
7002 44
7003 15
7004 18
7005 1
7006 15
7007 1
7008 1
7009 6
7010 29
7011 2
7012 17
7013 21
7014 3
7015 2
7016 34
7017 9
7018 25
7019 1
7020 15
7021 61
7022 54
7023 2
7024 4
7025 1
7026 1
7027 1
7028 1
7029 4
7030 28
7031 6
7032 3
7033 2
7034 1
7035 1
7036 1
7037 54
7038 1
7039 1
7040 1
7041 2
7042 1
7043 1
7044 1
7045 3
7046 2
7047 10
7048 9
7049 6
7050 1
7051 1
7052 1
7053 19
7054 1
7055 1
7056 2
7057 7
7058 2
7059 2
7060 1
7061 3
7062 21
7063 10
7064 18
7065 10
7066 2
7067 4
7068 1
7069 5
7070 25
7071 2
7072 21
7073 2
7074 28
7075 62
7076 12
7077 18
7078 2
7079 1
7080 1
7081 1
7082 7
7083 2
7084 2
7085 3
7086 2
7087 1
7088 1
7089 1
7090 17
7091 6
7092 1
7093 13
7094 1
7095 10
7096 4
7097 30
7098 8
7099 19
7100 19
7101 5
7102 189
7103 2
7104 1
7105 21
7106 19
7107 1
7108 14
7109 3
7110 9
7111 41
7112 6
7113 216
7114 2
7115 3
7116 61
7117 4
7118 5
7119 2
7120 19
7121 1
7122 1
7123 75
7124 18
7125 2
7126 1
7127 17
7128 49
7129 126
7130 21
7131 54
7132 1
7133 2
7134 55
7135 24
7136 4
7137 2
7138 1
7139 1
7140 1
7141 1
7142 1
7143 18
7144 274
7145 26
7146 191
7147 5
7148 1
7149 130
7150 175
7151 5
7152 8
7153 5
7154 13
7155 3
7156 6
7157 2
7158 5
7159 18
7160 7
7161 11
7162 7
7163 6
7164 6
7165 10
7166 1
7167 2
7168 6
7169 4
7170 3
7171 7
7172 3
7173 1
7174 2
7175 3
7176 3
7177 2
7178 1
7179 17
7180 58
7181 40
7182 10
7183 17
7184 1
7185 14
7186 7
7187 9
7188 12
7189 6
7190 1
7191 1
7192 1
7193 2
7194 6
7195 1
7196 1
7197 1
7198 1
7199 1
7200 1
7201 1
7202 10
7203 13
7204 1
7205 9
7206 24
7207 6
7208 1
7209 8
7210 2
7211 1
7212 1
7213 1
7214 1
7215 1
7216 1
7217 10
7218 1
7219 1
7220 2
7221 3
7222 11
7223 1
7224 20
7225 10
7226 1
7227 3
7228 2
7229 10
7230 13
7231 3
7232 1
7233 1
7234 1
7235 1
7236 5
7237 1
7238 1
7239 1
7240 1
7241 1
7242 1
7243 1
7244 2
7245 2
7246 16
7247 54
7248 8
7249 36
7250 59
7251 58
7252 1
7253 1
7254 6
7255 3
7256 1
7257 2
7258 9
7259 1
7260 1
7261 1
7262 2
7263 12
7264 6
7265 16
7266 23
7267 10
7268 1
7269 3
7270 9
7271 2
7272 5
7273 21
7274 1
7275 1
7276 1
7277 6
7278 4
7279 6
7280 2
7281 1
7282 1
7283 1
7284 6
7285 20
7286 27
7287 3
7288 1
7289 55
7290 1
7291 53
7292 2
7293 5
7294 1
7295 1
7296 1
7297 1
7298 1
7299 3
7300 1
7301 2
7302 3
7303 1
7304 2
7305 3
7306 1
7307 3
7308 10
7309 1
7310 2
7311 1
7312 3
7313 6
7314 3
7315 8
7316 5
7317 1
7425 2
7426 3
7427 1
7428 1
7429 7
7430 30
7431 6
7432 3
7433 1
7434 3
7435 9
7436 1
7437 6
7438 5
7439 3
7440 1
7453 17
7454 2
7455 11
7456 1
7457 10
7458 13
7459 6
7460 1
7461 1
7462 1
7463 1
7464 1
7465 27
7466 1
7467 1
7468 1
7469 34
7470 1
7471 13
7472 2
7473 1
7474 1
7475 1
7476 3
7477 7
7478 16
7479 27
7480 3
7481 32
7482 1
7483 59
7484 39
7485 1
7486 13
7487 2
7488 1
7489 4
7490 6
7491 10
7492 20
7493 6
7494 2
7495 8
7496 6
7497 1
7498 5
7499 2
7500 16
7501 43
7502 6
7503 1
7504 8
7505 9
7506 9
7507 6
7508 7
7509 3
7510 3
7513 2
7514 1
7515 7
7516 18
7517 1
7518 5
7519 5
7520 7
7521 2
7522 5
7523 27
7524 2
7525 6
7526 2
7527 24
7528 3
7529 32
7530 5
7531 2
7532 14
7533 3
7534 1
7535 1
7536 1
7537 1
7538 1
7539 9
7540 4
7541 4
7542 1
7543 2
7544 1
7546 13
7547 1
7548 12
7549 8
7550 2
7551 3
7553 3
7554 6
7555 2
7556 1
7557 5
7558 10
7559 2
7560 2
7561 1
7562 2
7563 5
7564 1
7565 1
7566 1
7567 1
7568 11
7569 1
7570 1
7571 1
7572 1
7573 14
7574 9
7575 3
7576 1
7577 1
7578 1
7582 2
7583 1
7587 4
7588 12
7589 11
7590 1
7591 5
7592 1
7593 7
7594 4
7595 13
7596 2
7597 1
7598 1
7599 10
7600 2
7601 2
7602 2
7603 1
7604 1
7605 1
7606 1
7607 1
7608 1
7609 1
7610 1
7614 26
7615 26
7616 1
7617 1
7618 1
7619 2
7620 1
7621 1
7622 4
7623 1
7624 1
7625 1
7626 1
7627 5
7628 3
7629 1
7630 4
7631 9
7632 1
7633 2
7634 2
7635 1
7636 34
7637 1
7638 1
7639 1
7640 1
7641 4
7642 1
7643 1
7644 2
7645 3
7646 1
7647 3
7648 1
7649 3
7650 1
7651 1
7652 1
7653 2
7654 5
7655 1
7656 2
7657 1
7658 1
7659 1
7660 5
7661 5
7662 18
7663 8
7664 9
7665 7
7666 1
7667 3
7668 2
7669 22
7670 5
7671 1
7672 2
7673 1
7674 1
7675 2
7676 1
7677 4
7678 6
7679 2
7680 2
7681 3
7682 9
7683 2
7684 6
7685 6
7686 17
7687 1
7688 2
7689 1
7690 2
7691 1
7692 1
7693 3
7694 1
7695 1
7696 1
7697 1
7698 1
7699 1
7700 2
7701 1
7702 4
7704 5
7705 3
7706 3
7707 1
7708 8
7709 1
7710 3
7711 1
7712 12
7713 1
7715 5
7716 31
7717 5
7718 1
7719 2
7720 4
7721 4
7722 1
7723 6
7724 2
7725 12
7726 5
7727 1
7728 3
7729 1
7732 7
7733 4
7734 1
7735 2
7736 6
7737 13
7738 2
7739 3
7740 89
7741 1
7742 1
7743 1
7744 1
7750 2
7751 2
7752 2
7753 2
7754 2
7755 1
7756 1
7757 1
7758 1
7759 120
7760 2
7761 1
7762 1
7763 2
7764 2
7765 2
7766 1
7767 24
7768 28
7769 2
7770 3
7771 6
7772 4
7773 25
7775 15
7776 19
7777 1
7778 1
7779 35
7780 1
7781 2
7782 2
7783 1
7784 4
7785 1
7786 25
7787 3
7788 7
7789 4
7790 2
7791 24
7792 1
7793 2
7794 11
7795 1
7797 3
7798 2
7799 1
7800 27
7801 1
7802 2
7803 1
7804 8
7806 27
7807 1
7808 11
7809 2
7811 92
7812 1
7813 1
7814 1
7815 1
7816 1
7817 1
7818 1
7819 1
7820 1
7821 1
7822 1
7823 1
7824 1
7825 1
7826 1
7827 1
7828 1
7829 1
7830 1
7831 1
7833 74
7834 1
7835 1
7836 1
7837 1
7838 1
7839 1
7840 1
7841 1
7842 1
7843 1
7844 5
7845 1
7846 7
7847 2
7848 1
7849 4
7850 1
7851 10
7852 1
7853 1
7854 3
7855 13
7856 5
7857 6
7858 7
7859 3
7860 24
7861 13
7863 2
7864 2
7865 3
7866 12
7867 8
7868 12
7869 9
7870 6
7871 1
7872 1
7873 2
7874 5
7875 13
7876 5
7878 17
7879 2
7880 4
7881 14
7882 4
7883 2
7884 20
7885 3
7886 2
7887 4
7888 2
7889 6
7890 6
7891 3
7892 1
7893 5
7894 5
7895 22
7896 37
7897 15
7898 1
7899 1
7900 1
7901 1
7902 2
7903 10
7904 18
7905 1
7906 7
7907 4
7908 1
7909 20
7910 1
7911 4
7912 3
7913 3
7914 1
7915 3
7916 27
7917 1
7918 20
7919 7
7920 1
7921 4
7922 5
7923 1
7924 17
7925 9
7926 13
7927 2
7928 3
7929 3
7930 47
7931 15
7933 2
7934 39
7936 21
7937 27
7938 7
7939 3
7940 59
7941 22
7942 2
7943 22
7944 1
7945 1
7946 1
7947 2
7948 4
7949 4
7950 3
7951 2
7952 1
7953 7
7954 1
7955 1
7956 1
7957 1
7958 1
7959 1
7960 26
7961 8
7962 1
7963 1
7964 1
7965 1
7966 2
7967 1
7968 1
7969 1
7970 1
7971 1
7972 1
7973 1
7974 20
7975 15
7976 1
7977 10
7978 4
7979 1
7980 1
7981 1
7982 1
7983 2
7984 1
7985 2
7986 7
7988 2
7989 1
7991 6
7992 12
7993 1
7994 12
7995 1
7996 3
7997 1
7998 2
7999 1
8000 10
8001 149
8002 1
8003 1
8004 1
8005 1
8006 1
8007 1
8008 1
8009 5
8010 1
8011 1
8012 1
8013 1
8014 1
8015 4
8016 1
8017 1
8018 2
8019 5
8020 1
8021 38
8025 13
8026 12
8027 3
8028 7
8029 52
8030 1
8034 6
8035 7
8036 9
8037 15
8038 2
8039 3
8040 35
8041 33
8042 6
8043 4
8044 1
8047 1
8048 2
8049 31
8050 2
8051 1
8052 2
8053 9
8054 31
8055 3
8056 27
8057 17
8058 3
8059 1
8060 1
8061 2
8062 30
8063 6
8065 15
8066 6
8067 1
8068 1
8069 6
8070 15
8071 28
8072 27
8073 1
8074 1
8075 4
8076 3
8077 1
8078 3
8079 10
8080 1
8081 1
8082 1
8083 1
8084 1
8085 1
8086 1
8087 1
8088 1
8089 2
8090 2
8091 2
8092 2
8093 2
8094 2
8098 7
8099 4
8100 1
8101 27
8102 1
8103 2
8104 3
8105 1
8106 1
8110 16
8111 18
8112 4
8113 29
8114 7
8115 19
8116 15
8117 5
8118 6
8119 3
8120 1
8121 1
8124 14
8125 21
8126 32
8127 4
8128 1
8129 1
8130 1
8131 1
8132 1
8133 1
8134 1
8135 3
8136 2
8137 2
8141 7
8142 1
8143 4
8144 1
8145 1
8146 1
8147 6
8148 1
8149 1
8150 1
8151 3
8152 1
8153 2
8154 36
8155 1
8156 1
8157 1
8158 1
8159 1
8160 1
8161 22
8162 48
8163 1
8164 1
8165 1
8166 1
8171 4
8172 1
8173 1
8174 3
8175 16
8176 13
8177 3
8178 3
8179 2
8180 1
8181 2
8182 1
8183 31
8184 10
8185 1
8186 6
8187 2
8188 5
8189 17
8190 1
8191 2
8192 9
8193 1
8194 8
8195 18
8196 1
8197 7
8198 1
8199 1
8200 1
8201 1
8202 1
8203 1
8204 15
8205 6
8206 3
8207 8
8208 25
8209 1
8210 3
8211 3
8212 1
8213 9
8214 3
8215 1
8216 1
8217 1
8218 8
8219 1
8220 1
8221 5
8225 5
8226 21
8227 1
8228 21
8229 7
8230 28
8234 13
8235 10
8236 2
8237 18
8238 2
8239 1
8240 1
8241 6
8242 8
8243 1
8244 6
8245 4
8246 10
8247 3
8248 14
8249 1
8250 1
8251 1
8252 1
8253 9
8254 8
8255 10
8256 1
8257 1
8258 25
8259 1
8260 2
8261 395
8262 1
8263 1
8265 1
8267 4
8268 4
8269 3
8270 1
8271 1
8272 1
8273 1
8274 1
8275 1
8276 2
8277 2
8278 1
8279 2
8280 1
8281 1
8282 1
8283 4
8284 140
8285 96
8286 32
8289 104
8290 23
8291 70
8292 8
8293 8
8295 2
8297 2
8298 12
8299 66
8300 1
8301 1
8302 5
8303 34
8304 1
8305 2
8306 1
8307 2
8308 4
8309 1
8310 1
8311 1
8312 1
8313 10
8314 1
8315 9
8316 31
8317 2
8318 15
8319 28
8320 15
8321 7
8322 4
8323 3
8324 31
8325 38
8326 1
8327 2
8328 29
8329 1
8330 9
8331 3
8332 21
8333 1
8334 13
8335 6
8336 9
8337 1
8338 1
8339 1
8340 4
8341 1
8342 1
8343 2
8344 5
8345 21
8351 2
8352 1
8355 2
8356 11
8357 3
8358 3
8359 19
8360 1
8361 7
8362 17
8363 7
8364 16
8365 3
8366 29
8368 15
8369 2
8370 1
8371 2
8372 1
8373 25
8374 18
8375 1
8376 43
8377 29
8378 7
8379 7
8380 16
8381 1
8382 4
8383 7
8384 1
8385 34
8386 13
8387 5
8388 14
8389 9
8390 1
8391 10
8392 15
8393 35
8394 11
8395 4
8396 28
8397 4
8398 2
8399 2
8400 6
8401 1
8402 2
8403 6
8406 11
8407 29
8408 1
8409 4
8410 11
8411 11
8412 85
8413 1
8414 1
8415 1
8416 2
8417 1
8418 1
8419 7
8420 23
8421 16
8422 6
8424 1
8425 4
8426 17
8427 4
8428 13
8429 1
8432 17
8433 4
8434 3
8435 4
8436 1
8437 1
8438 1
8439 14
8440 1
8441 4
8442 10
8443 2
8444 6
8445 3
8446 3
8447 1
8448 7
8449 3
8450 1
8451 26
8452 4
8453 10
8454 1
8455 4
8456 1
8457 3
8458 2
8459 4
8460 7
8461 6
8462 2
8463 5
8464 1
8465 3
8466 1
8470 2
8471 1
8472 16
8473 10
8474 10
8475 2
8476 1
8477 1
8479 3
8480 3
8481 17
8482 3
8483 3
8484 6
8485 1
8486 1
8487 1
8488 1
8489 1
8490 1
8491 7
8492 32
8493 10
8494 2
8495 4
8496 7
8497 1
8498 14
8499 11
8500 55
8501 18
8502 1
8503 17
8504 15
8506 6
8507 165
8508 2
8509 1
8510 1
8511 1
8512 1
8513 1
8514 1
8515 1
8516 1
8517 1
8518 1
8519 1
8542 2
8543 2
8544 1
8545 3
8546 15
8547 1
8553 2
8554 37
8555 2
8556 1
8559 1
8561 4
8562 4
8563 1
8564 13
8565 1
8566 1
8567 1
8568 1
8569 2
8570 1
8571 2
8572 1
8573 2
8574 9
8576 17
8577 1
8578 6
8579 1
8580 4
8581 4
8582 5
8583 1
8584 1
8585 1
8586 28
8587 4
8588 4
8589 3
8590 2
8591 5
8592 1
8593 1
8594 5
8595 1
8596 1
8597 54
8598 23
8599 43
8600 3
8601 5
8602 22
8603 11
8604 17
8605 3
8606 22
8607 41
8609 19
8610 18
8611 4
8612 1
8613 1
8614 1
8615 1
8616 1
8617 1
8618 2
8619 1
8620 1
8621 6
8622 1
8623 18
46754 1
