0 22710546
1 77244971
2 37758615
3 7447523
4 1054656
5 414738
6 252163
7 161312
8 109622
9 70556
10 45149
11 32160
12 25434
13 21418
14 18554
15 14960
16 12073
17 9646
18 7422
19 6095
20 4619
21 3583
22 2773
23 2413
24 2024
25 1632
26 1507
27 1231
28 1079
29 972
30 873
31 789
32 682
33 585
34 589
35 534
36 492
37 443
38 408
39 446
40 394
41 377
42 308
43 287
44 283
45 286
46 261
47 285
48 199
49 170
50 186
51 188
52 144
53 184
54 221
55 169
56 168
57 119
58 105
59 117
60 129
61 113
62 100
63 110
64 104
65 64
66 83
67 77
68 115
69 77
70 70
71 93
72 67
73 83
74 69
75 88
76 70
77 72
78 46
79 42
80 53
81 55
82 30
83 45
84 55
85 57
86 38
87 43
88 30
89 30
90 37
91 27
92 23
93 28
94 19
95 50
96 43
97 31
98 26
99 16
100 22
101 29
102 52
103 49
104 28
105 30
106 28
107 28
108 33
109 17
110 25
111 20
112 18
113 17
114 22
115 19
116 10
117 21
118 36
119 39
120 25
121 19
122 18
123 13
124 17
125 23
126 8
127 12
128 15
129 12
130 12
131 12
132 9
133 6
134 7
135 10
136 9
137 10
138 16
139 44
140 97
141 23
142 20
143 10
144 10
145 20
146 37
147 37
148 7
149 8
150 3
151 9
152 6
153 7
154 7
155 4
156 4
157 6
158 2
159 4
160 7
161 6
162 3
163 9
164 4
165 4
166 1
167 3
169 3
171 1
172 1
173 2
174 1
175 5
176 4
177 16
178 20
179 17
180 21
181 24
182 27
183 14
184 5
185 2
186 2
187 1
188 1
189 2
190 2
192 2
197 1
198 2
205 1
215 1
217 1
218 1
222 2
224 1
226 2
233 1
236 1
238 1
239 1
241 1
243 1
245 1
246 2
247 1
248 1
251 1
254 1
262 1
264 1
265 2
266 1
267 1
268 1
270 1
271 1
296 1
297 1
320 1
327 1
363 1
366 1
