0 427531
1 4408973
2 3247842
3 1377341
4 743018
5 555216
6 447666
7 330307
8 281530
9 245858
10 214961
11 189613
12 246837
13 328131
14 254125
15 186688
16 209624
17 135562
18 121195
19 84716
20 78883
21 85797
22 61461
23 62861
24 54220
25 50625
26 66245
27 47848
28 45303
29 44619
30 57306
31 35662
32 32850
33 31151
34 28611
35 27497
36 28426
37 25300
38 28773
39 23956
40 26519
41 23646
42 21802
43 24175
44 20100
45 18392
46 21862
47 17696
48 19848
49 16263
50 16796
51 17549
52 14013
53 13337
54 15721
55 15373
56 12877
57 12639
58 11934
59 12871
60 11712
61 11588
62 11581
63 11190
64 10034
65 12138
66 9545
67 9793
68 8270
69 9410
70 9486
71 7853
72 8565
73 8541
74 9788
75 13287
76 7595
77 7996
78 8669
79 8220
80 7193
81 7444
82 8206
83 8315
84 7870
85 8608
86 12166
87 9713
88 7048
89 8038
90 6280
91 6533
92 5813
93 6067
94 6304
95 6784
96 8709
97 5453
98 5482
99 6739
100 8862
101 7482
102 4381
103 6819
104 5674
105 4858
106 4939
107 6096
108 10457
109 4981
110 4271
111 23255
112 4602
113 8976
114 4609
115 7833
116 4250
117 3963
118 6145
119 3364
120 3573
121 3798
122 3795
123 4199
124 3452
125 2822
126 3495
127 3302
128 4022
129 3884
130 5598
131 3308
132 2992
133 3867
134 2761
135 3175
136 2747
137 2992
138 2462
139 3145
140 3150
141 3452
142 3422
143 3478
144 3929
145 3014
146 3096
147 3401
148 2613
149 2647
150 2675
151 2709
152 2293
153 3000
154 2298
155 2898
156 3459
157 2694
158 2401
159 2618
160 2652
161 2317
162 2606
163 2567
164 2211
165 2647
166 2544
167 3101
168 2242
169 2510
170 2062
171 3039
172 2165
173 3331
174 2806
175 2376
176 1932
177 2515
178 1933
179 2689
180 2135
181 1729
182 2400
183 2648
184 1922
185 1573
186 1925
187 2194
188 1996
189 1773
190 1906
191 2187
192 1794
193 2045
194 1683
195 1913
196 1550
197 2000
198 1483
199 1574
200 1621
201 1518
202 1533
203 1493
204 1825
205 1549
206 1379
207 1379
208 2316
209 1406
210 1228
211 1418
212 1413
213 1327
214 1510
215 1012
216 1560
217 1296
218 1877
219 1164
220 1696
221 1159
222 1173
223 1358
224 1358
225 1265
226 1205
227 1112
228 1318
229 1054
230 1234
231 1236
232 1314
233 1160
234 1250
235 1584
236 1235
237 1634
238 1114
239 1305
240 1236
241 1512
242 1118
243 955
244 1339
245 990
246 1798
247 1010
248 1112
249 1101
250 1017
251 1096
252 1241
253 1560
254 1218
255 1503
256 887
257 965
258 1859
259 849
260 1022
261 1124
262 1186
263 1240
264 1329
265 1115
266 1337
267 1363
268 1108
269 954
270 1248
271 1232
272 1092
273 1156
274 941
275 838
276 877
277 1718
278 932
279 1632
280 978
281 1422
282 836
283 1926
284 936
285 1368
286 871
287 1505
288 1013
289 1336
290 1007
291 1156
292 1538
293 3137
294 1136
295 1345
296 788
297 1821
298 719
299 751
300 925
301 881
302 985
303 780
304 711
305 821
306 1185
307 1225
308 1410
309 950
310 1002
311 703
312 1099
313 843
314 907
315 960
316 914
317 893
318 1596
319 837
320 634
321 841
322 812
323 812
324 891
325 864
326 962
327 862
328 864
329 926
330 498
331 587
332 806
333 606
334 607
335 633
336 709
337 730
338 6798
339 542
340 579
341 596
342 588
343 777
344 1244
345 709
346 648
347 532
348 737
349 859
350 634
351 635
352 732
353 638
354 538
355 920
356 573
357 585
358 701
359 863
360 997
361 1027
362 712
363 546
364 651
365 522
366 670
367 480
368 487
369 406
370 709
371 612
372 533
373 604
374 561
375 538
376 477
377 561
378 553
379 482
380 696
381 516
382 565
383 502
384 483
385 671
386 401
387 406
388 383
389 953
390 477
391 504
392 442
393 510
394 482
395 1312
396 429
397 425
398 348
399 452
400 466
401 514
402 462
403 379
404 829
405 698
406 1521
407 513
408 7642
409 486
410 579
411 778
412 879
413 335
414 971
415 500
416 679
417 578
418 354
419 1324
420 522
421 803
422 1350
423 518
424 297
425 516
426 1744
427 758
428 336
429 999
430 264
431 614
432 338
433 825
434 303
435 496
436 496
437 571
438 355
439 592
440 364
441 591
442 457
443 349
444 389
445 285
446 238
447 355
448 355
449 352
450 339
451 406
452 276
453 330
454 475
455 382
456 421
457 497
458 314
459 429
460 252
461 473
462 415
463 483
464 322
465 479
466 425
467 236
468 277
469 409
470 304
471 634
472 295
473 523
474 355
475 522
476 531
477 354
478 257
479 358
480 499
481 479
482 406
483 1038
484 306
485 495
486 279
487 371
488 359
489 293
490 316
491 459
492 264
493 330
494 302
495 295
496 266
497 288
498 239
499 358
500 227
501 242
502 305
503 363
504 336
505 446
506 272
507 499
508 338
509 338
510 372
511 253
512 335
513 486
514 973
515 340
516 426
517 2010
518 397
519 436
520 431
521 288
522 284
523 379
524 319
525 340
526 402
527 388
528 258
529 377
530 266
531 337
532 299
533 1515
534 265
535 568
536 253
537 462
538 431
539 225
540 195
541 350
542 307
543 740
544 220
545 376
546 267
547 283
548 354
549 457
550 344
551 418
552 292
553 236
554 251
555 624
556 232
557 320
558 272
559 251
560 239
561 368
562 863
563 426
564 200
565 293
566 346
567 206
568 597
569 466
570 207
571 272
572 279
573 363
574 257
575 564
576 397
577 454
578 322
579 320
580 329
581 300
582 526
583 637
584 262
585 264
586 243
587 477
588 290
589 182
590 232
591 666
592 271
593 627
594 333
595 743
596 1070
597 405
598 294
599 551
600 762
601 157
602 666
603 531
604 558
605 411
606 342
607 177
608 306
609 250
610 304
611 430
612 176
613 184
614 572
615 245
616 200
617 322
618 168
619 403
620 309
621 1211
622 265
623 368
624 258
625 196
626 269
627 372
628 383
629 264
630 307
631 197
632 291
633 244
634 262
635 170
636 507
637 215
638 484
639 225
640 383
641 332
642 192
643 202
644 132
645 457
646 236
647 311
648 220
649 650
650 393
651 235
652 348
653 315
654 1746
655 147
656 249
657 183
658 238
659 457
660 134
661 164
662 210
663 236
664 246
665 224
666 169
667 349
668 182
669 201
670 208
671 245
672 272
673 504
674 210
675 267
676 241
677 159
678 379
679 185
680 214
681 198
682 521
683 146
684 368
685 184
686 192
687 315
688 325
689 183
690 334
691 264
692 174
693 549
694 517
695 194
696 261
697 247
698 247
699 190
700 198
701 297
702 149
703 295
704 177
705 194
706 161
707 249
708 187
709 144
710 357
711 129
712 200
713 125
714 165
715 163
716 336
717 157
718 184
719 157
720 158
721 135
722 263
723 160
724 374
725 227
726 427
727 128
728 191
729 826
730 722
731 704
732 115
733 222
734 162
735 599
736 280
737 123
738 178
739 101
740 181
741 290
742 346
743 385
744 249
745 434
746 116
747 181
748 138
749 177
750 404
751 521
752 259
753 476
754 158
755 121
756 110
757 259
758 156
759 303
760 175
761 115
762 269
763 254
764 197
765 199
766 182
767 165
768 125
769 129
770 188
771 140
772 129
773 154
774 149
775 175
776 164
777 155
778 265
779 247
780 306
781 166
782 85
783 101
784 90
785 204
786 104
787 164
788 133
789 235
790 290
791 247
792 803
793 138
794 788
795 295
796 88
797 161
798 172
799 72
800 238
801 100
802 423
803 83
804 238
805 75
806 92
807 115
808 180
809 83
810 152
811 118
812 895
813 89
814 783
815 110
816 267
817 97
818 201
819 216
820 255
821 173
822 509
823 130
824 254
825 152
826 343
827 85
828 194
829 150
830 197
831 108
832 284
833 415
834 199
835 288
836 130
837 133
838 303
839 77
840 565
841 116
842 340
843 109
844 150
845 79
846 302
847 116
848 275
849 240
850 99
851 207
852 87
853 167
854 101
855 440
856 127
857 242
858 105
859 279
860 62
861 573
862 534
863 245
864 187
865 175
866 119
867 186
868 686
869 236
870 342
871 149
872 240
873 159
874 131
875 132
876 71
877 238
878 118
879 266
880 405
881 375
882 96
883 208
884 118
885 141
886 99
887 251
888 191
889 113
890 118
891 229
892 119
893 136
894 84
895 203
896 60
897 127
898 183
899 192
900 125
901 173
902 368
903 124
904 152
905 202
906 217
907 77
908 227
909 193
910 252
911 133
912 147
913 83
914 224
915 124
916 92
917 164
918 138
919 225
920 126
921 303
922 191
923 141
924 196
925 133
926 187
927 234
928 112
929 107
930 245
931 219
932 219
933 202
934 139
935 121
936 107
937 91
938 347
939 304
940 351
941 107
942 146
943 126
944 108
945 98
946 165
947 96
948 235
949 79
950 370
951 91
952 99
953 100
954 80
955 95
956 101
957 130
958 85
959 53
960 213
961 86
962 292
963 63
964 385
965 63
966 170
967 66
968 276
969 43
970 157
971 45
972 133
973 63
974 316
975 66
976 58
977 55
978 341
979 93
980 404
981 56
982 156
983 84
984 199
985 83
986 80
987 168
988 141
989 77
990 285
991 69
992 205
993 123
994 219
995 140
996 127
997 111
998 76
999 173
1000 76
1001 485
1002 74
1003 169
1004 114
1005 250
1006 120
1007 71
1008 182
1009 74
1010 116
1011 68
1012 255
1013 63
1014 226
1015 88
1016 118
1017 117
1018 86
1019 225
1020 190
1021 153
1022 74
1023 117
1024 87
1025 227
1026 500
1027 79
1028 304
1029 126
1030 315
1031 256
1032 186
1033 123
1034 347
1035 246
1036 395
1037 250
1038 115
1039 420
1040 63
1041 233
1042 115
1043 133
1044 95
1045 72
1046 401
1047 61
1048 89
1049 81
1050 249
1051 141
1052 119
1053 69
1054 185
1055 86
1056 164
1057 98
1058 449
1059 265
1060 84
1061 57
1062 126
1063 601
1064 184
1065 349
1066 120
1067 150
1068 112
1069 91
1070 130
1071 156
1072 328
1073 963
1074 1136
1075 92
1076 219
1077 250
1078 353
1079 47
1080 112
1081 92
1082 98
1083 334
1084 155
1085 389
1086 110
1087 171
1088 68
1089 108
1090 107
1091 463
1092 91
1093 435
1094 88
1095 899
1096 107
1097 130
1098 54
1099 683
1100 75
1101 133
1102 41
1103 1041
1104 181
1105 403
1106 35
1107 5707
1108 104
1109 58
1110 71
1111 73
1112 108
1113 44
1114 103
1115 79
1116 56
1117 89
1118 139
1119 34
1120 62
1121 68
1122 45
1123 51
1124 123
1125 54
1126 65
1127 75
1128 99
1129 43
1130 82
1131 58
1132 71
1133 32
1134 94
1135 75
1136 41
1137 51
1138 117
1139 68
1140 133
1141 37
1142 105
1143 76
1144 32
1145 81
1146 104
1147 61
1148 115
1149 72
1150 82
1151 46
1152 83
1153 48
1154 47
1155 49
1156 60
1157 92
1158 47
1159 136
1160 55
1161 45
1162 96
1163 98
1164 100
1165 70
1166 63
1167 49
1168 72
1169 49
1170 81
1171 38
1172 65
1173 59
1174 47
1175 38
1176 35
1177 46
1178 52
1179 45
1180 114
1181 37
1182 120
1183 35
1184 132
1185 40
1186 88
1187 25
1188 49
1189 145
1190 52
1191 39
1192 156
1193 58
1194 51
1195 45
1196 252
1197 151
1198 76
1199 77
1200 154
1201 43
1202 31
1203 91
1204 91
1205 78
1206 36
1207 56
1208 25
1209 242
1210 46
1211 117
1212 31
1213 71
1214 42
1215 120
1216 84
1217 49
1218 122
1219 44
1220 80
1221 84
1222 65
1223 109
1224 85
1225 68
1226 37
1227 153
1228 82
1229 129
1230 113
1231 103
1232 73
1233 44
1234 136
1235 48
1236 55
1237 48
1238 52
1239 102
1240 37
1241 72
1242 107
1243 74
1244 54
1245 53
1246 55
1247 145
1248 76
1249 103
1250 45
1251 47
1252 48
1253 60
1254 51
1255 46
1256 55
1257 65
1258 64
1259 66
1260 38
1261 156
1262 34
1263 89
1264 55
1265 45
1266 37
1267 88
1268 46
1269 44
1270 46
1271 48
1272 16
1273 47
1274 43
1275 25
1276 78
1277 257
1278 41
1279 99
1280 35
1281 34
1282 67
1283 36
1284 46
1285 56
1286 126
1287 98
1288 72
1289 111
1290 180
1291 50
1292 49
1293 47
1294 63
1295 149
1296 126
1297 82
1298 135
1299 109
1300 148
1301 58
1302 100
1303 46
1304 102
1305 58
1306 37
1307 69
1308 23
1309 74
1310 63
1311 57
1312 73
1313 57
1314 57
1315 68
1316 97
1317 226
1318 55
1319 36
1320 40
1321 75
1322 54
1323 111
1324 39
1325 103
1326 77
1327 86
1328 59
1329 71
1330 25
1331 70
1332 33
1333 61
1334 43
1335 23
1336 46
1337 35
1338 45
1339 48
1340 101
1341 55
1342 77
1343 74
1344 41
1345 163
1346 56
1347 53
1348 32
1349 98
1350 26
1351 29
1352 58
1353 62
1354 91
1355 55
1356 111
1357 35
1358 67
1359 46
1360 105
1361 113
1362 60
1363 83
1364 79
1365 57
1366 42
1367 50
1368 61
1369 79
1370 40
1371 29
1372 29
1373 32
1374 62
1375 32
1376 122
1377 22
1378 57
1379 32
1380 63
1381 64
1382 42
1383 32
1384 77
1385 42
1386 32
1387 34
1388 37
1389 57
1390 41
1391 33
1392 43
1393 34
1394 54
1395 93
1396 38
1397 22
1398 84
1399 25
1400 137
1401 42
1402 71
1403 29
1404 28
1405 96
1406 23
1407 77
1408 44
1409 39
1410 72
1411 19
1412 769
1413 26
1414 28
1415 43
1416 37
1417 45
1418 26
1419 33
1420 90
1421 45
1422 31
1423 24
1424 29
1425 13
1426 28
1427 40
1428 35
1429 59
1430 40
1431 34
1432 19
1433 84
1434 27
1435 104
1436 29
1437 40
1438 72
1439 73
1440 31
1441 67
1442 30
1443 72
1444 25
1445 156
1446 25
1447 25
1448 24
1449 40
1450 19
1451 79
1452 60
1453 36
1454 111
1455 46
1456 19
1457 40
1458 157
1459 82
1460 31
1461 33
1462 59
1463 20
1464 97
1465 80
1466 21
1467 32
1468 36
1469 161
1470 18
1471 30
1472 34
1473 70
1474 30
1475 87
1476 45
1477 22
1478 163
1479 21
1480 58
1481 25
1482 31
1483 19
1484 140
1485 39
1486 25
1487 16
1488 45
1489 32
1490 31
1491 67
1492 27
1493 41
1494 34
1495 45
1496 22
1497 50
1498 129
1499 27
1500 86
1501 103
1502 29
1503 46
1504 18
1505 110
1506 27
1507 42
1508 67
1509 20
1510 56
1511 45
1512 58
1513 27
1514 47
1515 23
1516 63
1517 426
1518 35
1519 45
1520 39
1521 39
1522 26
1523 32
1524 37
1525 22
1526 29
1527 19
1528 43
1529 28
1530 41
1531 18
1532 29
1533 40
1534 32
1535 49
1536 10
1537 76
1538 19
1539 55
1540 13
1541 101
1542 15
1543 68
1544 18
1545 32
1546 26
1547 84
1548 40
1549 26
1550 23
1551 26
1552 30
1553 123
1554 21
1555 25
1556 17
1557 30
1558 45
1559 546
1560 47
1561 12
1562 14
1563 15
1564 24
1565 16
1566 31
1567 22
1568 32
1569 15
1570 27
1571 21
1572 23
1573 56
1574 42
1575 25
1576 83
1577 22
1578 57
1579 24
1580 59
1581 31
1582 19
1583 24
1584 13
1585 97
1586 44
1587 1155
1588 18
1589 32
1590 55
1591 13
1592 23
1593 34
1594 15
1595 17
1596 18
1597 25
1598 17
1599 19
1600 15
1601 25
1602 10
1603 25
1604 20
1605 15
1606 22
1607 17
1608 17
1609 23
1610 12
1611 41
1612 21
1613 115
1614 17
1615 16
1616 22
1617 10
1618 38
1619 60
1620 12
1621 12
1622 24
1623 33
1624 18
1625 11
1626 26
1627 19
1628 17
1629 17
1630 14
1631 23
1632 37
1633 13
1634 12
1635 14
1636 15
1637 14
1638 14
1639 12
1640 22
1641 12
1642 23
1643 15
1644 22
1645 20
1646 8
1647 17
1648 22
1649 12
1650 9
1651 18
1652 20
1653 13
1654 21
1655 7
1656 15
1657 16
1658 13
1659 25
1660 24
1661 72
1662 14
1663 12
1664 12
1665 75
1666 18
1667 34
1668 13
1669 97
1670 34
1671 14
1672 13
1673 21
1674 21
1675 32
1676 21
1677 24
1678 16
1679 44
1680 21
1681 78
1682 13
1683 11
1684 15
1685 72
1686 25
1687 30
1688 31
1689 36
1690 12
1691 12
1692 14
1693 18
1694 32
1695 15
1696 32
1697 136
1698 38
1699 22
1700 44
1701 35
1702 13
1703 8
1704 63
1705 12
1706 43
1707 19
1708 51
1709 37
1710 33
1711 26
1712 24
1713 20
1714 39
1715 18
1716 24
1717 24
1718 54
1719 18
1720 52
1721 29
1722 46
1723 17
1724 54
1725 19
1726 14
1727 20
1728 88
1729 10
1730 28
1731 35
1732 15
1733 30
1734 16
1735 17
1736 22
1737 19
1738 30
1739 18
1740 50
1741 31
1742 82
1743 17
1744 21
1745 60
1746 34
1747 80
1748 33
1749 16
1750 18
1751 25
1752 38
1753 20
1754 18
1755 78
1756 20
1757 70
1758 13
1759 10
1760 14
1761 57
1762 24
1763 51
1764 16
1765 30
1766 39
1767 18
1768 41
1769 18
1770 142
1771 18
1772 21
1773 29
1774 16
1775 45
1776 20
1777 26
1778 45
1779 13
1780 76
1781 14
1782 77
1783 14
1784 54
1785 24
1786 50
1787 19
1788 15
1789 17
1790 47
1791 17
1792 30
1793 15
1794 24
1795 40
1796 9
1797 27
1798 13
1799 24
1800 13
1801 25
1802 12
1803 19
1804 13
1805 47
1806 70
1807 17
1808 27
1809 27
1810 38
1811 17
1812 33
1813 34
1814 31
1815 28
1816 25
1817 25
1818 32
1819 78
1820 31
1821 40
1822 25
1823 64
1824 21
1825 16
1826 30
1827 22
1828 12
1829 25
1830 73
1831 16
1832 29
1833 13
1834 32
1835 16
1836 15
1837 22
1838 23
1839 26
1840 33
1841 22
1842 38
1843 13
1844 32
1845 24
1846 30
1847 21
1848 33
1849 31
1850 14
1851 27
1852 19
1853 26
1854 40
1855 24
1856 51
1857 42
1858 33
1859 17
1860 54
1861 52
1862 53
1863 29
1864 22
1865 29
1866 24
1867 48
1868 18
1869 64
1870 18
1871 19
1872 48
1873 10
1874 15
1875 32
1876 41
1877 36
1878 53
1879 22
1880 24
1881 39
1882 44
1883 38
1884 42
1885 80
1886 32
1887 29
1888 61
1889 26
1890 98
1891 9
1892 37
1893 14
1894 89
1895 7
1896 52
1897 16
1898 10
1899 23
1900 17
1901 31
1902 15
1903 58
1904 7
1905 32
1906 23
1907 17
1908 24
1909 30
1910 39
1911 16
1912 33
1913 73
1914 12
1915 46
1916 35
1917 13
1918 37
1919 20
1920 53
1921 33
1922 69
1923 43
1924 31
1925 41
1926 54
1927 32
1928 35
1929 16
1930 41
1931 18
1932 10
1933 22
1934 102
1935 13
1936 40
1937 62
1938 37
1939 50
1940 20
1941 25
1942 40
1943 95
1944 30
1945 25
1946 48
1947 13
1948 30
1949 31
1950 33
1951 15
1952 41
1953 17
1954 34
1955 14
1956 78
1957 55
1958 23
1959 33
1960 10
1961 36
1962 35
1963 30
1964 15
1965 106
1966 16
1967 30
1968 27
1969 66
1970 14
1971 15
1972 9
1973 24
1974 22
1975 16
1976 8
1977 42
1978 25
1979 49
1980 35
1981 35
1982 18
1983 23
1984 24
1985 41
1986 71
1987 29
1988 21
1989 32
1990 25
1991 19
1992 24
1993 35
1994 40
1995 15
1996 36
1997 39
1998 14
1999 15
2000 15
2001 31
2002 26
2003 16
2004 44
2005 22
2006 16
2007 18
2008 54
2009 50
2010 29
2011 5
2012 34
2013 38
2014 47
2015 19
2016 30
2017 34
2018 18
2019 24
2020 55
2021 37
2022 33
2023 34
2024 11
2025 16
2026 59
2027 24
2028 45
2029 54
2030 18
2031 14
2032 22
2033 52
2034 33
2035 69
2036 25
2037 47
2038 22
2039 14
2040 14
2041 27
2042 20
2043 18
2044 22
2045 26
2046 23
2047 11
2048 13
2049 9
2050 45
2051 26
2052 36
2053 41
2054 33
2055 8
2056 32
2057 9
2058 45
2059 22
2060 47
2061 6
2062 12
2063 12
2064 15
2065 66
2066 35
2067 13
2068 37
2069 21
2070 68
2071 21
2072 28
2073 22
2074 29
2075 43
2076 20
2077 33
2078 12
2079 30
2080 61
2081 24
2082 19
2083 13
2084 58
2085 21
2086 57
2087 16
2088 76
2089 18
2090 37
2091 30
2092 18
2093 37
2094 10
2095 22
2096 24
2097 16
2098 23
2099 15
2100 31
2101 19
2102 31
2103 23
2104 43
2105 16
2106 47
2107 22
2108 23
2109 25
2110 14
2111 25
2112 9
2113 24
2114 33
2115 18
2116 45
2117 28
2118 21
2119 49
2120 10
2121 22
2122 24
2123 29
2124 22
2125 26
2126 24
2127 31
2128 11
2129 47
2130 22
2131 53
2132 11
2133 33
2134 4
2135 24
2136 9
2137 22
2138 31
2139 13
2140 22
2141 7
2142 32
2143 4
2144 22
2145 15
2146 22
2147 29
2148 8
2149 24
2150 6
2151 35
2152 8
2153 38
2154 5
2155 16
2156 17
2157 11
2158 184
2159 19
2160 17
2161 8
2162 34
2163 13
2164 18
2165 13
2166 8
2167 35
2168 17
2169 30
2170 32
2171 28
2172 16
2173 21
2174 15
2175 38
2176 11
2177 35
2178 14
2179 10
2180 23
2181 28
2182 11
2183 17
2184 17
2185 16
2186 22
2187 25
2188 95
2189 6
2190 10
2191 16
2192 12
2193 42
2194 166
2195 34
2196 13
2197 35
2198 20
2199 21
2200 52
2201 12
2202 22
2203 8
2204 40
2205 60
2206 23
2207 99
2208 13
2209 63
2210 21
2211 48
2212 24
2213 13
2214 70
2215 18
2216 53
2217 21
2218 20
2219 53
2220 19
2221 93
2222 12
2223 83
2224 17
2225 55
2226 16
2227 39
2228 8
2229 35
2230 18
2231 32
2232 72
2233 12
2234 93
2235 10
2236 41
2237 37
2238 14
2239 50
2240 43
2241 78
2242 14
2243 43
2244 10
2245 15
2246 10
2247 27
2248 25
2249 24
2250 29
2251 22
2252 14
2253 18
2254 24
2255 16
2256 25
2257 27
2258 24
2259 12
2260 31
2261 18
2262 39
2263 13
2264 21
2265 29
2266 36
2267 34
2268 26
2269 43
2270 16
2271 11
2272 20
2273 17
2274 26
2275 10
2276 33
2277 104
2278 40
2279 18
2280 26
2281 19
2282 13
2283 23
2284 26
2285 7
2286 19
2287 8
2288 12
2289 15
2290 14
2291 29
2292 18
2293 29
2294 13
2295 15
2296 13
2297 33
2298 14
2299 41
2300 7
2301 35
2302 8
2303 32
2304 21
2305 23
2306 39
2307 22
2308 31
2309 9
2310 40
2311 9
2312 66
2313 11
2314 46
2315 8
2316 31
2317 12
2318 14
2319 6
2320 26
2321 16
2322 8
2323 18
2324 11
2325 20
2326 13
2327 20
2328 11
2329 15
2330 26
2331 26
2332 41
2333 60
2334 51
2335 19
2336 41
2337 6
2338 45
2339 36
2340 32
2341 47
2342 43
2343 16
2344 36
2345 15
2346 17
2347 93
2348 12
2349 53
2350 10
2351 27
2352 6
2353 39
2354 13
2355 35
2356 15
2357 25
2358 26
2359 27
2360 14
2361 25
2362 31
2363 26
2364 46
2365 9
2366 57
2367 9
2368 23
2369 16
2370 14
2371 17
2372 13
2373 31
2374 35
2375 33
2376 22
2377 12
2378 41
2379 13
2380 28
2381 28
2382 26
2383 26
2384 4
2385 28
2386 10
2387 45
2388 35
2389 24
2390 27
2391 17
2392 16
2393 9
2394 19
2395 10
2396 61
2397 19
2398 51
2399 17
2400 29
2401 23
2402 16
2403 35
2404 13
2405 29
2406 6
2407 80
2408 10
2409 34
2410 40
2411 9
2412 38
2413 23
2414 20
2415 37
2416 9
2417 30
2418 10
2419 18
2420 22
2421 18
2422 21
2423 9
2424 38
2425 34
2426 12
2427 23
2428 17
2429 32
2430 16
2431 65
2432 18
2433 50
2434 12
2435 13
2436 22
2437 31
2438 18
2439 60
2440 10
2441 37
2442 15
2443 34
2444 32
2445 32
2446 38
2447 25
2448 28
2449 14
2450 24
2451 79
2452 27
2453 49
2454 13
2455 22
2456 26
2457 51
2458 13
2459 28
2460 35
2461 37
2462 24
2463 17
2464 22
2465 15
2466 13
2467 63
2468 20
2469 72
2470 29
2471 60
2472 20
2473 13
2474 36
2475 41
2476 28
2477 40
2478 19
2479 44
2480 9
2481 61
2482 15
2483 64
2484 19
2485 28
2486 13
2487 21
2488 16
2489 16
2490 28
2491 37
2492 18
2493 22
2494 19
2495 43
2496 13
2497 41
2498 23
2499 18
2500 18
2501 40
2502 42
2503 18
2504 40
2505 15
2506 19
2507 41
2508 18
2509 39
2510 10
2511 17
2512 36
2513 11
2514 72
2515 11
2516 73
2517 8
2518 16
2519 12
2520 27
2521 5
2522 22
2523 5
2524 23
2525 23
2526 33
2527 18
2528 24
2529 10
2530 25
2531 14
2532 85
2533 17
2534 67
2535 35
2536 33
2537 20
2538 17
2539 27
2540 37
2541 22
2542 6
2543 54
2544 8
2545 31
2546 11
2547 19
2548 17
2549 34
2550 5
2551 47
2552 15
2553 47
2554 7
2555 49
2556 6
2557 35
2558 2
2559 28
2560 18
2561 36
2562 19
2563 28
2564 14
2565 14
2566 8
2567 9
2568 9
2569 27
2570 24
2571 110
2572 92
2573 27
2574 13
2575 34
2576 14
2577 36
2578 28
2579 29
2580 20
2581 31
2582 16
2583 25
2584 16
2585 14
2586 24
2587 17
2588 36
2589 13
2590 55
2591 47
2592 25
2593 23
2594 27
2595 42
2596 17
2597 54
2598 12
2599 31
2600 26
2601 42
2602 5
2603 32
2604 7
2605 41
2606 16
2607 39
2608 26
2609 29
2610 45
2611 36
2612 33
2613 11
2614 24
2615 15
2616 22
2617 27
2618 127
2619 60
2620 9
2621 52
2622 7
2623 99
2624 4
2625 96
2626 9
2627 57
2628 30
2629 31
2630 33
2631 15
2632 35
2633 21
2634 22
2635 42
2636 39
2637 11
2638 64
2639 3
2640 29
2641 10
2642 10
2643 15
2644 48
2645 2
2646 65
2647 28
2648 36
2649 15
2650 34
2651 6
2652 26
2653 12
2654 28
2655 7
2656 20
2657 19
2658 13
2659 8
2660 26
2661 9
2662 28
2663 9
2664 32
2665 27
2666 26
2667 3
2668 21
2669 28
2670 11
2671 10
2672 29
2673 25
2674 7
2675 17
2676 6
2677 20
2678 17
2679 24
2680 13
2681 30
2682 10
2683 22
2684 38
2685 35
2686 19
2687 12
2688 25
2689 16
2690 5
2691 30
2692 18
2693 20
2694 5
2695 43
2696 3
2697 54
2698 7
2699 60
2700 9
2701 31
2702 4
2703 36
2704 26
2705 29
2706 11
2707 37
2708 6
2709 30
2710 6
2711 47
2712 15
2713 32
2714 24
2715 18
2716 27
2717 33
2718 18
2719 31
2720 12
2721 27
2722 3
2723 22
2724 5
2725 37
2726 8
2727 25
2728 16
2729 47
2730 25
2731 24
2732 43
2733 8
2734 38
2735 28
2736 27
2737 8
2738 18
2739 8
2740 24
2741 41
2742 22
2743 35
2744 24
2745 15
2746 38
2747 18
2748 37
2749 8
2750 36
2751 12
2752 33
2753 28
2754 25
2755 30
2756 59
2757 19
2758 58
2759 21
2760 38
2761 13
2762 34
2763 16
2764 31
2765 13
2766 17
2767 16
2768 16
2769 8
2770 36
2771 8
2772 13
2773 9
2774 18
2775 10
2776 50
2777 7
2778 29
2779 28
2780 18
2781 16
2782 20
2783 32
2784 47
2785 7
2786 13
2787 51
2788 10
2789 23
2790 14
2791 15
2792 21
2793 82
2794 6
2795 60
2796 5
2797 40
2798 22
2799 31
2800 7
2801 11
2802 18
2803 52
2804 17
2805 42
2806 26
2807 12
2808 18
2809 12
2810 24
2811 36
2812 22
2813 261
2814 21
2815 45
2816 8
2817 19
2818 77
2819 27
2820 9
2821 16
2822 5
2823 61
2824 12
2825 18
2826 11
2827 38
2828 8
2829 51
2830 6
2831 23
2832 37
2833 30
2834 5
2835 65
2836 5
2837 58
2838 5
2839 53
2840 13
2841 18
2842 7
2843 82
2844 18
2845 27
2846 22
2847 40
2848 5
2849 13
2850 13
2851 2
2852 4
2853 5
2854 23
2855 7
2856 15
2857 11
2858 30
2859 7
2860 26
2861 10
2862 20
2863 16
2864 19
2866 36
2867 12
2868 17
2869 5
2870 21
2871 4
2872 16
2873 8
2874 15
2875 10
2876 17
2877 13
2878 7
2879 16
2880 6
2881 19
2882 10
2883 34
2884 6
2885 40
2886 14
2887 5
2888 10
2889 38
2890 13
2891 7
2892 6
2893 11
2894 18
2895 11
2896 8
2897 18
2898 11
2899 25
2900 11
2901 33
2902 22
2903 9
2904 10
2905 48
2906 19
2907 13
2908 106
2909 13
2910 40
2911 3
2912 6
2913 8
2914 27
2915 3
2916 36
2917 5
2918 10
2919 16
2920 22
2921 6
2922 67
2923 5
2924 9
2925 6
2926 7
2927 8
2928 28
2929 23
2930 13
2931 32
2932 10
2933 33
2934 5
2935 38
2936 16
2937 9
2938 4
2939 15
2940 7
2941 15
2942 9
2943 30
2944 15
2945 95
2946 14
2947 8
2948 5
2949 30
2950 6
2951 13
2952 11
2953 25
2954 125
2955 17
2956 2
2957 32
2958 4
2959 26
2960 4
2961 18
2962 13
2963 66
2964 19
2965 47
2966 7
2967 16
2968 4
2969 46
2970 5
2971 40
2972 6
2973 21
2974 120
2975 9
2976 33
2977 45
2978 63
2979 7
2980 32
2981 5
2982 45
2983 3
2984 4
2985 11
2986 9
2987 3
2988 130
2989 12
2990 11
2991 11
2992 6
2993 9
2994 19
2995 22
2996 66
2997 28
2998 7
2999 8
3000 11
3001 53
3002 19
3003 18
3004 11
3005 29
3006 6
3007 4
3008 38
3009 10
3010 30
3011 25
3012 70
3013 9
3014 75
3015 40
3016 75
3017 25
3018 55
3019 37
3020 4
3021 11
3022 2
3023 36
3024 6
3025 45
3026 18
3027 44
3028 3
3029 24
3030 10
3031 83
3032 7
3033 83
3034 15
3035 11
3036 9
3037 24
3038 10
3039 61
3040 20
3041 74
3042 33
3043 14
3044 15
3045 38
3046 2
3047 63
3048 9
3049 31
3050 8
3051 48
3052 18
3053 32
3054 20
3055 98
3056 49
3057 160
3058 88
3059 43
3060 23
3061 25
3062 30
3063 16
3064 50
3065 8
3066 26
3067 12
3068 28
3069 8
3070 28
3071 25
3072 11
3073 55
3074 22
3075 42
3076 1
3077 28
3078 14
3079 20
3080 44
3081 17
3082 28
3083 7
3084 57
3085 26
3086 37
3087 10
3088 124
3089 23
3090 34
3091 6
3092 8
3093 93
3094 8
3095 82
3096 25
3097 7
3098 84
3099 5
3100 123
3101 7
3102 43
3103 14
3104 67
3105 55
3106 50
3107 11
3108 11
3109 47
3110 10
3111 16
3112 66
3113 24
3114 27
3115 35
3116 11
3117 9
3118 19
3119 25
3120 61
3121 2
3122 213
3123 13
3124 7
3125 47
3126 12
3127 31
3128 7
3129 58
3130 11
3131 24
3132 78
3133 27
3134 25
3135 8
3136 151
3137 5
3138 76
3139 12
3140 26
3141 11
3142 47
3143 8
3144 31
3145 68
3146 35
3147 35
3148 18
3149 32
3150 23
3151 17
3152 46
3153 37
3154 38
3155 25
3156 7
3157 86
3158 7
3159 43
3160 13
3161 58
3162 11
3163 28
3164 95
3165 111
3166 9
3167 64
3168 10
3169 44
3170 13
3171 42
3172 42
3173 13
3174 36
3175 9
3176 4
3177 6
3178 70
3179 4
3180 57
3181 18
3182 25
3183 89
3184 51
3185 19
3186 41
3187 41
3188 12
3189 39
3190 32
3191 87
3192 11
3193 61
3194 23
3195 32
3196 19
3197 107
3198 3
3199 44
3200 14
3201 39
3202 4
3203 99
3204 25
3205 12
3206 1
3207 21
3208 26
3209 3
3210 23
3211 41
3212 16
3213 64
3214 23
3215 32
3216 4
3217 38
3218 12
3219 51
3220 7
3221 39
3222 17
3223 31
3224 3
3225 47
3226 12
3227 44
3228 31
3229 9
3230 24
3231 28
3232 13
3233 56
3234 8
3235 67
3236 28
3237 74
3238 5
3239 41
3240 6
3241 21
3242 4
3243 27
3244 13
3245 25
3246 19
3247 21
3248 38
3249 4
3250 13
3251 35
3252 10
3253 18
3254 80
3255 15
3256 29
3257 19
3258 62
3259 8
3260 37
3261 18
3262 91
3263 14
3264 41
3265 39
3266 73
3267 44
3268 39
3269 9
3270 9
3271 9
3272 29
3273 5
3274 41
3275 22
3276 44
3277 31
3278 50
3279 9
3280 68
3281 10
3282 37
3283 10
3284 21
3285 11
3286 49
3287 16
3288 78
3289 47
3290 16
3291 23
3292 16
3293 26
3294 46
3295 34
3296 39
3297 10
3298 12
3299 54
3300 9
3301 38
3302 5
3303 45
3304 27
3305 49
3306 119
3307 15
3308 17
3309 49
3310 61
3311 22
3312 16
3313 28
3314 16
3315 5
3316 105
3317 55
3318 14
3319 86
3320 135
3321 14
3322 49
3323 47
3324 2
3325 6
3326 9
3327 14
3328 21
3329 5
3330 107
3331 9
3332 21
3333 7
3334 65
3335 2
3336 29
3337 13
3338 8
3339 99
3340 8
3341 10
3342 22
3343 51
3344 13
3345 40
3346 33
3347 40
3348 24
3349 35
3350 96
3351 17
3352 14
3353 20
3354 70
3355 49
3356 17
3357 40
3358 24
3359 89
3360 27
3361 21
3362 20
3363 25
3364 11
3365 16
3366 17
3367 5
3368 10
3369 34
3370 2
3371 53
3372 7
3373 16
3374 17
3375 8
3376 20
3377 5
3378 32
3379 21
3380 4
3381 51
3382 60
3383 9
3384 28
3385 2
3386 68
3387 13
3388 43
3389 3
3390 149
3391 14
3392 13
3393 5
3394 51
3395 4
3396 40
3397 88
3398 5
3399 170
3400 46
3401 16
3402 7
3403 33
3404 41
3405 61
3406 131
3407 13
3408 13
3409 35
3410 18
3411 28
3412 44
3413 137
3414 10
3415 88
3416 6
3417 76
3418 5
3419 51
3420 18
3421 23
3422 8
3423 93
3424 9
3425 24
3426 18
3427 40
3428 17
3429 42
3430 5
3431 16
3432 2
3433 42
3434 1
3435 47
3436 9
3437 4
3438 11
3439 61
3440 9
3441 31
3443 76
3444 3
3445 16
3446 17
3447 23
3448 28
3449 45
3450 22
3451 4
3452 25
3453 19
3454 39
3455 20
3456 76
3457 13
3458 60
3459 61
3460 4
3461 49
3462 45
3463 59
3464 15
3465 37
3466 15
3467 89
3468 8
3469 116
3470 17
3471 69
3472 7
3473 17
3474 2
3475 49
3476 4
3477 8
3478 7
3479 20
3480 2
3481 43
3482 104
3483 17
3484 37
3485 44
3486 5
3487 43
3488 19
3489 1
3490 10
3491 8
3492 17
3493 9
3494 14
3495 33
3496 4
3497 15
3498 99
3499 37
3500 7
3501 1
3502 37
3503 3
3504 44
3505 4
3506 35
3507 4
3508 45
3509 5
3510 23
3511 10
3512 41
3513 10
3514 93
3515 11
3516 10
3517 7
3518 23
3519 5
3520 13
3521 1
3522 8
3523 5
3524 18
3525 5
3526 23
3527 6
3528 14
3529 4
3530 12
3531 4
3532 7
3533 1
3534 26
3535 2
3536 4
3537 5
3538 22
3539 4
3540 8
3541 16
3542 3
3543 3
3544 40
3545 3
3546 19
3547 3
3548 54
3549 2
3550 17
3551 7
3552 19
3553 6
3554 11
3555 1
3556 11
3557 5
3558 11
3559 13
3560 26
3561 5
3562 21
3563 4
3564 22
3566 2
3567 3
3568 49
3569 3
3570 127
3571 5
3572 27
3573 89
3574 16
3575 11
3577 27
3578 3
3579 25
3580 2
3581 2
3583 37
3584 23
3585 81
3586 72
3587 33
3588 23
3589 7
3590 28
3591 4
3592 256
3593 5
3594 13
3595 6
3596 1
3597 10
3598 7
3599 197
3600 1
3601 20
3602 2
3603 10
3604 3
3605 50
3606 1
3607 135
3608 9
3609 14
3610 27
3611 5
3612 52
3613 1
3614 2
3615 1
3616 67
3617 4
3618 16
3619 293
3620 1
3621 13
3622 4
3623 66
3624 3
3625 168
3626 2
3627 3
3628 3
3629 35
3630 3
3631 227
3632 6
3633 291
3634 2
3635 75
3636 42
3637 3
3638 142
3639 7
3640 248
3641 12
3642 154
3644 116
3645 1
3646 289
3648 240
3649 53
3651 62
3652 6
3653 259
3654 3
3655 41
3656 3
3657 68
3658 9
3659 64
3660 34
3661 12
3662 40
3663 4
3664 7
3665 3
3666 2523
3667 1
3668 2
3669 2
3670 4
3671 8
3672 1
3673 8
3674 3
3675 1
3676 3
3677 3
3679 3
3681 3
3682 4
3683 2
3684 6
3685 1
3687 2
3688 1
3689 4
3690 2
3691 4
3692 4
3693 3
3695 3
3696 6
3697 2
3698 9
3700 5
3701 3
3702 2
3703 5
3705 3
3706 4
3707 3
3708 6
3710 1
3711 109
3712 5
3713 1
3714 1
3715 11
3716 7
3717 4
3718 2
3719 3
3720 6
3721 1
3722 2
3723 1
3724 2
3725 1
3726 1
3727 4
3728 1
3730 1
3731 1
3732 1
3734 1
3735 5
3737 5
3738 5
3739 2
3741 3
3742 3
3743 2
3744 3
3746 2
3747 4
3748 1
3749 5
3750 8
3751 4
3752 4
3753 14
3754 4
3755 5
3756 4
3757 10
3758 1
3759 6
3760 2
3761 5
3762 1
3763 3
3764 97
3765 3
3766 15
3767 5
3768 1
3769 6
3771 2
3773 3
3774 4
3776 3
3777 4
3778 2
3779 3
3780 1
3781 3
3782 4
3783 1
3784 4
3785 1
3786 12
3787 3
3788 11
3789 8
3790 2
3791 3
3792 4
3793 13
3794 3
3796 3
3797 2
3798 3
3799 2
3800 1
3801 1
3802 7
3803 2
3804 1
3805 1
3806 3
3807 2
3808 7
3810 3
3811 12
3812 1
3813 4
3814 2
3815 2
3817 5
3818 5
3819 5
3820 3
3821 3
3822 1
3823 8
3824 4
3825 4
3826 1
3827 2
3829 1
3830 5
3831 6
3832 8
3833 2
3834 5
3835 4
3836 2
3837 1
3838 4
3839 6
3840 4
3841 7
3842 2
3843 3
3844 11
3846 11
3847 12
3848 3
3849 2
3850 1
3851 3
3852 4
3853 1
3854 4
3855 7
3856 7
3857 3
3858 3
3859 3
3860 2
3861 2
3862 1
3863 1
3864 1
3865 8
3866 3
3867 1
3868 4
3869 2
3870 3
3871 2
3872 6
3873 3
3874 2
3875 3
3877 2
3878 2
3879 5
3880 2
3881 1
3882 3
3883 6
3884 1
3885 3
3886 6
3887 2
3888 6
3889 3
3890 9
3891 4
3892 1
3893 2
3894 3
3895 2
3897 1
3898 4
3899 1
3901 2
3902 1
3903 3
3905 2
3906 2
3907 2
3908 3
3909 2
3911 5
3912 1
3913 2
3915 2
3916 9
3917 1
3918 4
3919 1
3920 2
3923 3
3924 1
3926 2
3929 1
3930 5
3931 2
3932 1
3933 1
3934 2
3935 2
3936 3
3937 3
3938 1
3939 3
3940 1
3941 13
3942 2
3943 5
3944 2
3946 7
3948 1
3949 2
3950 5
3951 5
3952 2
3953 3
3954 2
3955 6
3956 4
3957 2
3958 2
3959 5
3960 5
3961 1
3963 79
3964 5
3965 3
3966 1
3968 2
3969 2
3970 3
3972 4
3974 2
3975 2
3976 2
3977 1
3979 1
3980 3
3982 1
3983 6
3985 5
3986 3
3987 9
3988 6
3989 3
3990 7
3991 10
3992 4
3994 2
3995 2
3996 9
3997 5
3998 5
3999 13
4000 4
4001 4
4002 8
4003 3
4004 3
4005 3
4006 1
4007 1
4008 8
4009 3
4010 6
4011 7
4012 4
4013 1
4014 1
4015 2
4016 1
4017 1
4018 8
4019 11
4020 3
4021 2
4022 3
4023 2
4024 23
4025 11
4026 3
4027 1
4028 3
4029 7
4030 4
4031 2
4032 9
4033 17
4034 3
4035 7
4036 9
4037 14
4038 13
4039 8
4040 26
4041 14
4042 17
4043 32
4044 5
4045 7
4046 12
4047 18
4048 12
4049 35
4050 10
4051 1
4052 14
4053 10
4054 8
4055 2
4056 3
4057 4
4058 4
4059 12
4060 50
4061 15
4062 11
4063 8
4064 1
4065 6
4066 6
4067 12
4068 16
4069 6
4070 3
4071 8
4072 3
4073 4
4075 7
4076 5
4077 2
4078 7
4079 5
4080 6
4081 9
4082 4
4083 4
4084 3
4086 2
4087 1
4088 8
4089 3
4090 9
4091 2
4092 6
4094 9
4095 3
4096 3
4097 4
4098 3
4099 6
4100 4
4101 2
4102 1
4103 7
4104 1
4105 1
4106 8
4107 1
4108 3
4109 13
4110 4
4111 3
4112 3
4113 7
4114 4
4115 2
4116 3
4117 5
4118 7
4119 4
4120 2
4121 6
4122 8
4123 6
4124 8
4125 5
4126 11
4127 3
4129 3
4130 81
4131 11
4132 6
4133 1
4134 2
4135 5
4136 9
4138 1
4139 7
4140 3
4141 3
4142 5
4143 1
4144 2
4145 2
4146 358
4147 86
4148 1
4149 2
4150 1
4151 3
4152 2
4153 1
4154 2
4155 4
4156 2
4157 3
4158 1
4159 3
4161 3
4162 14
4163 14
4164 6
4165 3
4166 5
4167 4
4168 4
4171 4
4172 4
4173 164
4174 15
4175 2
4176 3
4177 4
4178 2
4179 6
4180 6
4182 3
4183 2
4184 4
4185 7
4186 6
4187 2
4188 8
4189 5
4190 2
4191 18
4193 4
4194 1
4195 1
4196 7
4197 3
4198 4
4199 2
4200 16
4201 4
4202 3
4203 5
4204 3
4205 4
4206 22
4207 31
4208 3
4209 10
4211 3
4212 1
4215 3
4216 1
4217 6
4219 3
4220 3
4221 20
4222 168
4223 4
4224 2
4225 2
4226 20
4228 4
4229 1
4230 3
4231 14
4232 1
4233 3
4234 1
4235 3
4236 3
4237 3
4238 3
4240 2
4241 1
4242 3
4243 2
4244 1
4245 2
4246 3
4248 3
4249 3
4250 5
4251 2
4252 4
4253 2
4254 3
4255 5
4256 5
4257 2
4258 5
4259 2
4260 1
4261 159
4262 3
4263 5
4264 4
4265 3
4266 2
4268 28
4270 1
4272 1
4273 2
4274 2
4275 2
4276 88
4277 5
4279 3
4280 6
4281 2
4282 2
4283 1
4284 2
4285 1
4286 1
4287 3
4289 1
4290 1
4292 1
4294 88
4295 9
4297 4
4299 2
4300 4
4301 1
4302 7
4303 14
4305 6
4306 2
4307 3
4308 2
4309 2
4310 2
4311 1
4312 3
4313 2
4314 3
4315 1
4316 4
4317 1
4318 1
4320 5
4321 1
4322 5
4323 10
4324 3
4325 4
4327 1
4328 1
4329 4
4330 2
4331 10
4332 1
4333 3
4334 1
4335 7
4336 1
4337 3
4338 1
4339 4
4340 9
4341 4
4342 2
4343 1
4344 2
4345 1
4346 1
4347 1
4348 10
4349 10
4350 1
4351 73
4352 6
4353 1
4354 75
4355 3
4356 1
4358 3
4359 10
4360 10
4361 1
4362 2
4363 2
4364 4
4365 1
4366 6
4367 12
4368 3
4369 1
4370 3
4372 8
4373 9
4375 3
4376 31
4377 1
4378 1
4379 2
4380 1
4381 1
4382 25
4383 3
4384 2
4385 4
4386 7
4387 2
4388 4
4391 1
4392 1
4393 6
4394 17
4396 5
4397 6
4398 2
4399 1
4400 3
4402 8
4403 1
4404 3
4405 5
4406 2
4407 1
4408 3
4409 1
4410 1
4411 1
4412 2
4413 1
4414 2
4415 4
4416 6
4418 6
4419 1
4420 3
4421 1
4422 1
4424 9
4425 3
4426 5
4427 6
4428 1
4430 2
4431 2
4432 5
4433 3
4434 4
4435 1
4436 6
4437 3
4438 5
4439 6
4440 3
4441 4
4442 2
4443 11
4444 3
4446 5
4447 10
4448 2
4449 2
4450 3
4451 1
4452 3
4454 6
4456 3
4457 2
4459 6
4462 14
4463 1
4465 1
4466 25
4467 4
4468 4
4469 74
4470 2
4471 6
4472 3
4473 2
4476 4
4478 3
4479 2
4480 3
4481 1
4482 6
4483 1
4485 1
4486 5
4487 1
4488 2
4489 2
4490 1
4491 3
4492 5
4493 1
4494 13
4495 2
4496 8
4497 2
4499 3
4500 2
4501 3
4502 1
4503 5
4504 4
4505 3
4506 3
4508 2
4509 5
4510 2
4511 3
4512 1
4513 11
4514 4
4515 3
4516 2
4519 1
4520 3
4521 1
4522 5
4523 4
4524 4
4525 7
4526 6
4527 3
4528 5
4529 10
4531 9
4532 6
4533 2
4534 1
4536 1
4537 17
4538 1
4540 10
4541 1
4542 2
4543 6
4544 4
4545 3
4546 3
4547 1
4548 7
4549 56
4550 2
4552 2
4553 79
4554 3
4556 8
4557 1
4558 1
4559 5
4561 1
4562 1
4563 2
4564 2
4565 2
4566 1
4567 85
4568 1
4569 6
4570 2
4571 2
4573 2
4574 4
4575 3
4576 2
4578 2
4579 1
4580 2
4581 2
4582 1
4583 5
4584 7
4585 3
4586 2
4588 7
4589 2
4590 2
4591 6
4592 2
4593 1
4594 4
4595 4
4596 5
4598 3
4600 1
4602 4
4603 1
4604 14
4605 31
4606 3
4607 2
4608 91
4609 14
4610 4
4611 107
4612 38
4613 3
4614 14
4615 77
4616 5
4617 18
4618 2
4619 2
4620 13
4621 2
4622 8
4623 3
4624 10
4625 9
4626 4
4627 2
4628 31
4630 20
4631 1
4632 7
4633 7
4634 10
4635 160
4636 2
4637 6
4638 5
4639 2
4640 25
4641 17
4643 76
4645 17
4646 7
4647 5
4649 2
4650 5
4651 8
4652 2
4653 11
4654 2
4655 4
4657 25
4658 1
4659 29
4660 55
4661 3
4662 56
4663 3
4664 46
4665 63
4666 2
4667 14
4668 2
4669 15
4671 3
4672 2
4673 1
4674 3
4675 1
4676 2
4677 1
4679 2
4681 3
4682 6
4683 1
4685 2
4686 1
4687 3
4688 2
4689 4
4690 2
4691 2
4692 1
4693 141
4694 4
4695 2
4697 17
4698 19
4699 35
4701 2
4702 4
4703 4
4704 2
4706 1
4707 3
4708 1
4709 62
4710 2
4711 1
4712 1
4713 3
4714 1
4716 1
4717 4
4719 22
4720 2
4721 3
4722 5
4723 4
4724 5
4727 1
4729 3
4730 2
4731 2
4732 1
4733 1
4734 59
4735 1
4737 1
4738 1
4739 4
4740 2
4741 2
4743 1
4744 4
4745 2
4746 1
4747 4
4749 7
4751 3
4752 2
4753 14
4756 1
4758 2
4759 22
4760 31
4762 23
4763 1
4764 1
4765 1
4766 1
4769 1
4771 3
4773 3
4774 2
4775 1
4777 3
4778 3
4779 2
4780 3
4782 2
4784 3
4786 3
4787 4
4790 6
4792 12
4793 2
4794 2
4796 11
4797 4
4798 5
4800 3
4801 3
4802 2
4803 3
4805 1
4806 3
4807 3
4808 1
4809 2
4812 1
4814 3
4816 1
4817 3
4818 1
4819 1
4820 1
4821 3
4822 1
4823 1
4824 2
4825 1
4826 3
4827 1
4828 1
4829 5
4830 2
4831 3
4832 1
4833 1
4834 3
4835 1
4836 1
4837 2
4838 1
4839 1
4840 2
4841 2
4842 3
4843 2
4844 2
4846 2
4847 1
4848 3
4849 3
4850 1
4854 1
4856 2
4857 3
4858 2
4860 6
4861 6
4862 2
4863 1
4866 7
4867 3
4868 2
4869 2
4870 2
4871 1
4872 4
4874 2
4876 1
4878 4
4879 2
4881 1
4882 4
4884 1
4885 1
4886 2
4888 2
4889 1
4890 2
4891 1
4895 1
4896 1
4897 2
4898 1
4899 1
4901 2
4903 1
4904 2
4905 1
4906 1
4907 2
4909 1
4910 2
4911 4
4914 1
4915 3
4916 2
4917 5
4918 1
4919 1
4920 2
4922 1
4923 2
4925 1
4928 9
4929 2
4930 1
4931 2
4932 2
4933 1
4935 1
4938 3
4939 2
4940 3
4941 5
4942 2
4944 4
4945 5
4946 2
4947 2
4948 5
4949 2
4951 1
4952 2
4953 2
4954 1
4955 1
4957 2
4959 2
4960 2
4961 2
4962 2
4963 2
4965 1
4967 3
4968 1
4969 1
4970 1
4971 3
4975 4
4976 1
4977 4
4978 1
4979 3
4982 2
4983 2
4989 1
4990 4
4992 2
4993 1
4994 3
4995 1
4998 1
4999 1
5001 2
5002 2
5004 3
5007 2
5008 1
5009 2
5010 2
5011 1
5012 1
5013 4
5014 2
5015 1
5016 1
5017 1
5018 1
5019 2
5020 2
5021 3
5023 3
5024 4
5026 1
5027 2
5028 2
5033 1
5034 2
5035 1
5036 4
5037 1
5038 2
5039 1
5040 2
5041 1
5043 4
5044 2
5047 8
5048 1
5049 9
5050 1
5051 9
5052 1
5053 2
5054 1
5055 3
5057 2
5059 1
5060 2
5061 1
5064 1
5065 1
5066 1
5067 2
5068 1
5070 1
5071 1
5072 2
5073 1
5074 1
5076 3
5078 2
5079 4
5080 1
5081 3
5082 3
5083 2
5084 4
5086 2
5089 4
5091 1
5093 2
5094 2
5095 1
5096 2
5097 2
5098 1
5099 2
5100 2
5101 1
5102 3
5103 3
5105 3
5106 1
5107 4
5108 3
5110 1
5111 3
5112 1
5114 1
5115 1
5116 1
5117 2
5118 2
5119 1
5120 1
5122 4
5124 3
5126 1
5128 1
5130 3
5131 2
5132 1
5134 5
5135 1
5136 2
5137 1
5138 5
5140 3
5141 3
5142 1
5143 1
5144 2
5145 2
5146 1
5147 1
5148 2
5149 6
5150 1
5151 2
5152 1
5154 3
5155 1
5156 2
5157 1
5158 4
5159 3
5160 4
5161 1
5162 2
5163 1
5164 1
5165 2
5166 4
5167 2
5168 1
5169 1
5173 1
5174 2
5175 2
5176 2
5177 3
5178 3
5179 1
5181 3
5182 2
5183 2
5184 9
5185 2
5188 1
5189 3
5191 3
5192 3
5193 1
5194 3
5195 3
5196 3
5197 1
5198 1
5199 2
5201 2
5205 4
5206 1
5207 2
5208 1
5209 2
5210 2
5211 3
5213 2
5215 4
5216 3
5218 1
5219 4
5220 1
5221 1
5224 2
5225 2
5227 2
5229 3
5231 2
5232 1
5234 3
5235 1
5236 2
5237 1
5238 3
5239 1
5240 3
5241 1
5242 2
5243 1
5244 2
5245 2
5246 1
5247 3
5249 3
5250 1
5251 1
5252 1
5253 1
5254 2
5255 2
5257 1
5258 15
5259 3
5260 4
5262 1
5264 1
5265 4
5266 1
5267 3
5268 4
5269 4
5270 1
5272 3
5273 1
5274 1
5275 6
5276 5
5277 1
5278 5
5279 3
5280 1
5281 1
5282 1
5283 1
5284 2
5285 3
5286 2
5287 1
5288 1
5290 2
5292 1
5294 3
5295 1
5296 1
5297 2
5299 1
5300 1
5301 2
5302 2
5305 3
5306 1
5308 4
5310 5
5311 4
5313 2
5314 1
5316 1
5317 2
5318 5
5321 2
5322 4
5323 3
5327 1
5330 2
5331 4
5332 5
5333 3
5334 2
5335 4
5336 1
5338 5
5339 1
5340 5
5341 1
5344 2
5345 1
5346 1
5347 4
5348 3
5349 2
5350 1
5351 3
5352 2
5353 5
5355 1
5356 3
5358 5
5359 3
5363 6
5366 1
5367 2
5368 2
5370 2
5371 4
5372 3
5373 7
5375 4
5376 1
5378 1
5379 3
5380 2
5381 3
5382 2
5384 2
5385 2
5386 2
5387 4
5388 1
5389 1
5390 2
5391 1
5392 1
5394 1
5395 1
5397 4
5398 3
5399 5
5400 3
5401 4
5402 1
5403 5
5404 2
5405 1
5406 1
5407 1
5408 1
5409 3
5410 3
5411 5
5412 2
5413 3
5414 2
5415 4
5416 2
5417 1
5418 6
5419 18
5420 2
5421 2
5422 1
5423 2
5424 5
5425 16
5426 2
5427 3
5428 1
5429 2
5430 2
5431 3
5433 3
5434 3
5435 1
5436 1
5438 3
5439 1
5440 1
5441 1
5443 1
5445 5
5446 2
5447 2
5448 4
5449 2
5450 2
5451 2
5453 4
5454 1
5455 2
5456 1
5457 4
5458 1
5459 1
5461 13
5462 3
5463 2
5464 2
5465 5
5466 1
5467 6
5468 2
5469 5
5471 3
5472 3
5473 2
5474 4
5475 6
5477 2
5478 6
5479 1
5480 1
5481 2
5482 2
5483 1
5484 9
5485 2
5486 3
5487 1
5488 3
5490 2
5492 1
5494 6
5498 1
5500 1
5501 6
5503 2
5504 2
5505 1
5506 1
5507 1
5509 1
5511 3
5512 2
5513 1
5514 4
5515 2
5516 2
5517 1
5518 3
5519 2
5520 5
5521 3
5522 2
5523 5
5524 1
5525 2
5526 1
5528 3
5529 2
5530 1
5533 1
5535 2
5536 1
5537 2
5538 2
5539 4
5540 2
5541 5
5543 2
5544 1
5545 2
5546 6
5548 2
5549 1
5551 4
5554 2
5555 1
5556 4
5557 2
5558 7
5559 2
5561 2
5562 3
5563 1
5564 4
5565 4
5566 2
5567 3
5568 2
5569 3
5571 1
5572 1
5573 1
5574 2
5576 3
5577 1
5578 1
5579 4
5580 2
5581 2
5582 2
5583 2
5584 2
5585 5
5586 1
5587 1
5588 5
5589 2
5590 1
5591 4
5592 2
5593 1
5595 1
5596 2
5597 6
5599 1
5600 1
5601 6
5602 6
5603 1
5604 2
5605 1
5607 1
5608 5
5610 2
5611 3
5612 3
5613 1
5615 2
5616 1
5617 1
5620 2
5621 1
5622 3
5623 2
5625 3
5626 1
5627 1
5629 3
5631 2
5632 1
5633 1
5634 5
5635 5
5636 2
5637 5
5638 4
5639 3
5640 3
5641 5
5642 1
5643 3
5644 5
5645 3
5646 4
5648 5
5649 1
5650 4
5652 9
5653 1
5654 3
5655 1
5656 3
5657 2
5658 6
5659 1
5661 2
5662 1
5663 10
5664 19
5665 1
5666 2
5667 2
5668 1
5669 8
5670 4
5671 2
5672 3
5673 2
5674 1
5675 4
5676 2
5677 2
5678 1
5679 1
5681 1
5682 12
5683 1
5685 4
5686 7
5687 5
5688 2
5689 1
5691 1
5692 1
5693 8
5694 1
5695 2
5697 6
5698 2
5699 4
5700 1
5701 9
5703 2
5704 1
5706 2
5708 3
5709 8
5710 2
5711 7
5712 2
5713 1
5714 2
5715 3
5716 1
5717 2
5718 1
5719 1
5720 3
5721 1
5725 3
5726 38
5727 1
5730 1
5733 2
5734 1
5735 2
5736 5
5737 1
5738 1
5739 1
5740 62
5743 3
5744 1
5745 3
5747 1
5748 1
5749 3
5750 1
5754 1
5756 3
5757 1
5759 3
5760 2
5761 1
5762 1
5763 5
5764 9
5765 6
5766 3
5767 1
5768 3
5770 1
5772 1
5773 1
5774 1
5776 3
5777 1
5778 1
5779 3
5780 3
5781 3
5782 2
5783 2
5784 3
5785 3
5788 7
5789 1
5790 1
5792 3
5793 1
5794 3
5795 2
5796 1
5797 2
5798 2
5799 5
5800 1
5801 2
5802 3
5804 3
5807 3
5808 3
5809 10
5811 1
5812 1
5813 1
5814 1
5815 3
5816 3
5818 3
5819 2
5820 1
5821 1
5822 2
5823 1
5824 1
5825 4
5826 2
5827 3
5829 2
5832 3
5833 1
5835 1
5837 2
5838 1
5839 1
5842 4
5843 2
5845 2
5846 2
5847 2
5848 1
5849 1
5850 2
5851 3
5852 1
5853 2
5854 3
5855 4
5857 3
5858 3
5859 3
5860 4
5861 3
5862 1
5863 3
5864 3
5865 5
5866 1
5867 10
5868 2
5869 1
5872 3
5873 2
5876 1
5879 2
5880 1
5881 3
5883 5
5884 2
5886 2
5887 4
5888 1
5889 8
5890 7
5891 6
5892 3
5893 1
5894 2
5895 6
5896 3
5898 1
5899 1
5900 1
5901 1
5902 4
5903 1
5904 8
5905 3
5906 2
5907 3
5908 1
5909 9
5911 4
5913 3
5914 1
5915 5
5916 3
5918 31
5919 2
5920 2
5922 1
5923 10
5924 2
5925 2
5928 3
5929 1
5930 1
5932 1
5934 2
5935 10
5936 7
5937 6
5939 10
5940 5
5941 2
5942 2
5944 2
5945 3
5946 1
5952 2
5955 2
5956 1
5957 1
5959 2
5960 22
5961 5
5963 4
5964 6
5965 8
5966 3
5967 5
5968 1
5970 8
5971 6
5972 1
5973 2
5974 4
5975 9
5976 4
5977 1
5978 1
5980 6
5981 1
5982 3
5983 3
5984 8
5985 1
5986 8
5987 19
5988 3
5989 1
5990 1
5991 1
5992 1
5994 1
5995 3
5998 1
5999 1
6000 3
6001 1
6002 1
6005 3
6006 1
6007 1
6008 1
6009 32
6010 3
6012 1
6014 1
6015 2
6016 9
6017 3
6018 1
6019 14
6020 7
6021 4
6022 2
6023 15
6024 1
6025 4
6029 1
6033 1
6034 1
6035 1
6036 1
6038 2
6039 6
6040 3
6042 3
6044 1
6048 6
6050 3
6051 1
6055 4
6056 1
6058 1
6059 1
6060 1
6061 1
6062 2
6063 1
6065 2
6066 1
6069 1
6070 2
6071 2
6074 2
6075 4
6076 4
6077 2
6078 2
6079 4
6081 5
6084 1
6085 2
6086 2
6087 2
6088 1
6089 1
6091 1
6092 2
6093 1
6094 2
6095 1
6096 1
6098 3
6099 1
6100 1
6102 1
6103 2
6105 1
6106 1
6107 1
6108 1
6110 2
6112 1
6113 1
6115 1
6117 1
6118 1
6119 2
6121 3
6124 1
6128 2
6129 1
6131 1
6132 3
6133 1
6134 2
6135 3
6136 2
6137 1
6139 1
6140 1
6143 1
6146 1
6147 2
6148 1
6149 1
6153 1
6154 5
6156 1
6157 4
6158 3
6159 1
6161 4
6163 3
6164 1
6165 5
6167 5
6168 2
6169 1
6170 2
6171 1
6172 2
6173 4
6175 6
6176 2
6177 2
6179 1
6180 1
6182 1
6188 2
6190 1
6192 7
6193 1
6194 1
6195 3
6196 1
6197 4
6198 1
6202 1
6203 1
6204 1
6206 2
6208 4
6209 2
6212 1
6213 2
6214 1
6215 1
6217 3
6220 1
6222 1
6223 2
6224 3
6225 2
6226 1
6227 1
6228 1
6230 2
6233 1
6234 1
6235 1
6238 2
6240 1
6241 1
6243 1
6244 1
6245 2
6248 2
6249 2
6250 5
6251 2
6254 1
6256 1
6258 1
6260 1
6261 5
6262 3
6265 1
6266 1
6268 2
6270 1
6273 1
6274 1
6277 2
6278 2
6280 3
6282 2
6285 1
6289 1
6290 5
6291 1
6293 1
6295 2
6296 5
6297 1
6298 4
6299 4
6301 5
6303 4
6305 7
6308 1
6311 2
6312 2
6313 6
6314 13
6315 1
6316 1
6318 5
6320 2
6321 1
6322 1
6323 1
6324 2
6328 1
6329 1
6330 1
6332 3
6334 1
6335 1
6336 2
6338 3
6340 1
6341 2
6344 1
6345 1
6346 1
6347 1
6348 1
6350 3
6351 1
6353 2
6354 3
6355 1
6356 2
6357 2
6360 1
6361 3
6362 185
6363 1
6364 1
6365 2
6367 1
6369 3
6371 2
6372 3
6373 1
6375 1
6376 3
6377 2
6379 2
6380 1
6383 4
6385 1
6387 3
6391 1
6392 1
6393 1
6394 2
6395 1
6396 2
6397 2
6398 2
6400 1
6401 3
6403 1
6404 1
6407 1
6408 1
6411 5
6412 1
6414 1
6415 1
6417 4
6419 1
6420 7
6422 2
6423 2
6424 3
6425 4
6426 1
6428 1
6429 3
6430 1
6432 2
6433 2
6434 2
6437 1
6438 3
6439 1
6440 2
6442 1
6444 2
6450 4
6451 1
6453 2
6454 1
6455 8
6456 1
6457 2
6458 1
6459 1
6460 4
6464 1
6465 2
6466 2
6467 3
6469 8
6470 3
6471 5
6472 3
6473 2
6474 2
6475 1
6476 2
6477 1
6478 1
6479 3
6482 5
6484 2
6487 1
6488 1
6489 1
6492 8
6494 1
6495 3
6496 3
6497 1
6498 2
6499 1
6504 1
6506 7
6507 2
6509 2
6511 1
6516 1
6517 1
6518 2
6520 2
6521 1
6522 1
6525 2
6526 3
6528 5
6529 9
6530 3
6531 2
6532 1
6533 4
6534 1
6535 3
6536 4
6537 1
6538 4
6539 3
6541 2
6543 1
6546 2
6547 3
6548 2
6549 3
6553 1
6554 1
6555 2
6563 2
6567 2
6568 1
6569 1
6571 4
6572 2
6576 3
6577 2
6578 1
6579 1
6581 2
6585 1
6586 2
6587 5
6588 1
6589 1
6590 1
6592 2
6594 3
6595 1
6596 2
6597 2
6598 7
6599 3
6600 1
6606 1
6608 2
6610 1
6612 1
6613 1
6614 1
6615 1
6616 3
6617 2
6618 1
6620 2
6622 1
6623 3
6624 2
6625 1
6627 2
6629 1
6630 3
6631 3
6632 2
6633 1
6635 2
6638 2
6641 1
6642 1
6644 2
6645 6
6647 1
6649 3
6652 1
6653 1
6655 3
6656 3
6657 1
6658 2
6659 2
6661 1
6662 3
6663 2
6664 1
6665 1
6667 3
6669 2
6671 1
6673 2
6675 1
6676 4
6677 1
6678 3
6679 1
6680 1
6681 2
6683 2
6685 2
6686 1
6687 3
6689 3
6690 1
6691 1
6692 2
6694 2
6695 2
6696 2
6700 2
6701 3
6703 5
6704 2
6705 2
6706 4
6707 3
6711 1
6712 1
6713 1
6714 3
6716 1
6717 2
6718 1
6719 2
6720 3
6721 2
6723 1
6725 3
6727 4
6731 1
6732 1
6733 1
6735 4
6738 3
6739 1
6741 1
6743 1
6745 1
6747 1
6748 1
6749 2
6750 3
6751 2
6752 5
6753 1
6754 1
6756 1
6757 1
6760 2
6761 1
6762 1
6763 2
6764 1
6768 3
6769 1
6770 1
6771 1
6772 3
6774 1
6775 2
6776 3
6777 1
6779 1
6780 1
6781 1
6782 1
6783 1
6785 1
6786 5
6789 1
6791 1
6792 4
6793 6
6794 2
6795 3
6796 1
6798 5
6802 2
6803 3
6805 2
6806 2
6807 1
6808 2
6810 2
6812 2
6813 1
6814 3
6816 4
6817 1
6818 1
6819 4
6820 1
6821 1
6823 2
6824 1
6825 3
6826 4
6827 2
6829 2
6830 1
6831 2
6832 4
6833 1
6834 2
6835 2
6838 1
6839 1
6840 1
6841 3
6842 1
6843 3
6845 1
6847 1
6851 1
6853 3
6856 1
6858 1
6860 1
6863 3
6865 2
6869 2
6876 2
6878 1
6882 1
6883 4
6884 1
6885 1
6887 10
6888 1
6889 5
6890 1
6891 3
6892 1
6893 2
6894 1
6896 1
6897 5
6899 1
6900 1
6901 1
6904 1
6905 1
6906 4
6907 2
6908 1
6911 1
6913 1
6914 1
6917 2
6919 2
6920 1
6921 1
6922 1
6924 2
6928 2
6931 2
6933 2
6934 3
6936 1
6940 5
6942 1
6945 1
6950 5
6951 1
6952 2
6955 1
6956 1
6957 1
6958 2
6960 2
6963 3
6965 1
6966 2
6967 2
6968 1
6969 2
6970 1
6973 6
6974 4
6976 3
6977 1
6978 1
6981 2
6982 1
6984 2
6985 2
6986 2
6988 1
6991 1
6996 1
7000 2
7002 4
7003 1
7004 1
7005 2
7006 1
7007 2
7008 1
7010 1
7013 1
7017 1
7018 1
7026 1
7027 1
7028 2
7029 1
7033 6
7034 3
7035 7
7036 1
7037 1
7042 1
7043 1
7049 1
7053 2
7055 6
7056 1
7057 1
7059 1
7063 1
7067 1
7068 2
7070 1
7071 1
7072 1
7073 2
7076 2
7078 1
7081 1
7082 1
7085 1
7086 2
7089 2
7091 2
7093 2
7094 1
7097 1
7101 5
7103 2
7105 2
7109 2
7111 1
7113 1
7115 1
7118 1
7120 1
7121 1
7122 1
7123 1
7125 1
7126 3
7128 1
7130 1
7132 3
7134 1
7140 2
7141 1
7143 2
7144 1
7151 1
7152 1
7154 3
7155 1
7157 1
7161 1
7165 1
7167 2
7170 1
7172 1
7176 1
7177 2
7178 3
7179 2
7180 1
7185 1
7190 1
7191 3
7192 1
7194 2
7196 1
7204 2
7205 2
7210 1
7211 1
7216 3
7217 1
7218 1
7219 1
7220 1
7221 1
7228 2
7229 3
7230 1
7231 1
7233 1
7235 2
7236 1
7237 2
7238 1
7239 1
7241 1
7244 1
7247 1
7248 4
7256 1
7265 1
7266 1
7268 1
7269 1
7271 1
7274 1
7276 2
7281 2
7282 1
7284 2
7285 1
7289 1
7291 1
7294 1
7300 1
7304 2
7305 1
7306 3
7308 2
7309 2
7311 1
7312 1
7314 1
7315 3
7320 1
7324 1
7325 1
7327 1
7331 1
7332 1
7345 2
7347 1
7351 1
7352 2
7353 1
7354 1
7357 1
7358 2
7359 2
7360 4
7362 1
7363 1
7366 2
7368 1
7376 1
7381 1
7383 1
7386 1
7389 1
7392 1
7398 2
7403 1
7405 1
7406 2
7407 1
7408 1
7409 4
7410 89
7411 296
7412 32
7413 42
7414 3
7417 1
7428 1
7430 1
7432 1
7435 2
7436 1
7439 1
7441 1
7443 1
7444 1
7446 1
7448 3
7452 1
7453 1
7455 1
7456 2
7460 1
7461 1
7464 1
7465 1
7473 1
7478 2
7484 1
7486 1
7491 1
7492 1
7494 1
7496 1
7504 2
7505 2
7506 1
7507 1
7514 1
7515 1
7518 1
7519 1
7521 7
7523 1
7524 1
7526 2
7529 1
7531 1
7534 1
7536 1
7539 1
7547 1
7549 1
7550 1
7551 2
7553 1
7554 1
7555 1
7558 1
7564 1
7565 2
7567 2
7570 1
7571 1
7578 2
7579 2
7580 1
7583 2
7585 1
7587 1
7589 1
7590 2
7591 1
7592 1
7596 1
7605 3
7609 1
7610 1
7611 1
7612 2
7615 1
7618 1
7622 1
7626 1
7628 1
7633 1
7635 1
7639 2
7641 1
7643 1
7644 8
7649 1
7650 4
7657 1
7660 1
7661 1
7662 1
7663 1
7666 2
7668 2
7672 1
7674 2
7675 2
7676 1
7677 1
7679 2
7680 1
7681 3
7683 1
7684 4
7685 1
7686 4
7691 5
7693 1
7695 1
7697 1
7699 1
7702 1
7705 1
7708 2
7711 2
7712 1
7720 1
7721 1
7722 2
7723 1
7725 1
7727 1
7728 1
7731 1
7732 2
7733 2
7734 2
7735 1
7736 1
7737 1
7745 1
7747 1
7748 1
7751 1
7753 1
7754 5
7757 1
7759 3
7760 5
7762 1
7765 9
7768 1
7769 1
7771 1
7773 1
7775 3
7776 2
7778 1
7787 1
7788 1
7789 1
7790 1
7793 3
7795 1
7797 1
7798 6
7800 4
7805 2
7806 2
7807 1
7808 2
7809 2
7811 2
7814 6
7816 1
7819 3
7821 1
7824 1
7825 1
7826 1
7827 1
7828 1
7829 7
7830 1
7831 5
7833 1
7835 1
7836 1
7837 20
7838 8
7839 1
7840 5
7841 1
7842 1
7845 7
7846 19
7847 13
7848 59
7849 2
7850 1
7851 9
7853 76
7857 1
7862 1
7866 3
7872 1
7876 1
7878 1
7880 1
7882 24
7883 1
7886 1
7891 1
7899 1
7902 1
7903 1
7907 2
7909 1
7912 1
7914 1
7916 1
7920 1
7921 2
7924 1
7929 3
7931 1
7938 1
7939 1
7942 1
7945 1
7947 1
7950 2
7951 1
7954 1
7960 1
7961 2
7963 3
7965 2
7966 1
7967 2
7972 1
7974 5
7977 1
7978 1
7982 1
7983 1
7984 1
7989 3
7991 1
7992 1
7993 3
7994 1
7996 3
8001 3
8009 1
8011 2
8017 1
8019 1
8020 1
8029 1
8034 1
8037 1
8042 1
8043 4
8045 1
8052 3
8054 2
8055 1
8057 1
8062 2
8066 2
8068 1
8071 1
8074 1
8076 3
8077 1
8079 1
8083 2
8084 1
8085 1
8086 1
8088 2
8090 1
8092 1
8093 1
8097 1
8103 1
8108 2
8111 2
8114 1
8118 1
8123 1
8126 2
8133 1
8136 1
8139 1
8142 1
8145 3
8148 1
8152 1
8158 6
8160 1
8162 1
8164 1
8168 1
8174 1
8179 1
8180 1
8186 1
8188 1
8193 1
8198 1
8210 1
8221 1
8224 1
8226 1
8228 1
8231 1
8236 2
8240 1
8242 1
8246 1
8249 1
8253 3
8254 1
8258 1
8260 1
8263 1
8266 1
8270 1
8271 2
8275 1
8276 1
8285 2
8287 1
8288 1
8292 1
8294 1
8297 1
8299 1
8304 1
8306 1
8307 1
8308 2
8311 1
8315 1
8316 1
8317 2
8319 1
8330 3
8332 1
8336 1
8341 1
8344 3
8346 2
8350 1
8351 1
8360 1
8367 2
8369 1
8371 2
8372 1
8373 1
8377 1
8383 1
8388 1
8392 1
8398 2
8407 1
8413 1
8426 1
8430 1
8435 1
8437 1
8443 1
8444 1
8446 1
8448 1
8454 1
8460 1
8472 1
8473 1
8476 1
8478 2
8480 1
8485 2
8487 1
8489 1
8495 3
8496 1
8501 1
8509 1
8515 1
8524 1
8532 1
8533 1
8536 1
8540 1
8542 1
8545 1
8547 1
8555 1
8556 1
8561 1
8563 1
8573 1
8575 1
8591 1
8602 1
8606 1
8607 1
8612 1
8614 1
8617 1
8618 1
8623 1
8627 1
8629 1
8630 1
8634 2
8638 1
8645 1
8649 1
8651 1
8657 1
8662 6
8665 2
8666 2
8672 1
8673 1
8684 2
8690 1
8692 1
8695 1
8697 1
8699 1
8702 2
8703 1
8705 7
8711 1
8716 2
8718 1
8724 1
8731 3
8732 1
8733 3
8735 3
8736 1
8739 1
8740 1
8742 1
8753 1
8758 1
8760 1
8762 1
8767 1
8771 2
8773 1
8774 1
8777 5
8780 1
8782 1
8786 1
8809 1
8812 2
8817 1
8822 1
8824 1
8825 1
8828 1
8834 1
8838 1
8843 1
8846 1
8851 1
8852 3
8854 1
8855 1
8856 4
8857 1
8858 2
8860 1
8861 1
8862 1
8867 1
8870 2
8872 2
8880 1
8884 1
8885 1
8886 2
8890 1
8894 5
8896 1
8898 1
8899 1
8900 1
8904 1
8910 1
8914 2
8915 1
8916 8
8918 27
8922 1
8923 1
8924 1
8926 2
8927 1
8928 3
8929 1
8939 1
8940 1
8948 1
8951 1
8952 1
8953 2
8955 2
8956 1
8957 1
8958 1
8963 1
8968 1
8973 1
8984 1
8991 1
8999 2
9012 1
9018 2
9020 1
9025 29
9029 5
9031 1
9032 1
9040 3
9048 1
9049 3
9051 1
9068 1
9072 3
9075 1
9079 1
9080 5
9094 1
9100 2
9105 1
9106 2
9108 1
9109 1
9110 3
9116 1
9123 1
9124 1
9125 2
9129 1
9134 1
9140 1
9141 1
9145 1
9149 3
9151 1
9153 1
9156 1
9166 1
9170 2
9185 2
9187 1
9194 1
9198 1
9201 1
9203 1
9204 3
9211 1
9214 1
9218 2
9230 1
9236 1
9248 1
9251 2
9253 1
9255 1
9257 2
9259 1
9261 1
9262 1
9263 2
9268 2
9271 1
9273 9
9275 1
9277 3
9279 4
9280 1
9282 1
9283 1
9289 6
9293 1
9297 1
9300 6
9302 3
9306 1
9308 2
9311 1
9313 3
9317 2
9318 1
9322 1
9323 1
9324 1
9328 1
9330 2
9335 1
9338 1
9341 1
9347 1
9349 1
9352 1
9360 1
9361 2
9367 1
9374 1
9376 1
9383 1
9386 1
9396 1
9399 1
9400 1
9403 2
9405 3
9406 1
9411 2
9423 1
9429 1
9432 1
9433 1
9441 1
9443 1
9444 1
9448 1
9449 1
9450 1
9451 1
9452 1
9454 1
9455 14
9457 55
9461 1
9462 1
9470 6
9481 1
9498 1
9499 1
9501 1
9509 2
9510 1
9513 1
9522 1
9525 3
9535 7
9536 8
9540 1
9542 1
9544 1
9546 1
9550 1
9551 1
9570 1
9582 1
9585 3
9592 1
9595 1
9597 1
9611 1
9613 1
9622 1
9627 1
9631 1
9633 1
9635 1
9638 1
9640 4
9642 1
9649 1
9655 1
9666 1
9674 1
9678 1
9682 1
9684 1
9688 1
9693 1
9707 2
9719 1
9724 1
9726 1
9730 1
9731 1
9735 4
9739 1
9740 1
9745 2
9753 1
9756 2
9758 1
9764 1
9768 2
9774 1
9785 1
9786 1
9788 1
9793 1
9801 2
9804 1
9805 1
9813 1
9834 1
9835 2
9839 1
9846 1
9847 1
9856 1
9860 1
9868 1
9884 1
9890 1
9895 1
9896 1
9899 1
9903 1
9910 1
9911 2
9914 1
9917 1
9924 1
9928 1
9935 1
9941 1
9947 1
9948 2
9951 1
9952 1
9953 1
9954 1
9961 1
9964 1
9966 1
9970 1
9971 1
9980 1
9991 1
10002 1
10010 1
10012 1
10019 1
10021 1
10031 1
10036 1
10048 1
10050 1
10054 2
10073 1
10077 1
10079 1
10081 2
10085 1
10089 1
10096 1
10106 1
10108 1
10116 4
10126 2
10128 1
10129 1
10146 1
10147 2
10150 1
10151 1
10157 2
10159 1
10163 1
10169 1
10173 1
10178 1
10187 4
10196 1
10219 2
10227 1
10229 1
10262 1
10263 1
10274 1
10294 1
10295 1
10319 1
10323 2
10330 1
10335 1
10339 1
10345 1
10373 1
10385 1
10400 1
10411 1
10414 1
10418 1
10421 1
10426 1
10427 1
10430 1
10434 2
10435 1
10448 1
10449 3
10460 2
10478 1
10481 1
10491 1
10492 1
10506 1
10514 1
10515 1
10517 1
10520 1
10521 1
10533 1
10539 1
10541 1
10543 1
10560 1
10561 2
10562 2
10565 1
10566 1
10570 1
10578 1
10594 1
10596 2
10599 1
10602 1
10603 2
10604 1
10605 1
10607 18
10609 1
10610 1
10615 1
10617 1
10624 1
10627 4
10629 3
10630 1
10645 2
10652 1
10656 1
10662 1
10666 1
10670 1
10672 1
10673 2
10684 1
10685 2
10689 1
10699 1
10700 1
10702 1
10703 1
10706 1
10712 1
10714 2
10717 1
10722 2
10726 1
10731 1
10736 1
10739 1
10740 2
10744 1
10748 1
10758 1
10759 1
10764 1
10765 2
10767 1
10771 3
10776 1
10777 1
10798 1
10799 1
10809 4
10810 1
10813 1
10816 1
10819 1
10823 1
10838 1
10844 1
10845 1
10851 1
10852 2
10853 1
10855 1
10860 1
10861 1
10863 1
10864 1
10866 1
10874 1
10877 1
10878 5
10881 1
10894 1
10912 1
10914 1
10918 1
10919 3
10923 1
10927 2
10941 1
10952 2
10979 1
10981 3
10986 1
10995 2
11006 1
11010 1
11027 1
11028 1
11033 1
11035 1
11037 1
11038 1
11056 1
11072 2
11077 1
11079 1
11085 1
11087 1
11094 1
11097 1
11102 1
11108 1
11109 1
11115 1
11127 1
11129 1
11131 1
11135 1
11137 1
11141 1
11143 1
11144 2
11148 1
11166 1
11171 1
11178 2
11180 1
11190 1
11193 7
11195 1
11199 1
11204 1
11206 1
11209 1
11216 1
11218 1
11220 1
11225 1
11232 3
11249 1
11256 1
11266 1
11272 1
11274 2
11278 1
11282 1
11289 1
11291 1
11294 1
11323 1
11331 1
11333 1
11340 1
11344 1
11348 3
11352 1
11353 1
11354 2
11358 1
11375 1
11379 1
11397 1
11401 1
11407 1
11420 2
11425 1
11428 1
11431 1
11432 2
11442 1
11445 1
11446 1
11453 1
11459 1
11460 1
11467 1
11475 1
11479 1
11483 1
11484 1
11485 1
11487 2
11489 2
11493 1
11497 1
11500 1
11502 1
11513 1
11515 1
11517 1
11519 1
11521 1
11535 1
11537 1
11540 1
11542 1
11543 1
11548 1
11558 1
11561 1
11563 1
11567 2
11574 1
11575 1
11579 1
11581 1
11586 1
11600 1
11606 1
11614 1
11616 1
11624 1
11628 1
11632 1
11633 2
11634 1
11635 1
11637 1
11638 2
11645 1
11652 1
11658 1
11660 1
11666 1
11668 1
11678 1
11684 1
11688 1
11694 1
11706 2
11708 1
11724 2
11725 2
11726 1
11732 2
11742 1
11745 1
11752 2
11754 1
11755 1
11757 1
11762 1
11763 1
11765 1
11768 1
11782 2
11793 1
11794 1
11800 1
11804 2
11805 1
11809 1
11813 2
11817 2
11819 2
11820 1
11827 1
11839 1
11841 1
11842 1
11843 1
11845 1
11847 2
11848 1
11849 1
11852 2
11855 1
11863 1
11868 1
11876 1
11879 1
11882 3
11889 1
11894 1
11895 2
11896 1
11897 1
11899 1
11906 1
11907 1
11910 1
11919 1
11927 1
11935 2
11936 1
11942 1
11947 2
11956 1
11959 1
11960 1
11963 2
11965 1
11976 1
11977 1
11983 1
11990 1
12009 1
12019 2
12023 2
12032 1
12033 1
12036 1
12038 1
12039 1
12047 1
12061 1
12066 3
12073 1
12080 4
12081 1
12084 1
12085 1
12094 1
12106 1
12107 1
12110 1
12120 1
12127 1
12138 1
12139 1
12146 1
12151 1
12153 1
12158 1
12159 1
12160 1
12172 1
12175 1
12177 4
12178 1
12182 1
12184 3
12190 2
12194 1
12199 2
12204 1
12206 4
12208 1
12210 1
12215 1
12221 1
12224 2
12225 1
12227 1
12237 1
12245 1
12248 1
12250 1
12268 1
12269 1
12273 1
12275 1
12288 1
12293 1
12297 1
12300 1
12301 1
12302 2
12304 1
12306 1
12307 1
12308 1
12313 2
12316 1
12319 1
12327 1
12330 1
12337 1
12349 1
12350 1
12353 1
12354 1
12356 3
12359 1
12360 1
12373 1
12379 2
12381 1
12385 1
12394 1
12398 1
12403 1
12416 1
12421 1
12422 2
12425 3
12427 2
12431 1
12432 1
12437 1
12456 1
12459 1
12460 1
12466 1
12468 2
12478 1
12493 1
12495 1
12498 1
12499 3
12501 1
12502 1
12514 2
12516 1
12520 1
12530 1
12533 1
12547 2
12552 1
12560 1
12564 1
12569 2
12578 3
12579 1
12584 2
12589 1
12591 1
12593 1
12599 1
12623 1
12626 1
12627 1
12634 1
12642 1
12654 1
12660 1
12662 1
12663 1
12664 1
12668 2
12670 1
12676 1
12690 1
12703 1
12716 2
12717 1
12721 2
12723 3
12731 1
12738 1
12739 1
12743 4
12747 1
12750 1
12755 1
12757 1
12780 1
12781 1
12783 5
12784 1
12796 1
12800 1
12804 3
12806 1
12807 1
12810 1
12811 2
12821 1
12828 1
12864 2
12868 1
12879 1
12881 3
12882 1
12883 1
12885 1
12897 1
12916 1
12918 1
12944 1
12947 2
12971 1
12973 1
12985 1
12999 1
13007 1
13008 1
13015 2
13020 1
13022 1
13027 1
13030 1
13038 1
13042 2
13043 1
13045 1
13047 1
13066 1
13069 1
13071 1
13099 1
13104 1
13112 1
13122 1
13128 1
13131 2
13141 1
13143 1
13145 1
13162 1
13163 1
13176 2
13177 1
13188 2
13196 1
13203 1
13226 1
13236 1
13241 1
13243 1
13248 2
13254 1
13258 1
13262 1
13278 1
13283 2
13285 1
13291 1
13306 1
13328 1
13342 1
13344 1
13367 1
13393 1
13400 1
13405 1
13413 1
13436 1
13450 1
13458 1
13460 4
13466 1
13476 1
13482 1
13490 1
13495 1
13508 2
13514 1
13518 1
13520 1
13522 1
13524 1
13535 1
13543 1
13552 1
13558 1
13559 1
13560 1
13562 1
13566 1
13576 1
13578 1
13582 1
13590 1
13597 1
13609 1
13617 2
13623 2
13633 1
13660 1
13679 1
13696 1
13698 1
13700 1
13707 1
13717 1
13738 2
13740 1
13742 1
13750 1
13752 1
13754 1
13764 1
13780 1
13793 2
13802 1
13806 3
13812 1
13818 1
13826 1
13847 1
13877 1
13878 1
13880 1
13891 1
13894 1
13906 2
13910 1
13911 1
13917 1
13918 1
13937 1
13940 1
13948 1
13960 1
13983 1
13996 1
14005 1
14006 1
14026 1
14030 1
14032 1
14046 1
14048 3
14058 1
14061 1
14062 1
14069 3
14071 1
14073 1
14077 2
14080 2
14083 1
14086 1
14104 1
14110 1
14123 1
14133 1
14135 1
14140 1
14142 2
14153 1
14167 1
14187 1
14192 1
14225 1
14235 1
14236 3
14241 1
14247 1
14248 1
14252 1
14257 1
14262 1
14271 2
14279 1
14284 2
14301 1
14315 1
14360 1
14364 1
14379 1
14384 1
14392 1
14400 1
14401 1
14405 1
14407 1
14409 1
14410 1
14416 1
14430 1
14434 1
14438 1
14454 2
14462 1
14467 1
14469 1
14474 1
14476 2
14483 1
14493 1
14496 1
14501 2
14505 1
14511 1
14520 2
14522 1
14525 1
14526 1
14527 1
14530 1
14534 4
14536 2
14539 1
14553 1
14556 1
14562 1
14564 1
14568 1
14572 1
14579 1
14585 1
14590 1
14592 1
14594 2
14598 1
14602 1
14616 2
14621 1
14631 1
14645 1
14666 1
14668 1
14671 2
14673 1
14680 1
14687 1
14692 1
14714 1
14727 1
14753 1
14755 1
14758 1
14762 1
14766 1
14768 2
14770 1
14785 1
14787 1
14789 2
14794 1
14796 1
14802 1
14805 1
14820 1
14821 1
14824 1
14835 4
14838 1
14841 1
14852 1
14855 1
14859 2
14861 1
14863 1
14866 2
14872 2
14877 1
14885 1
14890 2
14896 1
14899 1
14905 1
14911 1
14913 1
14919 1
14920 1
14921 1
14931 1
14936 1
14938 1
14958 1
14962 1
14965 1
14974 1
14975 2
14986 1
15003 1
15009 1
15011 1
15029 1
15038 1
15039 4
15041 13
15047 3
15049 1
15063 2
15070 1
15072 1
15076 1
15083 1
15092 1
15093 1
15094 1
15115 1
15127 1
15132 1
15133 1
15135 1
15145 1
15166 1
15177 1
15189 1
15197 1
15211 1
15216 1
15219 1
15224 2
15227 1
15228 1
15242 1
15258 1
15259 1
15262 1
15270 1
15286 1
15288 1
15308 1
15309 1
15312 1
15315 1
15324 1
15341 1
15347 1
15358 1
15359 1
15362 1
15373 1
15376 1
15379 1
15394 1
15400 1
15403 1
15405 1
15409 3
15415 1
15419 1
15426 1
15439 1
15442 2
15448 1
15450 1
15458 3
15471 1
15479 1
15485 1
15486 1
15496 1
15512 1
15540 1
15541 1
15545 1
15548 1
15552 1
15554 1
15555 1
15556 1
15583 1
15602 1
15605 1
15612 1
15640 1
15641 1
15642 1
15645 1
15647 1
15653 1
15667 1
15669 1
15670 1
15685 1
15693 1
15699 1
15704 1
15710 1
15712 2
15719 2
15726 1
15729 1
15737 1
15743 1
15744 1
15756 2
15781 1
15791 1
15794 1
15800 1
15803 1
15809 1
15815 1
15836 1
15838 2
15846 1
15869 1
15876 2
15877 1
15878 1
15887 2
15893 1
15897 1
15899 1
15901 1
15907 1
15908 2
15910 1
15912 2
15913 1
15928 1
15935 1
15943 2
15946 1
15948 1
15955 1
15957 1
15962 1
15970 1
15972 1
15973 1
15977 2
15979 1
15993 1
15998 1
16012 1
16014 1
16016 1
16027 1
16028 1
16034 1
16041 1
16052 2
16060 1
16062 1
16063 1
16067 1
16072 1
16075 2
16077 1
16082 2
16095 1
16096 1
16101 1
16108 1
16115 1
16129 1
16133 1
16142 1
16144 1
16145 3
16148 1
16149 1
16152 1
16159 1
16161 1
16163 1
16167 1
16177 1
16179 1
16186 1
16193 1
16210 1
16216 1
16218 2
16228 1
16230 1
16236 1
16238 2
16240 1
16242 1
16246 1
16247 2
16249 2
16251 1
16256 1
16271 1
16275 1
16278 1
16281 1
16289 1
16292 2
16293 1
16304 1
16306 1
16311 1
16313 1
16314 1
16315 1
16317 1
16318 1
16325 1
16327 2
16328 1
16331 1
16336 1
16337 1
16339 1
16342 1
16345 1
16347 1
16348 1
16353 1
16356 1
16364 3
16370 1
16372 1
16374 3
16411 2
16417 1
16423 1
16426 2
16427 1
16428 1
16429 1
16436 3
16444 2
16453 1
16454 2
16467 1
16471 2
16477 1
16479 1
16481 1
16483 1
16485 1
16488 1
16495 2
16497 1
16501 1
16503 1
16511 1
16522 1
16533 1
16538 1
16540 1
16543 1
16546 1
16556 2
16568 1
16577 1
16591 1
16611 1
16635 1
16637 2
16639 1
16659 1
16669 1
16673 1
16678 1
16680 2
16682 1
16686 1
16696 1
16703 1
16717 1
16731 1
16733 1
16743 1
16747 1
16762 2
16763 1
16770 1
16774 1
16784 1
16805 1
16812 1
16813 1
16827 1
16829 1
16830 2
16844 1
16847 1
16855 1
16864 1
16873 1
16890 1
16901 1
16907 1
16922 1
16926 1
16943 1
16975 1
16989 1
17009 1
17019 1
17023 1
17030 1
17061 1
17078 1
17086 1
17093 1
17096 1
17104 1
17127 1
17128 1
17133 1
17146 1
17155 1
17168 1
17193 1
17213 1
17220 1
17223 1
17242 1
17243 1
17252 1
17253 1
17254 3
17301 1
17304 1
17305 1
17308 1
17318 1
17331 1
17333 1
17345 1
17353 1
17366 1
17379 1
17380 1
17403 1
17430 1
17439 1
17442 1
17446 1
17451 1
17460 1
17473 1
17474 1
17476 1
17488 1
17496 1
17497 1
17500 1
17510 1
17515 1
17518 1
17527 1
17528 1
17529 1
17539 1
17555 1
17566 1
17568 1
17570 1
17576 1
17593 1
17594 2
17607 1
17640 3
17661 1
17662 1
17668 1
17677 1
17693 1
17703 1
17710 1
17722 1
17724 1
17736 1
17743 1
17749 1
17759 1
17761 1
17770 1
17776 1
17777 2
17778 1
17782 1
17792 2
17801 1
17803 1
17808 1
17809 2
17823 1
17827 1
17830 1
17831 1
17834 1
17836 1
17838 2
17846 2
17850 1
17852 1
17859 1
17863 2
17864 1
17871 1
17879 3
17881 1
17883 1
17885 3
17886 1
17887 10
17889 3
17899 1
17940 1
18039 1
18040 4
18044 1
18056 1
18059 1
18089 1
18123 1
18127 1
18135 1
18137 2
18140 1
18149 1
18150 8
18166 1
18176 1
18190 1
18209 1
18218 1
18231 1
18232 1
18252 2
18279 1
18284 1
18293 2
18299 1
18314 1
18349 1
18360 1
18379 1
18390 1
18401 1
18407 1
18410 1
18449 1
18452 1
18457 1
18521 1
18535 1
18559 1
18564 1
18568 1
18580 1
18602 1
18608 1
18635 2
18650 1
18657 1
18669 1
18675 1
18678 1
18707 1
18715 1
18737 1
18770 1
18840 1
18880 1
18921 1
18938 1
18968 1
18974 2
18992 1
18999 1
19007 1
19019 1
19031 1
19035 1
19051 1
19070 1
19071 1
19084 1
19085 1
19089 2
19099 1
19109 1
19125 1
19130 1
19140 1
19182 1
19184 1
19203 1
19217 1
19267 1
19279 2
19281 1
19282 1
19289 1
19321 2
19337 1
19359 1
19365 2
19368 1
19375 1
19381 1
19391 1
19392 1
19406 1
19410 1
19415 1
19426 1
19427 1
19431 1
19435 1
19448 1
19455 1
19479 1
19481 1
19494 1
19547 1
19555 1
19559 1
19563 1
19591 1
19599 1
19653 1
19668 1
19670 1
19682 1
19686 1
19710 1
19720 1
19753 1
19758 1
19760 2
19763 1
19771 1
19790 2
19796 1
19798 1
19802 1
19824 1
19849 1
19880 1
19881 2
19884 1
19902 2
19905 1
19921 1
19923 1
19937 1
19968 1
19976 1
19986 1
20016 1
20019 1
20053 1
20062 1
20078 1
20084 1
20097 1
20125 1
20133 1
20141 1
20143 1
20155 1
20183 1
20184 1
20187 1
20190 1
20199 1
20425 1
20495 1
20524 1
20582 1
20634 1
20707 1
20837 1
20904 1
21046 1
21057 1
21060 1
21077 1
21078 1
21317 2
21320 1
21342 1
21365 2
21368 1
21377 1
21399 1
21422 1
21438 1
21454 3
21505 10
21515 4
21529 1
21530 1
21568 1
21655 1
21724 1
21731 1
21781 1
21856 1
21889 1
21917 1
22024 1
22050 1
22109 1
22115 1
22145 1
22186 1
22215 1
22309 1
22328 1
22338 2
22373 1
22420 2
22422 2
22425 1
22465 1
22484 1
22531 1
22544 1
22630 1
22665 1
22679 1
22744 1
22745 1
22767 1
22779 1
22807 1
22845 1
22848 1
22854 1
22865 2
22867 1
22873 1
22881 1
22883 1
22886 1
22910 1
22928 1
22929 1
22932 1
22948 2
22957 1
22961 1
22965 1
22972 1
22977 1
22979 1
22980 1
22996 1
23012 1
23021 1
23054 1
23056 1
23058 1
23067 1
23093 1
23099 1
23102 1
23103 1
23104 1
23112 1
23122 1
23143 1
23149 1
23159 1
23170 1
23207 1
23210 1
23216 1
23217 1
23229 1
23230 1
23232 1
23233 1
23240 1
23255 1
23270 1
23271 1
23287 1
23289 1
23295 1
23315 1
23317 1
23321 1
23330 1
23384 1
23389 1
23391 1
23399 1
23401 1
23402 1
23403 1
23409 1
23410 1
23422 1
23445 1
23447 1
23448 2
23471 1
23551 1
23554 1
23557 1
23562 2
23564 2
23576 1
23590 1
23681 1
23690 1
23691 1
23692 6
23694 1
23695 4
23701 1
23707 1
23716 1
23718 1
23730 6
23772 2
23776 1
23778 1
23780 6
23790 1
23800 2
23806 3
23808 4
23820 1
23821 8
23825 6
23827 1
23828 2
23829 1
23830 8
23831 1
23834 7
23835 1
23838 5
23839 18
23843 1
23852 3
23853 8
23855 8
23867 5
23868 2
23871 4
23875 1
23878 10
23879 6
23880 1
23881 7
23884 1
23952 1
24126 1
24141 1
24186 1
24192 1
24249 1
24269 1
24289 1
24311 1
24313 1
24370 1
24395 1
24503 1
24616 2
24618 1
24677 1
24684 1
24727 1
24738 1
24768 1
24769 1
24774 1
24777 1
24780 1
24786 1
24790 1
24791 1
24792 1
24794 1
24795 1
24797 2
24805 1
24806 1
24808 2
24810 9
24812 1
24814 1
24818 1
24825 7
24826 5
24828 18
