0 144984204
1 1709984716
2 96438161
3 15181259
4 4695726
5 2016148
6 1049838
7 598366
8 379606
9 251408
10 171872
11 125819
12 94570
13 71099
14 54753
15 44625
16 37183
17 30641
18 25300
19 21666
20 18438
21 15984
22 14565
23 11991
24 10760
25 9506
26 8558
27 7545
28 6916
29 6280
30 5685
31 5130
32 4608
33 4429
34 4011
35 3751
36 3585
37 3365
38 2928
39 2817
40 2494
41 2465
42 2348
43 2096
44 1872
45 1777
46 1788
47 1588
48 1518
49 1464
50 1321
51 1163
52 1229
53 1172
54 1100
55 1050
56 979
57 964
58 906
59 924
60 841
61 808
62 754
63 713
64 670
65 710
66 654
67 628
68 651
69 595
70 542
71 557
72 513
73 502
74 487
75 469
76 447
77 414
78 447
79 470
80 383
81 377
82 422
83 379
84 364
85 377
86 318
87 323
88 311
89 353
90 309
91 306
92 317
93 299
94 288
95 305
96 271
97 241
98 256
99 273
100 243
101 261
102 201
103 209
104 206
105 222
106 191
107 226
108 202
109 223
110 194
111 169
112 196
113 170
114 190
115 163
116 180
117 171
118 178
119 171
120 143
121 142
122 157
123 154
124 151
125 139
126 135
127 120
128 128
129 130
130 106
131 132
132 127
133 122
134 103
135 133
136 89
137 118
138 126
139 117
140 84
141 110
142 122
143 96
144 93
145 98
146 85
147 96
148 91
149 103
150 85
151 99
152 88
153 81
154 78
155 80
156 83
157 76
158 99
159 93
160 83
161 60
162 80
163 91
164 87
165 63
166 80
167 73
168 69
169 77
170 64
171 76
172 72
173 61
174 76
175 53
176 57
177 76
178 68
179 68
180 66
181 58
182 65
183 61
184 50
185 65
186 71
187 64
188 71
189 55
190 53
191 52
192 65
193 67
194 45
195 57
196 49
197 56
198 56
199 51
200 59
201 61
202 57
203 60
204 41
205 44
206 48
207 43
208 64
209 61
210 38
211 63
212 55
213 44
214 58
215 34
216 47
217 42
218 38
219 43
220 47
221 36
222 39
223 40
224 50
225 40
226 24
227 38
228 40
229 42
230 39
231 32
232 36
233 43
234 35
235 32
236 38
237 37
238 37
239 43
240 31
241 41
242 39
243 44
244 45
245 30
246 40
247 30
248 43
249 34
250 36
251 27
252 36
253 32
254 47
255 38
256 35
257 44
258 38
259 41
260 36
261 24
262 39
263 32
264 26
265 41
266 28
267 45
268 26
269 37
270 36
271 44
272 34
273 28
274 24
275 25
276 30
277 34
278 27
279 23
280 24
281 27
282 23
283 17
284 17
285 42
286 30
287 17
288 17
289 19
290 23
291 29
292 15
293 27
294 22
295 25
296 18
297 27
298 25
299 30
300 23
301 17
302 22
303 28
304 24
305 18
306 14
307 26
308 13
309 24
310 24
311 17
312 20
313 23
314 20
315 24
316 20
317 26
318 13
319 19
320 21
321 17
322 17
323 27
324 23
325 22
326 11
327 17
328 15
329 16
330 26
331 21
332 16
333 14
334 10
335 13
336 15
337 17
338 7
339 17
340 18
341 15
342 10
343 21
344 10
345 20
346 14
347 16
348 16
349 18
350 17
351 17
352 19
353 13
354 14
355 18
356 16
357 13
358 18
359 21
360 14
361 13
362 8
363 18
364 16
365 9
366 9
367 9
368 15
369 14
370 12
371 10
372 11
373 11
374 6
375 13
376 13
377 17
378 6
379 5
380 16
381 17
382 13
383 9
384 15
385 16
386 8
387 10
388 15
389 7
390 14
391 20
392 14
393 16
394 12
395 16
396 13
397 6
398 12
399 9
400 10
401 9
402 8
403 7
404 22
405 13
406 12
407 17
408 6
409 18
410 11
411 13
412 10
413 7
414 15
415 9
416 11
417 9
418 11
419 19
420 13
421 10
422 7
423 13
424 6
425 11
426 12
427 9
428 9
429 14
430 15
431 7
432 11
433 12
434 12
435 12
436 3
437 5
438 4
439 3
440 11
441 14
442 13
443 10
444 6
445 14
446 12
447 8
448 20
449 8
450 16
451 10
452 9
453 13
454 12
455 10
456 13
457 9
458 12
459 8
460 8
461 9
462 12
463 7
464 6
465 8
466 6
467 7
468 10
469 2
470 10
471 11
472 6
473 7
474 7
475 11
476 16
477 10
478 12
479 10
480 6
481 5
482 3
483 9
484 3
485 8
486 8
487 8
488 7
489 6
490 13
491 7
492 12
493 7
494 9
495 19
496 10
497 5
498 5
499 7
500 5
501 4
502 7
503 4
504 7
505 9
506 4
507 5
508 11
509 8
510 5
511 12
512 5
513 6
514 2
515 8
516 6
517 9
518 3
519 5
520 5
521 4
522 1
523 5
524 10
525 7
526 1
527 5
528 7
529 8
530 1
531 8
532 5
533 4
534 4
535 11
536 5
537 4
538 5
539 1
540 4
541 5
542 4
543 7
544 10
545 11
546 7
547 8
548 4
549 6
550 7
551 4
552 7
553 3
554 7
555 4
556 3
557 7
558 3
559 6
560 11
561 4
562 5
563 4
564 4
565 7
566 4
567 5
568 7
569 5
570 8
571 8
572 6
573 3
574 2
575 8
576 5
577 3
578 5
579 3
580 5
581 5
582 8
583 7
584 2
585 6
586 5
587 6
588 5
589 5
590 2
591 3
592 9
593 10
594 4
595 7
596 10
597 6
598 5
599 3
600 7
601 8
602 6
603 7
604 3
605 9
606 6
607 6
608 5
609 1
610 5
611 2
612 4
613 3
614 7
615 7
616 4
617 2
618 4
619 2
621 5
622 3
623 3
624 3
625 3
626 4
627 4
628 3
629 2
630 3
631 2
632 3
633 2
634 1
635 4
636 2
637 6
638 2
639 1
640 3
641 3
643 11
644 6
645 1
646 7
647 3
648 1
649 4
650 2
651 4
652 4
653 1
654 3
655 4
656 4
657 3
658 2
659 2
660 3
661 2
662 3
663 1
664 3
665 6
666 4
668 1
669 2
670 2
671 4
672 6
673 1
674 3
675 1
676 2
677 6
678 3
679 5
680 5
681 9
682 4
683 1
684 6
685 2
686 4
687 3
688 6
689 1
690 7
691 1
692 3
693 4
695 1
697 3
698 1
699 3
700 2
701 2
702 3
703 4
704 1
705 3
706 1
707 2
708 1
709 2
710 3
711 2
712 6
713 5
714 4
715 2
718 2
719 6
721 4
722 1
723 4
724 2
725 3
726 5
727 2
728 3
730 5
731 1
732 4
733 8
734 3
735 3
736 1
737 2
738 7
739 3
740 2
742 4
743 1
744 4
745 2
746 5
747 4
748 4
749 2
750 1
751 3
752 1
753 4
754 1
755 2
756 3
757 3
758 1
759 4
760 1
761 1
762 2
763 4
764 1
765 2
766 3
767 4
768 2
769 1
770 1
771 4
772 1
773 3
774 1
775 7
776 3
777 2
778 2
779 4
780 2
781 3
782 1
783 2
784 5
785 1
786 3
787 2
788 3
789 1
790 1
791 2
792 2
793 5
794 3
796 1
797 2
798 2
799 3
800 6
801 4
802 2
803 4
804 2
805 3
806 3
807 3
808 1
809 1
810 3
811 3
812 5
813 2
814 6
816 2
817 1
819 3
820 2
821 4
822 5
823 1
825 1
826 2
827 1
828 3
829 2
830 3
831 2
833 1
834 1
836 1
837 4
838 2
840 3
842 5
843 1
844 2
845 3
847 1
848 2
849 1
850 2
851 3
852 1
853 2
855 1
856 2
857 2
858 2
859 2
861 3
862 4
863 1
864 3
865 1
866 1
867 2
868 2
869 2
870 2
871 1
872 3
873 1
875 2
876 1
877 5
878 1
879 1
880 1
881 1
882 1
883 1
884 1
885 1
886 1
887 1
888 2
889 1
890 3
891 3
892 2
893 2
894 1
895 1
896 3
897 2
898 1
900 1
901 2
902 2
903 2
904 1
905 1
907 2
908 2
909 4
912 2
913 4
914 3
915 1
916 2
918 2
919 2
920 1
921 1
922 1
923 1
924 1
927 2
928 1
929 2
930 3
931 2
932 2
933 3
934 1
937 1
939 1
940 2
941 1
942 1
943 1
944 1
946 1
948 3
949 2
950 4
951 1
952 2
953 1
954 3
955 5
957 3
958 3
960 4
962 2
963 3
964 4
965 2
966 1
968 5
969 4
971 1
975 1
976 5
978 3
979 2
980 1
983 1
985 1
987 2
988 3
989 1
990 2
992 1
994 3
995 3
997 1
998 2
999 3
1000 4
1002 2
1003 2
1004 2
1005 1
1006 2
1007 2
1009 4
1010 1
1012 2
1013 2
1015 1
1016 4
1017 3
1018 3
1019 2
1021 2
1022 2
1025 4
1026 2
1027 2
1028 2
1030 1
1033 3
1036 3
1037 2
1038 1
1039 2
1040 1
1041 1
1042 2
1043 1
1044 1
1045 1
1047 1
1048 2
1049 1
1050 1
1051 2
1052 2
1054 3
1056 1
1057 1
1058 2
1060 1
1062 2
1063 2
1064 3
1066 4
1068 3
1069 2
1071 1
1072 1
1073 1
1074 2
1075 3
1076 1
1077 1
1078 1
1079 3
1080 1
1085 2
1086 1
1087 1
1090 1
1091 5
1092 1
1094 2
1095 1
1096 3
1098 1
1100 1
1101 3
1102 1
1103 3
1104 2
1105 1
1106 2
1107 1
1110 1
1111 1
1113 3
1115 1
1116 1
1118 2
1119 1
1120 1
1121 2
1122 2
1123 1
1124 3
1125 2
1128 2
1130 1
1131 1
1132 2
1135 1
1136 1
1137 1
1138 1
1139 1
1140 1
1142 2
1143 1
1144 2
1149 1
1151 1
1152 1
1153 1
1154 1
1155 1
1157 2
1158 1
1159 1
1160 1
1161 2
1162 1
1163 2
1164 2
1166 1
1168 1
1169 1
1170 2
1171 2
1174 1
1176 1
1179 2
1181 1
1182 1
1183 1
1184 3
1185 2
1189 1
1190 1
1192 2
1193 1
1195 1
1197 1
1200 1
1202 1
1206 1
1207 1
1208 2
1210 1
1211 1
1213 1
1214 1
1215 1
1216 3
1217 1
1218 1
1219 3
1221 3
1222 2
1226 1
1228 1
1229 1
1231 3
1232 1
1234 1
1236 1
1238 1
1240 1
1241 1
1242 1
1245 2
1246 2
1248 1
1251 2
1252 1
1254 1
1255 3
1256 2
1257 2
1260 1
1261 1
1262 3
1263 1
1264 2
1265 2
1268 1
1270 1
1271 1
1272 2
1277 1
1279 1
1281 1
1283 1
1284 2
1287 2
1289 1
1290 2
1295 1
1298 1
1300 2
1301 2
1302 1
1304 1
1305 1
1308 2
1311 2
1313 1
1314 3
1318 1
1320 1
1321 1
1322 1
1325 2
1326 1
1327 1
1335 2
1336 1
1337 1
1338 1
1345 1
1346 2
1347 1
1348 2
1350 1
1352 1
1354 2
1355 1
1357 1
1360 1
1361 1
1362 1
1363 1
1365 2
1367 1
1369 1
1371 1
1375 1
1376 2
1377 1
1379 1
1380 2
1381 2
1382 2
1384 2
1388 2
1391 1
1392 1
1393 2
1394 3
1395 1
1396 1
1401 2
1402 2
1405 2
1406 1
1408 1
1409 2
1411 1
1412 2
1413 2
1417 1
1419 1
1421 3
1424 1
1426 1
1435 1
1437 1
1438 1
1443 1
1444 2
1446 1
1448 1
1449 1
1452 1
1454 1
1456 1
1458 1
1459 2
1461 1
1470 1
1471 2
1472 2
1478 3
1480 1
1481 1
1482 1
1484 1
1486 2
1488 1
1491 1
1497 2
1499 1
1500 1
1501 1
1502 1
1508 1
1511 1
1514 1
1515 2
1518 2
1528 1
1533 2
1535 1
1536 2
1537 2
1540 1
1545 2
1547 1
1548 1
1551 1
1554 1
1557 1
1559 1
1561 1
1562 1
1564 2
1566 1
1567 1
1568 1
1574 1
1575 2
1580 1
1581 3
1583 1
1585 1
1587 1
1590 2
1591 1
1593 2
1594 1
1596 1
1603 1
1608 2
1613 1
1614 1
1615 2
1616 1
1617 3
1623 1
1626 1
1627 2
1628 1
1629 1
1630 1
1633 1
1634 1
1635 1
1637 1
1639 1
1643 1
1648 1
1649 1
1651 2
1652 1
1659 1
1660 1
1666 1
1667 2
1670 1
1671 1
1672 1
1673 1
1674 2
1676 1
1685 1
1686 1
1688 1
1689 2
1691 1
1697 1
1700 1
1702 2
1703 1
1704 1
1707 1
1710 1
1715 1
1717 1
1718 1
1720 1
1724 1
1731 2
1735 1
1737 1
1739 1
1741 1
1742 1
1744 1
1747 1
1748 1
1752 1
1753 2
1755 1
1756 1
1759 1
1761 1
1767 1
1782 1
1783 2
1784 2
1787 1
1793 1
1795 1
1796 1
1798 1
1799 1
1803 1
1808 1
1813 1
1815 1
1817 1
1818 1
1819 1
1828 1
1832 1
1834 1
1835 1
1836 1
1838 1
1842 1
1843 1
1844 1
1847 1
1849 1
1851 1
1854 1
1859 1
1863 2
1867 1
1873 1
1878 1
1887 2
1889 2
1891 1
1895 2
1897 1
1898 1
1899 1
1908 1
1913 1
1914 1
1921 1
1930 3
1932 1
1934 1
1938 1
1945 1
1952 1
1958 1
1963 3
1964 1
1969 1
1971 1
1979 1
1980 1
1982 1
1991 1
1994 1
1995 1
1996 1
1997 2
2000 3
2003 1
2014 1
2024 1
2025 1
2027 2
2029 1
2030 1
2032 1
2041 1
2056 1
2057 1
2059 1
2060 1
2065 1
2071 1
2072 1
2075 1
2080 1
2085 1
2087 1
2088 1
2100 1
2111 1
2116 2
2117 1
2119 1
2124 1
2133 1
2135 1
2145 1
2148 1
2155 1
2156 2
2157 1
2158 2
2164 1
2166 2
2176 1
2180 1
2189 1
2196 1
2200 2
2206 1
2212 1
2219 1
2225 1
2228 1
2231 1
2232 1
2240 2
2246 1
2247 1
2263 1
2264 1
2267 1
2269 1
2273 1
2283 1
2284 2
2289 1
2292 1
2295 2
2298 2
2306 2
2307 1
2311 1
2317 1
2318 1
2327 1
2335 1
2338 1
2339 1
2340 1
2343 1
2347 1
2349 1
2355 1
2369 2
2370 1
2378 1
2381 2
2384 1
2385 1
2387 1
2399 1
2413 2
2420 1
2426 1
2430 1
2434 1
2439 2
2441 1
2446 1
2447 2
2450 1
2451 1
2452 1
2453 2
2455 1
2457 1
2460 1
2461 1
2463 1
2464 2
2466 1
2471 1
2474 1
2480 2
2481 2
2482 3
2483 1
2491 1
2493 1
2495 1
2496 1
2501 1
2502 1
2505 2
2507 1
2511 1
2512 1
2519 1
2537 1
2545 1
2569 1
2570 1
2572 1
2573 1
2575 1
2576 1
2585 1
2587 1
2592 1
2606 1
2614 1
2620 1
2639 2
2643 1
2644 1
2667 1
2669 1
2682 1
2692 1
2708 1
2709 1
2712 1
2717 1
2722 1
2733 1
2739 1
2748 1
2750 1
2756 1
2776 1
2783 1
2786 1
2789 1
2805 1
2809 1
2811 1
2812 1
2814 1
2822 1
2823 1
2827 1
2832 1
2862 1
2866 1
2867 1
2878 1
2882 1
2891 1
2894 1
2898 1
2904 1
2906 1
2925 1
2928 1
2937 1
2941 1
2945 1
2982 1
2991 2
3000 1
3011 1
3041 1
3043 1
3045 1
3050 1
3055 1
3075 1
3081 1
3082 1
3083 1
3106 1
3118 1
3121 1
3129 1
3142 1
3166 1
3167 1
3185 1
3187 1
3192 1
3196 1
3219 1
3220 1
3221 1
3223 1
3235 1
3253 1
3255 1
3281 1
3348 1
3356 1
3370 1
3384 1
3420 1
3425 2
3438 1
3439 2
3441 1
3464 1
3465 1
3467 1
3472 1
3480 1
3492 1
3500 1
3503 1
3508 1
3512 1
3521 1
3535 1
3550 1
3602 1
3619 1
3631 1
3635 1
3643 1
3646 1
3655 1
3657 1
3660 1
3670 1
3674 1
3675 1
3685 1
3691 1
3710 1
3721 1
3728 1
3730 1
3754 1
3777 1
3784 1
3789 1
3812 1
3820 1
3836 1
3839 1
3855 1
3857 1
3885 1
3902 1
3935 1
3947 1
4013 1
4016 1
4025 1
4034 1
4073 1
4095 1
4098 1
4106 1
4121 1
4140 1
4141 1
4195 1
4213 1
4228 1
4376 1
4400 1
4408 1
4431 1
4453 1
4486 1
4528 1
4536 1
4586 1
4627 1
4658 1
4690 1
4730 1
4771 1
4793 1
4847 1
4851 2
4852 1
4853 1
4859 1
4936 1
5000 1
5001 1
5022 1
5037 1
5157 1
5202 1
5224 1
5226 1
5284 1
5330 1
5332 1
5375 1
5500 1
5501 1
5515 1
5518 1
5529 1
5555 1
5579 1
5693 1
5708 1
5715 1
5763 1
5872 1
6001 1
6069 1
6102 1
6186 1
6200 1
6233 1
6326 1
6340 1
6344 1
6350 1
6358 1
6360 1
6364 1
6368 2
6373 1
6375 1
6376 1
6382 1
6392 1
6425 1
6435 2
6439 1
6440 1
6444 1
6448 1
6452 1
6556 1
6567 1
6572 1
6610 1
6611 1
6631 1
6636 1
6641 1
6645 1
6669 1
6683 1
6689 2
6690 1
6704 1
6714 1
6719 1
6730 1
6731 1
6748 1
6760 1
6788 1
6858 1
6875 1
6907 1
6946 1
6976 1
7083 1
7169 1
7183 1
7194 1
7241 1
7579 1
7662 1
7752 1
7812 1
7824 1
7849 1
7862 1
8020 1
8377 1
8660 1
8667 1
9096 1
9200 1
9524 1
9710 1
9741 1
9771 1
9892 1
10000 2
10096 1
10425 1
10443 1
10515 1
10710 1
10718 1
10817 1
11368 1
11377 1
11595 1
11858 1
12041 1
12626 1
12672 1
13059 1
13086 1
13136 1
13166 1
14236 1
17834 1
20001 1
21393 1
22418 1
23234 1
24278 1
26898 1
29677 1
30000 1
30001 1
32756 1
40980 1
41279 1
41441 1
41453 1
41468 1
41535 1
41550 1
41554 1
41567 1
41569 1
41591 1
41626 1
41630 1
41640 1
41653 1
41658 2
41661 1
41669 1
41671 1
41676 1
41679 1
41687 1
41690 1
41691 1
41700 1
41701 1
41706 1
41709 1
41710 1
41717 1
41727 1
41820 1
41824 1
41830 1
41848 1
41849 1
41854 1
41861 2
41863 1
41864 1
41865 2
41873 1
41877 1
41879 1
41882 1
41896 1
41910 1
41913 1
41915 1
41921 1
41928 1
41946 1
41950 1
41952 1
41963 1
41966 1
41973 1
44558 1
51179 1
73642 1
100000 1
113649 1
198951 1
317172 1
691885 1
