0 1964753264
1 11174521
2 305400
3 71066
4 40214
5 22204
6 20115
7 11102
8 9797
9 7384
10 5914
11 4440
12 4153
13 3300
14 3023
15 2497
16 2230
17 1948
18 1925
19 1678
20 1542
21 1305
22 1253
23 1090
24 996
25 1054
26 911
27 839
28 731
29 764
30 785
31 659
32 492
33 603
34 536
35 428
36 461
37 411
38 399
39 456
40 420
41 355
42 437
43 243
44 354
45 298
46 268
47 222
48 256
49 204
50 196
51 219
52 217
53 178
54 182
55 367
56 129
57 203
58 227
59 215
60 140
61 160
62 155
63 208
64 175
65 222
66 172
67 124
68 220
69 118
70 158
71 93
72 69
73 131
74 89
75 164
76 124
77 90
78 91
79 71
80 151
81 94
82 100
83 76
84 73
85 74
86 64
87 70
88 179
89 45
90 42
91 136
92 59
93 99
94 57
95 47
96 54
97 63
98 51
99 74
100 87
101 44
102 49
103 42
104 65
105 40
106 68
107 37
108 46
109 89
110 42
111 31
112 84
113 34
114 62
115 85
116 43
117 55
118 28
119 20
120 35
121 25
122 29
123 21
124 68
125 20
126 38
127 24
128 12
129 29
130 19
131 17
132 12
133 14
134 10
135 27
136 21
137 17
138 12
139 25
140 16
141 14
142 18
143 29
144 16
145 20
146 10
147 28
148 11
149 11
150 7
151 11
152 14
153 26
154 8
155 12
156 17
157 23
158 12
159 16
160 11
161 92
162 13
163 25
164 10
165 11
166 28
167 18
168 22
169 16
170 23
171 24
172 9
173 15
174 8
175 9
176 16
177 8
178 11
179 6
180 28
181 8
182 10
183 6
184 5
185 9
186 7
187 9
188 13
189 11
190 3
191 9
192 17
193 8
194 15
195 22
196 8
197 11
198 4
199 6
200 13
201 10
202 10
203 4
204 80
205 22
206 11
207 5
208 2
209 1
210 9
211 8
212 7
213 5
214 6
215 8
216 10
217 8
218 6
219 7
220 2
221 6
222 6
223 5
224 10
225 2
226 3
227 3
228 4
229 6
230 6
231 10
232 10
233 21
234 7
235 11
236 7
237 7
238 4
239 12
240 6
241 7
242 9
243 8
244 25
245 17
246 12
247 2
248 7
249 4
250 3
251 13
252 7
253 13
254 3
255 6
256 3
257 10
258 7
259 5
260 7
261 5
262 5
263 9
264 2
265 9
266 4
267 4
268 3
269 1
270 2
271 3
273 2
274 9
275 4
276 6
277 4
278 2
279 3
280 3
281 5
282 5
283 3
284 3
285 8
286 3
287 5
288 4
289 1
290 2
291 1
292 3
293 2
294 4
295 9
296 3
297 2
298 6
299 3
300 11
301 9
302 17
303 7
304 8
305 6
306 1
307 2
308 2
309 1
310 3
311 3
312 5
313 12
314 2
315 1
316 1
317 3
318 3
319 2
320 5
321 3
323 3
324 4
325 3
326 4
327 1
328 1
329 1
330 4
331 2
332 2
333 4
334 3
335 2
336 7
337 3
338 2
339 4
341 5
343 2
344 3
345 2
346 1
347 1
348 2
349 13
350 4
351 5
352 5
353 3
354 2
355 1
356 8
357 1
358 3
359 2
361 3
362 3
363 4
364 1
366 3
368 1
369 1
370 6
371 2
372 2
373 1
374 2
375 1
376 1
377 3
378 2
379 2
380 3
381 1
383 6
384 2
385 3
386 1
387 3
388 6
389 2
390 1
391 3
392 4
393 3
394 3
395 18
397 1
398 1
399 3
400 1
401 5
402 2
403 3
404 3
406 1
407 2
409 1
410 4
413 1
417 1
419 1
420 4
421 1
422 2
423 2
426 3
428 3
429 1
430 6
432 6
433 4
434 1
435 1
436 1
437 3
438 2
439 3
441 2
442 3
443 2
444 2
445 1
446 1
447 3
449 3
450 7
451 1
452 1
453 4
454 6
455 1
457 3
459 3
460 1
461 3
464 2
465 1
466 1
467 2
468 3
469 3
470 2
471 7
473 3
474 4
475 2
477 4
478 2
479 2
480 2
482 1
483 1
484 2
485 2
486 5
487 4
489 3
490 9
492 3
493 1
494 4
495 1
498 2
499 2
501 2
502 3
504 2
505 3
507 1
509 1
511 5
512 2
513 4
514 3
515 2
516 5
517 3
518 2
521 3
522 1
523 2
524 2
525 7
526 1
527 8
528 2
529 2
530 5
531 2
533 2
534 2
536 1
540 1
541 1
542 16
543 3
544 9
545 3
546 3
547 1
548 2
549 2
550 1
551 1
554 2
555 1
558 5
559 1
560 1
561 6
562 4
563 5
564 5
565 3
566 3
569 2
570 1
571 1
572 3
573 1
574 1
576 1
577 1
578 2
579 3
580 1
581 1
582 3
584 1
585 1
589 1
591 6
592 1
594 1
595 5
598 5
599 1
600 2
602 1
605 1
608 1
609 1
610 1
611 1
614 2
615 2
616 14
617 4
618 2
621 1
622 1
623 3
624 1
625 9
626 3
627 1
629 1
630 1
631 2
633 1
634 1
637 1
639 2
642 1
643 1
644 2
645 3
646 10
647 2
648 1
651 2
652 5
653 1
656 2
660 1
662 1
663 2
669 1
672 1
674 2
675 1
676 1
678 1
679 1
682 2
685 1
687 1
696 2
698 2
699 2
702 1
703 2
704 1
705 1
706 4
707 5
708 1
710 1
711 2
718 1
719 1
720 1
721 1
724 1
725 1
731 1
732 1
735 1
736 11
741 2
742 1
743 1
744 1
745 1
747 2
748 1
749 1
750 1
751 1
752 1
757 1
762 1
763 3
769 1
773 1
782 4
783 1
785 1
787 1
791 1
792 2
793 1
794 1
799 2
801 1
803 1
804 1
814 1
815 1
817 1
818 1
822 4
824 1
825 3
832 1
835 2
838 1
839 2
845 1
847 1
849 1
850 2
854 1
855 1
859 1
860 1
861 1
865 1
868 1
869 1
870 4
873 2
876 1
880 1
881 1
882 1
884 3
885 1
890 2
892 2
893 1
894 4
895 1
896 3
898 2
899 2
900 1
901 1
902 1
904 4
905 2
909 2
910 1
912 2
913 1
914 2
918 1
919 1
921 1
922 1
924 1
926 2
928 1
931 1
932 1
935 3
936 1
937 2
938 2
940 1
941 1
947 2
949 2
950 1
954 1
955 1
958 9
959 2
960 2
961 1
962 1
964 1
966 1
967 1
969 1
974 3
979 1
981 1
984 1
985 1
991 1
993 6
994 2
995 1
998 2
999 1
1010 1
1011 2
1012 4
1013 1
1015 1
1020 1
1023 1
1024 1
1029 1
1035 2
1036 2
1037 8
1038 6
1039 7
1040 16
1041 4
1042 1
1043 1
1044 1
1046 1
1055 1
1056 1
1058 1
1062 1
1074 1
1076 1
1078 4
1084 1
1088 1
1091 2
1095 9
1097 2
1102 6
1106 1
1109 1
1121 1
1122 1
1128 1
1143 2
1151 1
1152 1
1154 1
1167 1
1178 1
1189 1
1191 1
1195 1
1197 3
1203 1
1204 1
1205 1
1207 1
1222 1
1231 1
1233 1
1234 2
1235 1
1237 2
1238 3
1239 1
1240 7
1241 2
1242 2
1243 1
1246 1
1252 3
1254 11
1256 1
1258 7
1282 1
1290 1
1298 1
1300 1
1305 5
1310 2
1313 3
1314 1
1321 1
1322 1
1329 1
1333 1
1334 2
1335 2
1344 1
1345 3
1350 1
1357 1
1360 1
1363 1
1364 3
1365 1
1369 2
1370 6
1371 17
1372 1
1373 1
1381 2
1383 2
1384 2
1391 1
1393 2
1394 1
1395 1
1397 1
1399 1
1401 1
1403 1
1407 3
1410 1
1413 1
1414 3
1415 1
1416 5
1417 1
1418 5
1419 2
1420 3
1421 3
1422 9
1423 9
1424 4
1425 9
1426 5
1427 1
1428 6
1430 1
1431 1
1434 1
1439 1
1445 1
1448 1
1454 1
1456 1
1464 1
1465 1
1466 3
1467 14
1468 5
1470 3
1471 3
1472 2
1473 2
1474 1
1479 1
1497 1
1507 1
1509 1
1513 1
1531 2
1532 1
1545 1
1546 1
1595 1
1601 1
1632 1
1646 1
1662 1
1682 1
1724 1
1729 1
1736 1
1738 1
1746 4
1747 2
1762 1
1764 1
1789 1
1791 1
1823 1
1826 1
1869 2
1880 1
1890 1
1907 1
1921 1
1936 1
2002 1
2003 1
2007 1
2008 1
2009 1
2055 1
2102 1
2153 1
2160 1
2164 1
2183 1
2208 1
2210 1
2257 1
2261 1
2262 1
2280 1
2281 1
2291 1
2292 1
2305 1
2321 1
2333 1
2336 1
2376 1
2407 1
2429 1
2432 1
2435 1
2452 1
2462 1
2463 1
2465 4
2564 1
2576 1
2589 2
2590 2
2624 1
2635 1
2637 1
2654 1
2666 1
2677 6
2681 2
2682 1
2692 1
2749 1
2796 2
2859 1
2893 1
2920 1
2939 1
2957 1
2967 1
3003 1
3031 1
3032 1
3133 1
3216 1
3282 1
3287 1
3303 2
3346 1
3376 1
3391 1
3461 1
3462 1
3485 1
3488 1
3491 1
3494 1
3495 1
3497 1
3518 1
3527 1
3548 1
3558 1
3581 1
3586 1
3589 1
3600 1
3603 1
3606 1
3610 1
3613 2
3614 1
3615 1
3617 11
3618 12
3619 1
3620 1
4253 1
4341 1
4522 1
4732 1
4734 2
4799 1
4978 1
4980 1
4981 1
4983 1
4987 1
4988 9
4989 3
4990 1
5041 3
5086 1
5431 1
5533 1
6402 1
6412 6
6413 2
6437 1
6456 1
6457 1
6459 1
6466 1
6716 1
7073 1
7193 2
7247 1
7451 1
7582 1
7692 1
7879 2
8159 1
8171 1
8286 1
8404 1
8435 1
8451 1
8472 1
8877 1
8936 1
9000 1
9122 1
9282 1
9290 1
9292 1
9509 1
9511 1
10218 1
11120 1
11596 1
12382 1
