0 1797791879
1 97843227
2 42948048
3 13255605
4 4405932
5 2751901
6 2023710
7 1433917
8 1235360
9 972049
10 789756
11 676960
12 570856
13 533213
14 466763
15 401812
16 402478
17 346627
18 323654
19 268363
20 251670
21 232523
22 228911
23 219891
24 199800
25 172898
26 167936
27 141670
28 143971
29 138309
30 138441
31 127515
32 115365
33 107590
34 115398
35 102486
36 96711
37 104186
38 86523
39 96128
40 87430
41 85125
42 77265
43 71382
44 87624
45 67165
46 69620
47 65709
48 60213
49 64803
50 57217
51 60467
52 55149
53 58038
54 61467
55 62019
56 60274
57 51911
58 46225
59 43478
60 38276
61 43235
62 41334
63 43682
64 45671
65 34126
66 38474
67 41258
68 39582
69 36470
70 36009
71 33494
72 36906
73 37848
74 38330
75 36957
76 34187
77 30958
78 24239
79 24693
80 27987
81 28215
82 26391
83 26648
84 36477
85 35116
86 21928
87 24060
88 21392
89 20796
90 19297
91 18907
92 16639
93 19336
94 17445
95 35407
96 21617
97 20058
98 16154
99 16221
100 17589
101 19935
102 21402
103 28014
104 18721
105 18009
106 15796
107 14533
108 16051
109 13553
110 16419
111 19868
112 23860
113 17926
114 21516
115 23619
116 15779
117 11789
118 20228
119 22730
120 15548
121 15878
122 17307
123 23073
124 19381
125 26583
126 15532
127 9369
128 8967
129 7735
130 12206
131 9427
132 8495
133 8067
134 7285
135 8665
136 7773
137 9583
138 11766
139 13726
140 35418
141 10108
142 7529
143 9635
144 10253
145 12523
146 10085
147 8234
148 5800
149 6583
150 5910
151 5255
152 5902
153 7008
154 5908
155 5302
156 5986
157 6418
158 6557
159 4299
160 5781
161 5466
162 4072
163 4745
164 4385
165 4260
166 3590
167 3710
168 4240
169 3964
170 5110
171 5039
172 4207
173 4387
174 4346
175 5435
176 5749
177 4774
178 6231
179 4556
180 4622
181 5599
182 4994
183 5216
184 3019
185 3634
186 3343
187 4773
188 2941
189 3766
190 2820
191 3169
192 2418
193 2526
194 2871
195 2739
196 2438
197 3117
198 2802
199 2424
200 2550
201 2445
202 2700
203 2672
204 2539
205 2402
206 2632
207 6011
208 2618
209 2120
210 2804
211 3115
212 2456
213 2082
214 3520
215 2050
216 2412
217 2476
218 2281
219 2129
220 2688
221 2638
222 2620
223 2320
224 2957
225 2518
226 2036
227 1957
228 2071
229 1848
230 2100
231 1960
232 2062
233 1902
234 2098
235 1767
236 2053
237 1844
238 2095
239 1819
240 1613
241 1897
242 1561
243 1840
244 1825
245 2217
246 1734
247 1711
248 1941
249 1746
250 1839
251 1738
252 1865
253 1922
254 1471
255 1642
256 2626
257 1707
258 1929
259 1606
260 1755
261 1579
262 1830
263 1823
264 2027
265 2157
266 1250
267 2045
268 3360
269 2037
270 1936
271 1776
272 1600
273 1550
274 1348
275 1740
276 1519
277 1386
278 1435
279 1330
280 1321
281 1360
282 1543
283 1333
284 1579
285 1427
286 1272
287 1363
288 1491
289 1349
290 1413
291 1471
292 1350
293 1349
294 1378
295 2755
296 1177
297 1030
298 1206
299 1411
300 6369
301 3343
302 1393
303 1971
304 1129
305 1105
306 1139
307 1255
308 1712
309 1604
310 1708
311 1376
312 1146
313 1335
314 1168
315 1216
316 1408
317 1279
318 1142
319 1086
320 1090
321 1044
322 1037
323 1003
324 1081
325 1117
326 1183
327 1437
328 947
329 1000
330 1053
331 994
332 1103
333 1089
334 1022
335 899
336 1002
337 1248
338 1091
339 935
340 1154
341 925
342 770
343 846
344 936
345 1183
346 789
347 1121
348 1099
349 934
350 764
351 750
352 887
353 907
354 851
355 985
356 857
357 900
358 1284
359 1285
360 829
361 784
362 887
363 836
364 858
365 666
366 2002
367 799
368 822
369 898
370 849
371 808
372 807
373 972
374 804
375 678
376 713
377 709
378 703
379 734
380 756
381 677
382 666
383 904
384 671
385 830
386 831
387 1120
388 704
389 720
390 718
391 731
392 863
393 571
394 967
395 727
396 1070
397 751
398 695
399 686
400 599
401 646
402 623
403 846
404 591
405 726
406 771
407 559
408 811
409 699
410 662
411 599
412 562
413 702
414 529
415 575
416 996
417 861
418 552
419 796
420 617
421 1284
422 610
423 543
424 940
425 530
426 750
427 565
428 501
429 565
430 570
431 768
432 536
433 441
434 749
435 515
436 473
437 562
438 435
439 556
440 512
441 673
442 547
443 577
444 417
445 436
446 485
447 483
448 503
449 459
450 473
451 512
452 431
453 548
454 529
455 463
456 604
457 490
458 796
459 682
460 601
461 506
462 453
463 611
464 483
465 402
466 510
467 697
468 465
469 523
470 458
471 598
472 949
473 1040
474 495
475 451
476 617
477 500
478 489
479 547
480 449
481 504
482 594
483 470
484 602
485 397
486 400
487 461
488 411
489 463
490 425
491 418
492 453
493 527
494 416
495 485
496 420
497 541
498 527
499 442
500 567
501 481
502 512
503 556
504 385
505 499
506 630
507 434
508 1027
509 570
510 929
511 417
512 320
513 433
514 354
515 432
516 408
517 424
518 371
519 345
520 430
521 500
522 354
523 466
524 469
525 338
526 478
527 345
528 465
529 378
530 350
531 396
532 296
533 390
534 322
535 416
536 417
537 360
538 333
539 386
540 293
541 476
542 440
543 469
544 372
545 411
546 323
547 388
548 371
549 336
550 396
551 543
552 337
553 419
554 463
555 367
556 1353
557 401
558 328
559 345
560 471
561 400
562 479
563 326
564 366
565 378
566 518
567 257
568 364
569 489
570 322
571 287
572 587
573 287
574 327
575 304
576 272
577 282
578 397
579 364
580 583
581 373
582 277
583 343
584 415
585 284
586 361
587 303
588 287
589 311
590 321
591 258
592 302
593 289
594 289
595 389
596 476
597 400
598 323
599 365
600 390
601 298
602 357
603 201
604 315
605 278
606 337
607 280
608 364
609 616
610 388
611 526
612 416
613 260
614 349
615 306
616 282
617 231
618 468
619 333
620 345
621 206
622 260
623 275
624 283
625 358
626 253
627 245
628 248
629 309
630 259
631 389
632 261
633 388
634 322
635 227
636 246
637 234
638 287
639 285
640 292
641 307
642 186
643 288
644 340
645 283
646 317
647 287
648 339
649 265
650 275
651 207
652 220
653 286
654 319
655 240
656 256
657 196
658 265
659 218
660 221
661 196
662 229
663 220
664 376
665 238
666 233
667 271
668 195
669 201
670 232
671 164
672 157
673 574
674 219
675 249
676 189
677 227
678 194
679 246
680 220
681 211
682 190
683 223
684 229
685 193
686 208
687 155
688 297
689 324
690 229
691 234
692 224
693 213
694 314
695 188
696 209
697 164
698 292
699 158
700 159
701 231
702 223
703 222
704 226
705 209
706 178
707 213
708 183
709 243
710 196
711 198
712 234
713 281
714 197
715 189
716 244
717 206
718 223
719 197
720 238
721 285
722 354
723 282
724 238
725 165
726 268
727 179
728 398
729 244
730 168
731 186
732 236
733 255
734 189
735 250
736 157
737 170
738 180
739 217
740 189
741 222
742 152
743 193
744 173
745 169
746 162
747 197
748 207
749 370
750 707
751 165
752 225
753 165
754 185
755 283
756 206
757 188
758 182
759 169
760 245
761 300
762 237
763 182
764 190
765 126
766 199
767 238
768 173
769 204
770 350
771 177
772 210
773 145
774 152
775 268
776 163
777 141
778 154
779 120
780 118
781 164
782 175
783 168
784 185
785 154
786 169
787 170
788 141
789 152
790 198
791 146
792 173
793 143
794 175
795 178
796 193
797 154
798 170
799 175
800 137
801 341
802 148
803 140
804 146
805 187
806 136
807 141
808 141
809 131
810 145
811 196
812 154
813 181
814 161
815 169
816 141
817 150
818 137
819 163
820 139
821 158
822 1184
823 157
824 170
825 146
826 149
827 216
828 148
829 209
830 150
831 135
832 124
833 139
834 156
835 138
836 141
837 128
838 127
839 130
840 114
841 159
842 125
843 141
844 166
845 145
846 115
847 135
848 179
849 146
850 188
851 174
852 176
853 130
854 144
855 139
856 160
857 172
858 142
859 135
860 129
861 96
862 135
863 100
864 112
865 426
866 155
867 123
868 180
869 132
870 144
871 158
872 186
873 135
874 116
875 114
876 109
877 205
878 134
879 170
880 108
881 142
882 159
883 132
884 117
885 118
886 127
887 116
888 119
889 123
890 130
891 125
892 107
893 158
894 114
895 105
896 129
897 147
898 118
899 114
900 117
901 121
902 165
903 629
904 151
905 111
906 106
907 105
908 103
909 100
910 106
911 93
912 115
913 91
914 124
915 101
916 88
917 91
918 102
919 122
920 116
921 92
922 229
923 152
924 141
925 104
926 115
927 95
928 151
929 140
930 185
931 84
932 149
933 215
934 91
935 207
936 164
937 136
938 175
939 212
940 116
941 145
942 114
943 78
944 108
945 119
946 128
947 78
948 110
949 100
950 114
951 110
952 109
953 124
954 88
955 121
956 119
957 163
958 111
959 94
960 179
961 102
962 86
963 120
964 160
965 85
966 76
967 121
968 88
969 82
970 126
971 88
972 98
973 117
974 130
975 91
976 106
977 76
978 89
979 120
980 122
981 255
982 193
983 95
984 113
985 135
986 317
987 197
988 111
989 137
990 92
991 192
992 173
993 400
994 98
995 414
996 57
997 153
998 166
999 134
1000 106
1001 132
1002 100
1003 111
1004 118
1005 91
1006 75
1007 75
1008 115
1009 76
1010 183
1011 87
1012 93
1013 123
1014 101
1015 104
1016 68
1017 104
1018 95
1019 96
1020 94
1021 119
1022 103
1023 145
1024 107
1025 78
1026 66
1027 108
1028 116
1029 103
1030 134
1031 97
1032 101
1033 171
1034 76
1035 108
1036 82
1037 117
1038 99
1039 152
1040 74
1041 134
1042 128
1043 183
1044 69
1045 129
1046 89
1047 86
1048 122
1049 53
1050 90
1051 84
1052 807
1053 79
1054 97
1055 116
1056 163
1057 85
1058 113
1059 61
1060 92
1061 103
1062 94
1063 90
1064 76
1065 71
1066 77
1067 94
1068 69
1069 95
1070 90
1071 59
1072 127
1073 74
1074 95
1075 98
1076 100
1077 87
1078 102
1079 61
1080 78
1081 74
1082 76
1083 85
1084 87
1085 43
1086 64
1087 125
1088 73
1089 77
1090 67
1091 72
1092 74
1093 126
1094 59
1095 89
1096 73
1097 52
1098 72
1099 93
1100 85
1101 91
1102 166
1103 128
1104 89
1105 116
1106 68
1107 135
1108 199
1109 112
1110 94
1111 62
1112 61
1113 73
1114 57
1115 68
1116 53
1117 62
1118 47
1119 98
1120 93
1121 204
1122 67
1123 62
1124 76
1125 59
1126 78
1127 62
1128 68
1129 84
1130 106
1131 197
1132 124
1133 60
1134 173
1135 86
1136 56
1137 59
1138 192
1139 80
1140 92
1141 73
1142 150
1143 83
1144 95
1145 86
1146 78
1147 69
1148 70
1149 61
1150 82
1151 64
1152 72
1153 101
1154 69
1155 46
1156 64
1157 114
1158 60
1159 44
1160 75
1161 73
1162 62
1163 67
1164 39
1165 48
1166 80
1167 62
1168 105
1169 57
1170 80
1171 60
1172 47
1173 56
1174 69
1175 82
1176 67
1177 56
1178 80
1179 56
1180 56
1181 82
1182 51
1183 70
1184 61
1185 72
1186 65
1187 68
1188 68
1189 66
1190 63
1191 99
1192 127
1193 72
1194 73
1195 58
1196 88
1197 71
1198 68
1199 52
1200 65
1201 57
1202 98
1203 58
1204 62
1205 52
1206 50
1207 162
1208 68
1209 59
1210 103
1211 56
1212 81
1213 59
1214 94
1215 62
1216 87
1217 66
1218 64
1219 51
1220 81
1221 51
1222 55
1223 54
1224 54
1225 76
1226 54
1227 608
1228 121
1229 85
1230 75
1231 59
1232 61
1233 65
1234 75
1235 56
1236 83
1237 67
1238 63
1239 44
1240 81
1241 138
1242 59
1243 55
1244 65
1245 71
1246 65
1247 148
1248 78
1249 69
1250 287
1251 44
1252 75
1253 165
1254 68
1255 42
1256 68
1257 47
1258 59
1259 53
1260 58
1261 49
1262 63
1263 47
1264 56
1265 62
1266 59
1267 65
1268 62
1269 88
1270 263
1271 43
1272 60
1273 61
1274 72
1275 129
1276 56
1277 48
1278 236
1279 132
1280 64
1281 56
1282 79
1283 47
1284 60
1285 47
1286 60
1287 68
1288 68
1289 56
1290 75
1291 71
1292 60
1293 35
1294 58
1295 59
1296 57
1297 61
1298 60
1299 69
1300 39
1301 61
1302 60
1303 75
1304 60
1305 53
1306 79
1307 55
1308 66
1309 53
1310 89
1311 47
1312 38
1313 73
1314 77
1315 58
1316 63
1317 47
1318 54
1319 64
1320 57
1321 68
1322 43
1323 127
1324 36
1325 59
1326 64
1327 56
1328 54
1329 55
1330 91
1331 34
1332 56
1333 82
1334 27
1335 56
1336 58
1337 49
1338 54
1339 48
1340 57
1341 42
1342 41
1343 39
1344 45
1345 51
1346 41
1347 52
1348 109
1349 181
1350 47
1351 39
1352 49
1353 27
1354 59
1355 27
1356 24
1357 53
1358 46
1359 37
1360 473
1361 47
1362 45
1363 36
1364 76
1365 50
1366 40
1367 40
1368 39
1369 83
1370 53
1371 42
1372 85
1373 37
1374 45
1375 50
1376 64
1377 121
1378 58
1379 68
1380 85
1381 42
1382 47
1383 42
1384 42
1385 41
1386 47
1387 62
1388 50
1389 38
1390 53
1391 46
1392 80
1393 36
1394 41
1395 50
1396 61
1397 46
1398 63
1399 67
1400 43
1401 52
1402 72
1403 68
1404 68
1405 66
1406 47
1407 36
1408 60
1409 123
1410 51
1411 188
1412 472
1413 51
1414 53
1415 51
1416 42
1417 44
1418 50
1419 48
1420 46
1421 52
1422 34
1423 63
1424 41
1425 49
1426 49
1427 28
1428 68
1429 46
1430 54
1431 54
1432 68
1433 53
1434 66
1435 44
1436 44
1437 31
1438 41
1439 55
1440 50
1441 33
1442 53
1443 57
1444 48
1445 39
1446 43
1447 36
1448 38
1449 41
1450 49
1451 48
1452 75
1453 37
1454 50
1455 31
1456 41
1457 50
1458 34
1459 40
1460 271
1461 54
1462 43
1463 37
1464 52
1465 36
1466 36
1467 44
1468 33
1469 44
1470 57
1471 42
1472 59
1473 38
1474 58
1475 47
1476 117
1477 49
1478 41
1479 31
1480 36
1481 49
1482 27
1483 30
1484 41
1485 35
1486 41
1487 54
1488 89
1489 43
1490 49
1491 41
1492 55
1493 49
1494 57
1495 27
1496 35
1497 46
1498 32
1499 40
1500 36
1501 51
1502 31
1503 37
1504 64
1505 25
1506 57
1507 50
1508 50
1509 43
1510 32
1511 28
1512 28
1513 34
1514 46
1515 31
1516 31
1517 40
1518 35
1519 47
1520 43
1521 36
1522 33
1523 39
1524 27
1525 35
1526 27
1527 30
1528 21
1529 37
1530 39
1531 26
1532 31
1533 37
1534 38
1535 98
1536 67
1537 47
1538 30
1539 41
1540 37
1541 29
1542 44
1543 28
1544 42
1545 60
1546 45
1547 38
1548 96
1549 28
1550 41
1551 33
1552 29
1553 27
1554 20
1555 39
1556 44
1557 28
1558 24
1559 40
1560 32
1561 31
1562 16
1563 32
1564 36
1565 44
1566 35
1567 42
1568 27
1569 37
1570 29
1571 38
1572 21
1573 37
1574 24
1575 52
1576 22
1577 31
1578 22
1579 35
1580 28
1581 26
1582 26
1583 40
1584 51
1585 23
1586 28
1587 31
1588 31
1589 31
1590 38
1591 41
1592 30
1593 32
1594 38
1595 44
1596 32
1597 140
1598 52
1599 19
1600 64
1601 31
1602 32
1603 44
1604 39
1605 33
1606 29
1607 23
1608 31
1609 32
1610 34
1611 63
1612 18
1613 27
1614 38
1615 39
1616 29
1617 31
1618 42
1619 25
1620 22
1621 37
1622 31
1623 31
1624 30
1625 38
1626 35
1627 31
1628 27
1629 34
1630 48
1631 21
1632 25
1633 30
1634 35
1635 36
1636 28
1637 43
1638 45
1639 29
1640 139
1641 27
1642 37
1643 41
1644 29
1645 39
1646 22
1647 38
1648 39
1649 35
1650 39
1651 54
1652 19
1653 42
1654 54
1655 52
1656 27
1657 35
1658 37
1659 46
1660 40
1661 37
1662 22
1663 56
1664 24
1665 32
1666 22
1667 36
1668 39
1669 39
1670 44
1671 45
1672 36
1673 56
1674 32
1675 40
1676 51
1677 40
1678 47
1679 32
1680 22
1681 41
1682 57
1683 31
1684 39
1685 26
1686 45
1687 29
1688 33
1689 25
1690 55
1691 27
1692 64
1693 19
1694 52
1695 12
1696 34
1697 26
1698 35
1699 29
1700 32
1701 29
1702 34
1703 15
1704 44
1705 21
1706 33
1707 35
1708 38
1709 26
1710 38
1711 54
1712 37
1713 34
1714 46
1715 31
1716 40
1717 39
1718 28
1719 39
1720 26
1721 41
1722 15
1723 30
1724 55
1725 52
1726 24
1727 45
1728 37
1729 60
1730 19
1731 65
1732 52
1733 44
1734 41
1735 21
1736 23
1737 36
1738 30
1739 33
1740 17
1741 18
1742 23
1743 32
1744 25
1745 29
1746 36
1747 33
1748 18
1749 25
1750 27
1751 31
1752 35
1753 11
1754 36
1755 30
1756 14
1757 33
1758 26
1759 51
1760 46
1761 24
1762 25
1763 20
1764 24
1765 52
1766 27
1767 40
1768 26
1769 28
1770 29
1771 37
1772 27
1773 40
1774 24
1775 11
1776 14
1777 26
1778 27
1779 30
1780 21
1781 52
1782 10
1783 48
1784 22
1785 93
1786 27
1787 36
1788 19
1789 18
1790 13
1791 19
1792 28
1793 35
1794 19
1795 23
1796 22
1797 22
1798 24
1799 13
1800 16
1801 25
1802 26
1803 42
1804 31
1805 23
1806 17
1807 50
1808 13
1809 24
1810 21
1811 31
1812 19
1813 22
1814 27
1815 13
1816 35
1817 20
1818 40
1819 27
1820 27
1821 21
1822 31
1823 23
1824 43
1825 13
1826 45
1827 25
1828 27
1829 13
1830 41
1831 21
1832 33
1833 8
1834 28
1835 19
1836 21
1837 21
1838 47
1839 34
1840 28
1841 36
1842 12
1843 29
1844 24
1845 40
1846 41
1847 23
1848 17
1849 34
1850 11
1851 14
1852 40
1853 15
1854 25
1855 27
1856 34
1857 29
1858 37
1859 47
1860 17
1861 30
1862 23
1863 46
1864 13
1865 19
1866 23
1867 36
1868 28
1869 13
1870 51
1871 22
1872 41
1873 28
1874 25
1875 28
1876 21
1877 16
1878 28
1879 9
1880 29
1881 11
1882 16
1883 24
1884 41
1885 33
1886 20
1887 17
1888 24
1889 13
1890 13
1891 10
1892 20
1893 54
1894 18
1895 21
1896 19
1897 20
1898 10
1899 14
1900 14
1901 18
1902 20
1903 20
1904 20
1905 9
1906 14
1907 20
1908 19
1909 13
1910 28
1911 31
1912 18
1913 15
1914 16
1915 9
1916 27
1917 22
1918 18
1919 13
1920 12
1921 15
1922 19
1923 23
1924 13
1925 17
1926 15
1927 25
1928 54
1929 27
1930 27
1931 25
1932 24
1933 24
1934 19
1935 14
1936 28
1937 29
1938 34
1939 19
1940 33
1941 16
1942 174
1943 17
1944 39
1945 43
1946 47
1947 16
1948 29
1949 47
1950 20
1951 43
1952 73
1953 32
1954 63
1955 43
1956 33
1957 58
1958 43
1959 51
1960 42
1961 42
1962 45
1963 21
1964 25
1965 15
1966 20
1967 13
1968 30
1969 11
1970 24
1971 14
1972 22
1973 16
1974 16
1975 15
1976 21
1977 15
1978 36
1979 15
1980 15
1981 14
1982 36
1983 74
1984 21
1985 20
1986 16
1987 34
1988 12
1989 20
1990 8
1991 55
1992 15
1993 40
1994 25
1995 22
1996 28
1997 21
1998 34
1999 38
2000 34
2001 26
2002 18
2003 28
2004 10
2005 23
2006 15
2007 29
2008 23
2009 12
2010 17
2011 14
2012 65
2013 16
2014 24
2015 33
2016 18
2017 15
2018 20
2019 12
2020 24
2021 10
2022 16
2023 25
2024 14
2025 24
2026 23
2027 21
2028 29
2029 15
2030 24
2031 19
2032 15
2033 25
2034 50
2035 44
2036 33
2037 19
2038 48
2039 11
2040 13
2041 18
2042 40
2043 22
2044 47
2045 31
2046 40
2047 20
2048 27
2049 35
2050 27
2051 36
2052 29
2053 17
2054 43
2055 44
2056 32
2057 28
2058 53
2059 29
2060 25
2061 15
2062 37
2063 96
2064 38
2065 13
2066 38
2067 75
2068 27
2069 29
2070 16
2071 39
2072 17
2073 30
2074 21
2075 17
2076 23
2077 13
2078 22
2079 20
2080 65
2081 12
2082 27
2083 13
2084 21
2085 15
2086 11
2087 11
2088 17
2089 19
2090 21
2091 22
2092 15
2093 23
2094 12
2095 13
2096 8
2097 19
2098 13
2099 31
2100 30
2101 19
2102 26
2103 26
2104 63
2105 19
2106 30
2107 13
2108 28
2109 22
2110 37
2111 18
2112 24
2113 17
2114 10
2115 25
2116 27
2117 23
2118 16
2119 15
2120 13
2121 51
2122 16
2123 21
2124 12
2125 36
2126 15
2127 69
2128 35
2129 22
2130 48
2131 18
2132 66
2133 15
2134 17
2135 16
2136 24
2137 36
2138 14
2139 41
2140 17
2141 37
2142 12
2143 18
2144 6
2145 15
2146 12
2147 19
2148 8
2149 16
2150 22
2151 11
2152 12
2153 35
2154 12
2155 23
2156 15
2157 15
2158 17
2159 18
2160 29
2161 23
2162 50
2163 14
2164 31
2165 39
2166 14
2167 6
2168 15
2169 27
2170 6
2171 10
2172 14
2173 28
2174 7
2175 46
2176 20
2177 64
2178 26
2179 14
2180 29
2181 22
2182 18
2183 17
2184 15
2185 38
2186 22
2187 8
2188 32
2189 37
2190 17
2191 18
2192 13
2193 19
2194 10
2195 16
2196 7
2197 14
2198 9
2199 17
2200 13
2201 35
2202 20
2203 66
2204 9
2205 31
2206 14
2207 29
2208 11
2209 31
2210 10
2211 18
2212 24
2213 35
2214 14
2215 19
2216 9
2217 28
2218 15
2219 31
2220 11
2221 16
2222 17
2223 8
2224 17
2225 15
2226 18
2227 23
2228 16
2229 17
2230 50
2231 6
2232 33
2233 17
2234 9
2235 48
2236 23
2237 23
2238 8
2239 28
2240 17
2241 23
2242 27
2243 5
2244 16
2245 9
2246 14
2247 33
2248 9
2249 17
2250 12
2251 23
2252 11
2253 7
2254 18
2255 9
2256 23
2257 22
2258 17
2259 12
2260 29
2261 23
2262 16
2263 12
2264 13
2265 24
2266 13
2267 9
2268 20
2269 15
2270 14
2271 15
2272 16
2273 31
2274 16
2275 38
2276 8
2277 39
2278 10
2279 27
2280 9
2281 14
2282 20
2283 22
2284 14
2285 18
2286 29
2287 15
2288 16
2289 12
2290 18
2291 10
2292 9
2293 15
2294 40
2295 49
2296 17
2297 14
2298 12
2299 8
2300 8
2301 7
2302 20
2303 16
2304 23
2305 6
2306 36
2307 13
2308 28
2309 11
2310 14
2311 15
2312 28
2313 9
2314 18
2315 10
2316 8
2317 13
2318 20
2319 12
2320 15
2321 15
2322 13
2323 18
2324 12
2325 11
2326 14
2327 19
2328 24
2329 14
2330 23
2331 24
2332 23
2333 22
2334 25
2335 27
2336 16
2337 12
2338 20
2339 10
2340 27
2341 20
2342 27
2343 10
2344 11
2345 14
2346 12
2347 29
2348 13
2349 46
2350 13
2351 10
2352 7
2353 18
2354 15
2355 17
2356 18
2357 15
2358 9
2359 15
2360 18
2361 7
2362 18
2363 19
2364 18
2365 17
2366 9
2367 22
2368 4
2369 10
2370 12
2371 29
2372 12
2373 32
2374 13
2375 27
2376 13
2377 14
2378 43
2379 37
2380 19
2381 12
2382 11
2383 12
2384 17
2385 22
2386 46
2387 12
2388 23
2389 11
2390 16
2391 24
2392 6
2393 12
2394 11
2395 6
2396 20
2397 22
2398 17
2399 16
2400 32
2401 44
2402 32
2403 14
2404 27
2405 10
2406 14
2407 13
2408 19
2409 9
2410 19
2411 12
2412 10
2413 19
2414 19
2415 15
2416 11
2417 23
2418 13
2419 10
2420 8
2421 12
2422 11
2423 16
2424 19
2425 11
2426 19
2427 14
2428 9
2429 27
2430 15
2431 15
2432 10
2433 25
2434 22
2435 27
2436 38
2437 10
2438 16
2439 8
2440 17
2441 21
2442 21
2443 16
2444 16
2445 8
2446 31
2447 13
2448 24
2449 42
2450 30
2451 22
2452 15
2453 19
2454 53
2455 12
2456 38
2457 8
2458 47
2459 13
2460 20
2461 14
2462 11
2463 14
2464 10
2465 20
2466 12
2467 15
2468 32
2469 43
2470 14
2471 13
2472 10
2473 8
2474 7
2475 19
2476 18
2477 16
2478 6
2479 14
2480 25
2481 5
2482 13
2483 10
2484 20
2485 11
2486 14
2487 4
2488 13
2489 15
2490 8
2491 696
2492 8
2493 6
2494 2874
2495 11
2496 10
2497 12
2498 12
2499 14
2500 32
2501 13
2502 10
2503 7
2504 10
2505 13
2506 10
2507 26
2508 6
2509 23
2510 7
2511 11
2512 8
2513 28
2514 9
2515 7
2516 13
2517 11
2518 21
2519 12
2520 17
2521 16
2522 15
2523 26
2524 13
2525 8
2526 20
2527 14
2528 27
2529 12
2530 14
2531 5
2532 8
2533 3
2534 3
2535 7
2536 6
2537 11
2538 13
2539 4
2540 7
2541 5
2542 16
2543 24
2544 9
2545 16
2546 15
2547 13
2548 10
2549 6
2550 16
2551 12
2552 21
2553 14
2554 14
2555 26
2556 21
2557 9
2558 24
2559 7
2560 12
2561 10
2562 29
2563 9
2564 12
2565 108
2566 23
2567 14
2568 20
2569 15
2570 8
2571 8
2572 7
2573 24
2574 10
2575 8
2576 3
2577 11
2578 9
2579 8
2580 6
2581 10
2582 13
2583 9
2584 17
2585 6
2586 11
2587 14
2588 12
2589 15
2590 4
2591 9
2592 7
2593 10
2594 15
2595 7
2596 7
2597 11
2598 15
2599 9
2600 6
2601 9
2602 14
2603 9
2604 8
2605 20
2606 12
2607 5
2608 6
2609 13
2610 8
2611 10
2612 8
2613 11
2614 29
2615 9
2616 7
2617 11
2618 9
2619 14
2620 8
2621 7
2622 32
2623 6
2624 10
2625 10
2626 12
2627 22
2629 20
2630 4
2631 8
2632 5
2633 7
2634 12
2635 24
2636 5
2637 6
2638 8
2639 16
2640 8
2641 9
2642 11
2643 10
2644 5
2645 21
2646 7
2647 23
2648 7
2649 8
2650 24
2651 53
2652 25
2653 117
2654 10
2655 23
2656 21
2657 50
2658 20
2659 23
2660 25
2661 9
2662 16
2663 12
2664 18
2665 4
2666 22
2667 7
2668 12
2669 12
2670 12
2671 7
2672 16
2673 7
2674 15
2675 20
2676 7
2677 7
2678 10
2679 8
2680 6
2681 23
2682 14
2683 25
2684 21
2685 21
2686 17
2687 6
2688 5
2689 8
2690 7
2691 17
2692 6
2693 13
2694 13
2695 9
2696 8
2697 12
2698 6
2699 11
2700 8
2701 10
2702 14
2703 12
2704 5
2705 25
2706 10
2707 12
2708 21
2709 6
2710 12
2711 34
2712 8
2713 21
2714 14
2715 12
2716 19
2717 23
2718 16
2719 11
2720 9
2721 18
2722 9
2723 21
2724 16
2725 8
2726 12
2727 26
2728 17
2729 42
2730 11
2731 20
2732 13
2733 13
2734 11
2735 14
2736 6
2737 23
2738 9
2739 16
2740 6
2741 5
2742 10
2743 14
2744 8
2745 17
2746 4
2747 38
2748 12
2749 16
2750 11
2751 36
2752 10
2753 5
2754 7
2755 7
2756 18
2757 7
2758 15
2759 6
2760 16
2761 5
2762 20
2763 6
2764 9
2765 20
2766 8
2767 11
2768 13
2769 4
2770 7
2771 10
2772 6
2773 10
2774 7
2775 12
2776 20
2777 8
2778 38
2779 9
2780 138
2781 83
2782 167
2783 28
2784 78
2785 26
2786 31
2787 12
2788 23
2789 16
2790 5
2791 16
2792 24
2793 10
2794 23
2795 15
2796 7
2797 12
2798 16
2799 13
2800 2
2801 25
2802 4
2803 80
2804 7
2805 10
2806 22
2807 10
2808 13
2809 11
2810 6
2811 11
2812 16
2813 14
2814 8
2815 6
2816 7
2817 10
2818 16
2819 9
2820 7
2821 14
2822 18
2823 10
2824 10
2825 22
2826 13
2827 5
2828 9
2829 14
2830 8
2831 10
2832 14
2833 5
2834 9
2835 14
2836 13
2837 22
2838 10
2839 19
2840 8
2841 11
2842 5
2843 16
2844 9
2845 30
2846 8
2847 7
2848 8
2849 18
2850 6
2851 29
2852 4
2853 2
2854 14
2855 10
2856 6
2857 18
2858 11
2859 9
2860 21
2861 4
2862 7
2863 31
2864 14
2865 6
2866 5
2867 23
2868 12
2869 14
2870 14
2871 12
2872 14
2873 7
2874 6
2875 28
2876 9
2877 3
2878 14
2879 6
2880 18
2881 5
2882 6
2883 7
2884 12
2885 5
2886 11
2887 15
2888 22
2889 7
2890 10
2891 7
2892 16
2893 18
2894 6
2895 7
2896 14
2897 14
2898 15
2899 5
2900 9
2901 6
2902 22
2903 2
2904 5
2905 7
2906 6
2907 6
2908 4
2909 8
2910 7
2911 17
2912 14
2913 20
2914 6
2915 13
2916 2
2917 12
2918 3
2919 7
2920 41
2921 19
2922 8
2923 4
2924 10
2925 10
2926 9
2927 8
2928 12
2929 5
2930 8
2931 4
2932 10
2933 4
2934 8
2935 12
2936 6
2937 2
2938 13
2939 5
2940 3
2941 9
2942 6
2943 15
2944 5
2945 13
2946 9
2947 7
2948 8
2949 12
2950 14
2951 8
2952 12
2953 19
2954 8
2955 6
2956 12
2957 2
2958 7
2959 7
2960 4
2961 7
2962 9
2963 8
2964 2
2965 9
2966 7
2967 11
2968 6
2969 22
2970 5
2971 7
2972 5
2973 6
2974 3
2975 7
2976 6
2977 8
2978 4
2979 15
2980 7
2981 14
2982 4
2983 14
2984 26
2985 2
2986 4
2987 24
2988 4
2989 15
2990 12
2991 7
2992 5
2993 8
2994 6
2995 8
2996 8
2997 10
2998 4
2999 9
3000 12
3001 7
3002 6
3003 19
3004 18
3005 3
3006 4
3007 8
3008 12
3009 6
3010 10
3011 5
3012 79
3013 5
3015 4
3016 11
3017 6
3018 8
3019 9
3020 7
3021 6
3022 3
3023 7
3024 9
3025 3
3026 4
3027 5
3028 11
3029 5
3030 17
3031 7
3032 7
3033 12
3034 7
3035 8
3036 5
3037 17
3038 8
3039 2
3040 16
3041 7
3042 11
3043 4
3044 4
3045 9
3046 3
3047 7
3048 17
3049 13
3050 10
3051 10
3052 10
3053 3
3054 6
3055 10
3056 20
3057 12
3058 14
3059 9
3060 14
3061 9
3062 20
3063 7
3064 10
3065 10
3066 9
3067 21
3068 15
3069 9
3070 12
3071 9
3072 14
3073 9
3074 13
3075 3
3076 13
3077 8
3078 15
3079 10
3080 13
3081 8
3082 7
3083 16
3084 8
3085 20
3086 7
3087 7
3088 7
3089 6
3090 16
3091 9
3092 9
3093 2
3094 15
3095 7
3096 12
3097 5
3098 5
3099 8
3100 6
3101 10
3102 10
3103 2
3104 15
3105 9
3106 11
3107 7
3108 14
3109 16
3110 28
3111 30
3112 10
3113 10
3114 9
3115 10
3116 8
3117 6
3118 5
3119 14
3120 6
3121 5
3122 4
3123 2
3124 8
3125 5
3126 6
3127 14
3128 7
3129 10
3130 3
3131 12
3132 5
3133 15
3134 16
3135 7
3136 7
3137 6
3138 7
3139 1
3140 18
3141 6
3142 10
3143 2
3144 7
3145 13
3146 11
3147 11
3148 9
3149 19
3150 19
3151 5
3152 6
3153 9
3154 8
3155 6
3156 10
3157 11
3158 5
3159 9
3160 15
3161 16
3162 15
3163 8
3164 3
3165 6
3166 13
3167 5
3168 5
3169 16
3170 8
3171 7
3172 11
3173 8
3174 26
3175 3
3176 13
3177 10
3178 13
3179 2
3180 18
3181 21
3182 11
3183 6
3184 7
3185 6
3186 11
3187 7
3188 2
3189 7
3190 4
3191 4
3192 7
3193 10
3194 12
3195 11
3196 9
3197 10
3198 8
3199 2
3200 26
3201 6
3202 7
3203 6
3204 10
3205 2
3206 5
3207 6
3208 6
3210 5
3211 5
3212 8
3213 9
3214 5
3215 4
3216 6
3217 3
3218 10
3219 4
3220 11
3221 7
3222 4
3223 5
3224 9
3225 3
3226 4
3227 4
3228 14
3229 4
3230 12
3231 11
3232 7
3233 7
3234 4
3235 10
3236 1
3237 1
3238 6
3239 8
3240 6
3241 11
3242 53
3243 10
3244 48
3245 81
3246 9
3247 206
3248 173
3249 6
3250 309
3251 11
3252 5
3253 11
3254 6
3255 7
3256 1
3257 8
3258 6
3259 8
3260 6
3261 3
3262 5
3263 3
3264 11
3265 7
3266 4
3267 3
3268 7
3269 3
3270 8
3271 5
3272 8
3273 1
3274 4
3275 8
3276 8
3277 18
3278 3
3279 7
3280 10
3281 7
3282 12
3283 4
3284 32
3285 303
3286 73
3287 104
3288 100
3289 85
3290 1
3291 175
3292 5
3293 5
3294 6
3295 7
3296 4
3297 7
3298 4
3299 10
3300 4
3301 4
3302 6
3303 2
3304 1
3305 11
3306 6
3307 6
3308 10
3309 6
3310 5
3311 5
3312 3
3313 7
3314 13
3315 6
3316 10
3317 3
3318 8
3319 5
3320 6
3321 9
3322 6
3323 6
3324 5
3325 5
3326 6
3327 5
3328 3
3329 4
3330 10
3331 4
3332 8
3333 14
3334 6
3335 5
3336 9
3337 2
3338 8
3339 5
3340 12
3341 25
3342 4
3343 4
3344 6
3345 6
3346 8
3347 4
3348 4
3349 5
3350 5
3351 6
3352 1
3353 4
3354 6
3355 4
3356 3
3357 3
3358 7
3359 7
3360 9
3361 4
3362 5
3363 11
3364 5
3365 7
3366 4
3367 6
3368 5
3369 1
3370 4
3371 4
3372 4
3373 1
3374 13
3375 7
3376 17
3377 4
3378 2
3379 7
3380 2
3381 5
3382 2
3383 3
3384 3
3385 4
3386 8
3387 5
3388 3
3389 5
3391 5
3392 6
3393 5
3394 7
3395 9
3396 4
3397 8
3398 13
3399 3
3400 1
3401 4
3402 1
3403 7
3404 3
3405 3
3406 2
3407 3
3408 8
3409 9
3410 10
3411 11
3413 7
3414 3
3415 8
3416 9
3417 8
3418 4
3419 8
3420 6
3421 9
3422 8
3423 5
3424 10
3425 5
3426 6
3427 3
3428 6
3429 5
3430 19
3431 5
3432 1
3433 4
3434 5
3435 13
3436 5
3437 6
3438 9
3439 11
3440 4
3441 9
3442 3
3443 7
3444 5
3445 3
3446 2
3447 4
3448 8
3449 9
3450 6
3451 12
3452 8
3453 11
3454 1
3455 14
3456 9
3457 4
3458 15
3459 11
3460 5
3461 3
3462 4
3463 5
3464 8
3465 5
3466 9
3467 6
3468 9
3469 8
3470 55
3471 10
3472 10
3473 2
3474 6
3475 4
3476 7
3477 3
3478 7
3479 17
3480 7
3481 2
3482 7
3483 4
3484 5
3485 10
3486 10
3487 1
3488 5
3489 9
3490 7
3491 3
3492 12
3493 4
3494 3
3495 1
3496 5
3497 2
3498 3
3499 3
3500 4
3501 2
3502 7
3503 2
3504 4
3505 2
3506 6
3507 9
3508 6
3509 7
3510 5
3511 6
3512 6
3513 73
3514 6
3515 14
3516 7
3517 3
3518 5
3519 4
3520 3
3521 4
3522 3
3523 7
3524 5
3525 2
3526 3
3527 6
3528 3
3529 6
3530 5
3531 5
3532 3
3533 16
3534 3
3535 9
3536 4
3537 5
3538 5
3539 3
3540 7
3541 2
3542 4
3543 10
3544 5
3545 3
3546 6
3547 6
3549 3
3550 9
3551 8
3552 6
3553 19
3554 5
3555 4
3556 6
3557 14
3558 4
3559 8
3560 5
3561 4
3562 11
3563 3
3564 10
3565 8
3566 6
3567 23
3568 10
3569 8
3570 6
3571 9
3572 8
3573 4
3574 7
3575 2
3576 5
3577 6
3578 8
3579 2
3580 2
3581 17
3582 4
3583 9
3584 7
3585 8
3586 5
3587 3
3588 5
3589 1
3590 3
3591 3
3592 7
3593 5
3594 6
3596 9
3597 2
3598 7
3599 4
3600 4
3601 5
3602 5
3603 4
3604 4
3605 3
3606 2
3607 5
3608 6
3609 8
3610 4
3611 3
3612 3
3613 5
3614 6
3615 5
3616 8
3617 5
3618 5
3619 10
3620 7
3621 6
3622 5
3623 5
3624 4
3625 6
3626 5
3627 13
3628 8
3629 7
3630 5
3631 13
3632 14
3633 5
3634 10
3635 5
3636 7
3637 5
3638 8
3639 9
3640 9
3641 6
3642 2
3643 3
3644 11
3645 2
3646 3
3647 1
3648 5
3649 11
3650 5
3651 3
3652 8
3653 5
3654 3
3655 7
3656 10
3657 6
3658 2
3659 6
3660 2
3661 1
3662 10
3663 10
3664 4
3665 7
3666 8
3667 212
3668 7
3669 9
3670 601
3671 2
3672 5
3673 8
3674 22
3675 13
3676 14
3677 11
3678 4
3679 12
3680 6
3681 6
3682 5
3683 5
3684 13
3685 47
3686 2
3687 4
3688 4
3689 18
3690 2
3691 4
3692 6
3693 4
3694 3
3695 4
3696 4
3697 2
3698 4
3699 6
3700 6
3701 3
3702 5
3703 119
3704 8
3705 3
3706 3
3707 4
3708 3
3709 4
3710 5
3711 7
3712 4
3713 1
3714 4
3715 9
3716 3
3717 1
3718 4
3719 3
3720 5
3721 5
3722 7
3723 1
3724 7
3725 5
3726 10
3727 7
3728 8
3729 5
3730 6
3731 3
3732 2
3733 9
3734 5
3735 2
3736 9
3737 2
3738 3
3739 4
3740 4
3741 9
3742 2
3743 24
3744 8
3745 7
3746 3
3747 5
3748 6
3749 2
3750 2
3751 6
3752 4
3753 4
3754 7
3755 8
3756 4
3757 4
3758 11
3759 1
3760 4
3761 11
3762 7
3763 2
3764 2
3765 3
3766 11
3767 2
3768 9
3769 7
3770 1
3771 2
3772 1
3773 6
3774 4
3775 4
3776 4
3777 3
3778 3
3779 6
3780 6
3781 4
3782 9
3783 5
3784 5
3785 8
3786 4
3787 6
3788 8
3789 6
3790 4
3791 6
3793 8
3794 5
3795 5
3796 17
3797 11
3798 5
3799 3
3800 4
3801 2
3802 4
3803 3
3804 2
3805 3
3806 3
3807 5
3808 2
3809 8
3810 7
3811 6
3812 5
3813 7
3814 1
3815 6
3816 2
3817 6
3818 4
3819 9
3820 4
3821 4
3822 6
3823 3
3824 3
3825 4
3826 12
3827 7
3828 7
3829 9
3830 5
3831 7
3832 5
3833 2
3834 6
3835 2
3836 7
3837 4
3838 3
3839 3
3840 2
3841 4
3843 20
3844 5
3845 6
3846 5
3847 5
3848 6
3849 5
3850 3
3851 2
3852 5
3853 7
3854 6
3855 6
3856 6
3857 6
3858 2
3859 1
3860 7
3861 4
3862 11
3863 116
3864 2
3865 4
3866 4
3867 3
3868 7
3869 8
3870 2
3871 1
3872 6
3873 8
3875 1
3876 6
3877 8
3878 5
3879 1
3880 9
3881 6
3882 3
3883 7
3884 7
3885 4
3886 3
3887 3
3888 9
3890 5
3891 9
3892 20
3893 3
3894 8
3895 5
3896 12
3897 5
3898 6
3899 10
3900 5
3901 5
3902 5
3903 3
3904 5
3905 1
3906 7
3907 11
3908 2
3909 5
3910 1
3911 3
3912 2
3913 2
3915 5
3916 3
3917 3
3918 7
3919 8
3920 4
3921 2
3922 2
3923 7
3924 1
3925 8
3926 2
3927 1
3928 9
3929 2
3930 5
3931 2
3932 2
3933 1
3934 1
3935 3
3936 5
3937 5
3938 3
3939 5
3940 2
3941 3
3942 9
3943 6
3944 1
3945 3
3946 8
3947 3
3948 1
3949 1
3950 2
3951 3
3952 5
3953 5
3954 2
3955 2
3956 2
3957 4
3958 5
3959 7
3960 5
3961 7
3962 5
3963 1
3964 3
3965 3
3966 2
3967 1
3968 5
3970 8
3971 3
3972 6
3973 4
3974 13
3975 7
3976 5
3978 1
3979 4
3980 1
3981 3
3982 3
3983 5
3984 3
3985 3
3986 2
3987 2
3988 5
3989 2
3990 3
3991 6
3992 2
3993 1
3994 2
3995 2
3996 6
3997 4
3998 5
3999 3
4000 10
4001 1
4002 2
4003 8
4004 13
4005 1
4006 3
4007 2
4008 6
4009 5
4010 5
4011 6
4012 5
4013 10
4014 6
4015 5
4016 9
4017 3
4018 4
4019 3
4020 2
4021 3
4023 6
4024 2
4025 2
4026 4
4027 9
4028 2
4029 3
4030 5
4031 4
4032 2
4033 4
4034 1
4035 3
4036 7
4037 3
4038 3
4039 3
4040 2
4042 3
4043 6
4044 2
4045 4
4046 5
4047 1
4048 5
4049 7
4050 1
4051 3
4052 5
4053 8
4054 2
4055 4
4056 3
4057 6
4058 2
4059 4
4060 3
4061 4
4062 1
4063 1
4064 2
4065 3
4066 1
4067 2
4068 1
4069 2
4070 1
4071 2
4072 5
4074 2
4075 4
4076 4
4077 3
4078 6
4079 3
4080 4
4081 6
4082 8
4083 9
4084 7
4085 6
4086 8
4087 3
4088 1
4089 5
4091 3
4092 5
4093 4
4094 4
4095 4
4096 8
4097 3
4098 6
4099 5
4100 4
4101 5
4102 35
4103 5
4104 3
4105 3
4106 11
4107 4
4108 2
4109 6
4110 6
4111 3
4112 5
4113 4
4114 8
4115 3
4116 4
4117 3
4118 5
4119 3
4120 3
4121 4
4122 6
4123 3
4124 8
4125 3
4126 6
4127 2
4128 3
4129 6
4130 10
4131 3
4132 2
4133 1
4135 3
4136 6
4137 5
4138 15
4139 4
4140 2
4141 5
4142 6
4143 1
4144 2
4145 6
4146 8
4147 3
4148 10
4149 3
4150 4
4151 2
4152 5
4153 4
4154 2
4155 4
4156 7
4157 2
4158 5
4159 3
4160 5
4162 2
4163 6
4164 3
4165 4
4166 10
4167 3
4168 12
4169 1
4170 6
4172 12
4173 2
4174 8
4175 5
4176 7
4177 4
4178 10
4179 5
4180 6
4181 7
4182 6
4183 3
4184 3
4185 5
4186 3
4187 10
4188 4
4189 5
4190 3
4191 6
4192 4
4193 1
4195 2
4196 1
4197 3
4198 8
4199 4
4200 2
4201 1
4202 3
4204 2
4205 4
4206 5
4207 8
4208 7
4209 3
4210 7
4211 5
4212 4
4213 3
4214 2
4215 7
4216 2
4217 4
4218 9
4219 8
4220 4
4221 7
4222 2
4223 4
4225 4
4227 1
4228 2
4229 7
4230 3
4231 3
4232 1
4233 4
4234 3
4235 3
4236 2
4237 3
4238 3
4239 2
4240 2
4241 1
4242 2
4243 2
4244 2
4245 10
4246 1
4247 2
4249 2
4251 2
4252 1
4253 1
4254 4
4255 3
4257 5
4258 1
4259 3
4260 4
4261 4
4262 2
4263 2
4265 2
4266 2
4267 5
4268 1
4269 1
4270 4
4271 4
4272 3
4273 3
4274 1
4275 5
4276 2
4277 3
4278 3
4279 5
4280 4
4281 5
4282 39
4283 6
4284 23
4285 1
4286 6
4287 1
4288 5
4289 4
4290 2
4291 4
4292 3
4293 5
4294 2
4295 6
4296 3
4297 4
4298 8
4299 3
4301 4
4302 5
4303 3
4304 2
4305 5
4306 7
4307 10
4308 2
4309 1
4310 3
4311 3
4312 5
4313 3
4314 2
4315 3
4316 2
4317 7
4318 2
4319 3
4320 2
4321 3
4322 3
4323 4
4324 2
4325 2
4326 3
4327 1
4328 2
4329 3
4330 13
4331 2
4332 1
4333 3
4334 5
4335 2
4336 6
4337 4
4338 16
4340 5
4341 3
4344 4
4345 7
4346 3
4347 9
4348 3
4349 2
4350 3
4351 3
4352 11
4353 8
4354 3
4355 14
4356 53
4357 3
4358 5
4359 3
4361 4
4362 5
4363 2
4364 2
4365 2
4366 3
4367 1
4368 1
4369 2
4370 3
4371 4
4372 5
4373 2
4374 7
4375 1
4376 2
4377 2
4378 3
4379 2
4380 3
4381 2
4382 5
4383 8
4384 5
4385 3
4386 2
4387 5
4388 4
4389 2
4390 6
4391 2
4392 5
4393 6
4394 8
4395 2
4396 1
4397 8
4398 6
4399 6
4400 2
4401 4
4402 2
4403 4
4404 5
4405 2
4406 3
4407 5
4409 4
4410 9
4411 3
4412 2
4413 7
4414 2
4415 5
4416 1
4417 3
4418 1
4419 2
4420 5
4421 4
4423 4
4424 4
4425 2
4426 82
4427 6
4428 3
4429 36
4430 1
4431 2
4432 1
4433 6
4434 1
4435 4
4436 2
4437 5
4438 4
4439 3
4440 9
4441 6
4442 1
4443 4
4444 1
4445 3
4447 8
4449 3
4450 3
4451 1
4452 5
4453 1
4454 2
4455 5
4456 3
4457 10
4458 3
4459 2
4460 3
4461 4
4463 3
4464 1
4465 9
4466 3
4468 5
4469 2
4470 3
4471 3
4472 2
4473 1
4474 4
4475 3
4476 5
4477 2
4478 1
4479 3
4480 2
4481 3
4483 6
4484 3
4485 1
4486 1
4487 8
4488 4
4490 4
4491 3
4492 2
4493 3
4494 8
4495 5
4496 6
4497 2
4499 6
4500 2
4501 2
4502 1
4503 5
4504 2
4505 3
4506 2
4507 6
4508 1
4509 2
4510 1
4511 1
4512 5
4513 4
4514 2
4515 2
4516 1
4517 7
4518 2
4519 5
4520 2
4521 6
4522 1
4523 3
4524 2
4526 2
4527 1
4528 2
4529 1
4530 1
4531 5
4532 3
4533 3
4534 5
4535 1
4536 7
4537 3
4538 3
4539 4
4540 3
4541 2
4542 6
4543 5
4544 2
4545 4
4546 3
4547 2
4548 2
4550 1
4551 2
4552 5
4553 4
4554 1
4555 2
4556 4
4557 2
4558 3
4559 2
4560 1
4561 4
4562 3
4563 8
4564 4
4565 3
4566 5
4567 3
4568 6
4569 2
4570 10
4571 3
4572 2
4573 4
4574 2
4575 2
4576 5
4577 1
4578 12
4579 4
4580 12
4581 6
4582 3
4583 4
4584 4
4585 4
4586 2
4587 8
4588 6
4589 11
4590 3
4591 4
4592 5
4593 1
4595 3
4596 1
4597 2
4598 3
4599 3
4601 3
4602 1
4603 1
4604 3
4605 1
4606 3
4607 1
4608 1
4609 1
4610 6
4611 4
4614 1
4616 4
4618 3
4620 4
4621 3
4622 3
4623 6
4624 4
4625 2
4626 1
4627 7
4628 2
4629 5
4630 4
4631 4
4632 1
4633 1
4634 1
4635 4
4636 3
4638 2
4639 1
4640 3
4641 2
4642 1
4643 3
4644 2
4645 4
4646 6
4648 2
4649 2
4650 6
4651 3
4652 1
4653 22
4654 2
4655 3
4656 4
4657 6
4658 4
4659 4
4660 1
4662 5
4663 3
4664 6
4666 3
4668 2
4669 2
4670 4
4671 3
4672 7
4674 7
4675 2
4676 2
4677 2
4678 1
4679 1
4680 2
4681 3
4682 1
4684 1
4685 4
4686 3
4687 2
4688 2
4689 5
4690 4
4691 1
4692 1
4693 5
4694 1
4695 1
4697 4
4698 1
4699 2
4700 1
4701 4
4702 2
4703 2
4704 3
4705 12
4706 2
4707 4
4709 2
4710 1
4711 4
4712 1
4715 2
4716 1
4717 2
4718 3
4719 8
4720 3
4721 2
4722 4
4723 3
4724 1
4725 4
4726 1
4727 3
4728 2
4729 3
4730 3
4731 2
4732 3
4734 1
4735 4
4736 4
4737 2
4738 1
4740 2
4743 2
4744 1
4745 1
4748 1
4750 2
4751 1
4752 2
4753 2
4754 2
4755 3
4757 4
4758 2
4759 4
4760 1
4761 2
4762 4
4764 3
4765 1
4766 3
4767 1
4768 3
4769 3
4770 1
4771 3
4772 2
4773 1
4774 1
4775 7
4776 4
4777 1
4778 2
4780 2
4781 1
4782 3
4784 4
4785 2
4786 2
4787 3
4788 3
4789 1
4790 4
4791 3
4792 1
4793 5
4794 1
4795 2
4796 3
4797 1
4799 1
4801 2
4805 4
4806 1
4807 1
4808 4
4810 2
4811 2
4813 1
4815 1
4816 2
4818 1
4820 2
4822 2
4825 1
4826 2
4827 3
4828 1
4829 2
4831 2
4832 3
4833 4
4834 3
4835 4
4837 1
4838 1
4839 2
4842 2
4843 1
4844 4
4845 2
4846 3
4847 2
4848 3
4850 1
4851 1
4852 1
4854 2
4855 1
4856 2
4858 2
4859 2
4860 1
4861 2
4863 2
4864 4
4865 3
4866 3
4868 3
4869 1
4870 1
4871 4
4872 1
4873 2
4877 2
4878 1
4880 1
4882 2
4885 6
4886 1
4887 2
4888 6
4890 1
4891 1
4892 6
4893 2
4894 7
4895 1
4896 5
4897 3
4898 6
4899 5
4901 2
4902 2
4903 3
4905 4
4906 3
4907 1
4908 5
4909 1
4910 2
4911 3
4912 6
4913 1
4915 1
4917 3
4919 2
4920 2
4921 4
4922 9
4923 2
4924 3
4925 2
4926 1
4927 7
4928 31
4929 2
4930 1
4931 16
4932 1
4934 2
4936 1
4937 2
4938 1
4939 1
4940 2
4941 2
4942 4
4943 2
4944 1
4945 2
4946 1
4948 3
4949 1
4951 2
4952 3
4953 2
4955 1
4956 2
4957 1
4958 2
4959 3
4960 1
4962 3
4964 1
4965 1
4966 1
4967 4
4968 2
4970 2
4971 4
4972 1
4973 2
4974 2
4975 1
4976 3
4977 1
4978 2
4979 1
4980 2
4981 2
4982 1
4985 1
4987 1
4988 4
4989 1
4990 1
4991 1
4993 2
4994 2
4995 1
4997 5
4998 2
4999 1
5000 1
5001 1
5002 4
5003 1
5004 1
5005 2
5006 1
5007 1
5008 1
5011 2
5012 1
5013 3
5014 3
5017 1
5018 3
5023 1
5024 3
5025 3
5027 1
5028 5
5029 1
5030 3
5031 2
5032 4
5033 1
5034 1
5035 2
5036 1
5037 1
5038 1
5041 3
5044 3
5045 1
5046 1
5047 2
5048 1
5049 2
5051 3
5052 2
5053 1
5054 5
5055 1
5056 2
5057 2
5059 5
5060 1
5061 1
5062 3
5063 1
5065 5
5066 4
5067 1
5068 3
5069 2
5071 4
5072 3
5073 1
5074 3
5076 2
5077 1
5078 1
5079 3
5080 2
5081 5
5083 2
5084 1
5085 2
5087 1
5088 3
5089 3
5090 1
5091 1
5094 2
5095 2
5097 3
5098 2
5099 2
5101 1
5102 1
5103 2
5104 3
5107 2
5108 2
5109 1
5110 2
5111 1
5112 2
5113 2
5116 1
5117 3
5118 2
5119 4
5122 1
5124 2
5125 1
5126 1
5127 3
5128 2
5129 2
5130 5
5131 8
5132 2
5133 1
5134 1
5135 2
5136 2
5137 1
5139 2
5140 1
5141 2
5142 2
5143 1
5144 2
5145 3
5146 2
5147 1
5148 2
5149 2
5151 1
5153 1
5154 3
5155 6
5157 3
5158 2
5159 5
5160 1
5161 3
5162 1
5163 1
5165 1
5166 2
5167 2
5168 1
5169 1
5173 3
5174 2
5175 1
5176 3
5177 1
5179 7
5180 1
5181 1
5182 2
5183 4
5184 2
5185 2
5186 10
5188 2
5189 8
5190 7
5191 1
5192 2
5193 2
5195 3
5196 1
5197 3
5199 1
5201 1
5204 2
5205 3
5206 1
5207 1
5209 1
5210 1
5211 3
5212 6
5213 1
5214 1
5215 1
5216 2
5217 3
5219 3
5220 1
5221 3
5222 1
5223 3
5224 2
5225 2
5227 2
5230 7
5231 7
5232 2
5234 2
5236 3
5239 2
5242 2
5243 4
5244 2
5245 3
5246 2
5247 1
5248 1
5250 2
5251 1
5252 1
5253 1
5254 3
5258 2
5259 1
5262 2
5263 4
5266 4
5268 1
5271 7
5272 1
5273 1
5274 3
5275 1
5276 1
5277 1
5278 2
5279 160
5280 8
5281 25
5282 1
5283 5
5284 3
5285 18
5286 5
5288 1
5289 3
5290 3
5291 6
5292 1
5293 1
5294 2
5295 1
5296 1
5297 1
5301 1
5303 2
5304 2
5305 1
5307 1
5308 1
5311 1
5316 3
5317 1
5318 1
5320 1
5321 1
5323 3
5325 1
5326 3
5327 1
5328 2
5331 3
5334 1
5335 1
5336 3
5338 2
5339 1
5340 2
5341 3
5342 3
5346 3
5348 1
5349 2
5350 3
5351 2
5352 2
5353 3
5354 1
5355 2
5356 2
5357 2
5358 2
5362 1
5363 1
5364 1
5368 1
5369 1
5370 1
5371 2
5372 1
5375 2
5376 4
5379 3
5380 1
5381 1
5382 1
5383 2
5385 2
5386 1
5387 26
5388 2
5390 2
5391 1
5392 3
5393 2
5394 18
5396 136
5398 1
5399 1
5400 5
5401 2
5402 3
5404 3
5405 5
5406 3
5407 2
5411 2
5412 1
5413 1
5414 1
5415 1
5419 2
5420 7
5422 1
5424 1
5425 1
5426 1
5429 2
5430 2
5432 1
5433 2
5434 3
5435 2
5436 2
5437 4
5438 2
5439 5
5440 3
5441 6
5442 2
5443 2
5444 13
5445 5
5447 1
5448 2
5449 3
5450 5
5451 2
5452 5
5454 8
5455 2
5456 2
5458 2
5459 1
5460 5
5462 3
5463 2
5464 18
5465 1
5466 10
5467 1
5468 2
5469 4
5470 3
5471 1
5472 3
5473 2
5475 2
5477 2
5478 1
5479 1
5480 1
5481 1
5482 2
5483 1
5484 4
5485 1
5487 3
5488 5
5489 2
5490 1
5491 1
5492 2
5493 2
5494 3
5495 1
5497 1
5499 1
5500 1
5501 5
5502 1
5503 2
5504 1
5505 1
5506 1
5508 3
5509 3
5510 2
5511 1
5512 2
5513 2
5515 2
5516 1
5517 1
5518 3
5519 3
5520 3
5521 1
5522 3
5523 4
5524 4
5526 3
5527 4
5528 2
5529 2
5530 1
5531 2
5533 1
5534 3
5535 3
5537 5
5538 3
5540 3
5541 3
5542 4
5543 2
5544 2
5545 1
5546 2
5547 4
5548 32
5549 1
5550 3
5553 2
5554 1
5555 3
5556 4
5557 3
5558 3
5559 1
5560 1
5562 2
5563 1
5564 1
5566 1
5567 2
5568 1
5569 3
5570 3
5571 1
5572 1
5576 2
5577 3
5578 1
5580 2
5581 2
5582 1
5584 1
5585 2
5587 2
5589 2
5590 4
5591 2
5592 1
5595 1
5596 1
5597 2
5598 1
5599 1
5601 1
5602 2
5603 1
5604 2
5605 3
5607 1
5609 1
5610 2
5611 1
5612 3
5613 2
5614 2
5615 1
5618 1
5619 3
5621 4
5623 2
5624 2
5625 1
5626 1
5627 1
5629 1
5631 3
5632 1
5634 2
5635 2
5636 2
5639 1
5640 2
5641 1
5642 1
5643 1
5644 2
5645 3
5646 2
5647 1
5649 3
5652 1
5653 3
5654 5
5656 1
5659 1
5660 2
5661 2
5662 1
5663 1
5664 2
5665 3
5666 4
5667 3
5668 2
5669 1
5671 5
5673 2
5675 3
5676 2
5677 1
5678 2
5679 1
5680 1
5681 2
5682 1
5683 1
5686 6
5687 2
5689 2
5690 1
5691 5
5693 1
5694 2
5695 2
5699 1
5700 1
5701 3
5702 1
5703 3
5705 2
5707 3
5708 1
5709 2
5710 2
5711 2
5712 4
5713 1
5714 3
5715 3
5716 1
5717 1
5718 1
5719 1
5720 1
5721 1
5723 2
5724 1
5725 1
5726 1
5727 2
5729 1
5731 1
5734 4
5735 1
5741 2
5743 1
5744 1
5745 3
5746 2
5748 2
5749 2
5751 3
5752 3
5753 6
5754 1
5756 2
5757 1
5758 3
5759 1
5760 2
5761 1
5762 2
5764 1
5765 3
5766 2
5768 2
5772 1
5773 2
5774 11
5777 1
5780 1
5781 3
5782 1
5783 3
5785 8
5786 1
5787 8
5788 2
5789 1
5790 1
5792 3
5793 3
5794 1
5796 1
5798 1
5799 1
5800 2
5803 2
5804 1
5805 2
5806 1
5810 1
5811 1
5812 1
5813 4
5814 1
5815 3
5816 2
5817 2
5818 1
5821 1
5823 1
5827 2
5829 2
5830 3
5831 1
5832 4
5833 1
5834 1
5835 2
5836 2
5838 2
5839 2
5840 3
5842 1
5844 1
5845 1
5847 1
5848 1
5849 4
5850 2
5851 1
5852 2
5855 2
5857 4
5858 1
5859 5
5862 295
5863 1
5864 15
5865 41
5866 12
5867 2
5868 90
5869 15
5870 66
5871 3
5872 8
5873 3
5874 2
5875 23
5876 3
5877 1
5878 1
5879 1
5884 1
5885 2
5886 1
5889 1
5890 1
5892 3
5893 1
5894 2
5895 1
5900 2
5903 2
5906 1
5907 1
5909 1
5912 3
5914 1
5916 1
5918 2
5919 2
5920 2
5923 2
5924 1
5927 1
5929 1
5930 2
5931 1
5933 17
5934 2
5935 2
5936 1
5937 1
5939 2
5941 2
5942 2
5943 4
5944 3
5946 2
5947 1
5948 1
5949 2
5950 4
5951 2
5954 1
5955 1
5956 1
5957 2
5958 1
5959 1
5961 1
5962 3
5963 1
5964 1
5965 1
5967 2
5968 2
5969 4
5973 1
5975 3
5977 1
5978 1
5979 2
5981 3
5982 1
5985 1
5986 1
5991 1
5992 1
5994 3
5995 1
5997 1
5998 1
5999 1
6000 1
6001 2
6002 1
6003 4
6004 1
6006 3
6010 1
6012 1
6014 1
6016 1
6018 1
6019 1
6024 4
6027 2
6028 1
6029 2
6031 2
6034 1
6035 1
6036 12
6038 1
6042 3
6043 3
6044 2
6045 1
6046 2
6047 1
6050 3
6052 1
6056 4
6058 1
6060 1
6064 3
6065 1
6066 4
6067 1
6069 1
6071 2
6072 1
6073 1
6075 1
6076 1
6077 1
6078 1
6083 2
6084 2
6088 2
6089 1
6090 1
6091 1
6092 2
6093 1
6098 1
6100 1
6101 1
6102 1
6105 1
6106 1
6108 1
6112 1
6114 1
6115 2
6116 14
6117 2
6118 3
6119 2
6120 1
6121 2
6123 1
6124 1
6125 1
6127 2
6128 2
6130 2
6131 1
6132 1
6135 1
6136 1
6138 1
6139 1
6140 1
6142 1
6143 4
6145 3
6146 3
6148 4
6152 1
6154 1
6155 1
6157 2
6158 2
6159 2
6162 1
6166 2
6167 1
6168 1
6169 3
6171 1
6173 1
6175 1
6179 2
6182 1
6184 1
6186 2
6188 1
6189 2
6190 3
6191 4
6192 1
6193 1
6194 1
6195 1
6197 1
6198 3
6200 1
6201 2
6204 3
6206 3
6207 1
6208 2
6211 1
6212 1
6213 3
6214 1
6216 1
6218 3
6219 1
6221 1
6222 1
6223 1
6224 2
6225 1
6226 1
6227 3
6228 1
6229 1
6231 1
6232 2
6235 1
6236 3
6237 1
6238 1
6239 1
6240 2
6243 1
6245 1
6247 1
6248 1
6250 1
6252 2
6253 1
6254 3
6257 2
6258 2
6259 4
6262 3
6263 2
6265 1
6266 2
6268 2
6270 1
6271 1
6274 1
6275 1
6277 1
6278 1
6281 1
6286 1
6287 4
6288 2
6289 1
6290 2
6292 1
6293 1
6298 1
6299 7
6302 2
6303 2
6304 1
6306 2
6307 1
6308 1
6310 1
6312 3
6313 4
6314 3
6315 1
6316 9
6317 1
6318 2
6321 1
6324 1
6325 1
6326 1
6327 1
6328 10
6329 15
6330 21
6331 57
6332 7
6333 3
6334 3
6337 2
6338 1
6341 1
6342 2
6343 3
6344 1
6345 2
6347 1
6351 1
6352 3
6353 2
6354 2
6356 1
6361 2
6362 1
6363 33
6364 166
6366 1
6367 1
6368 1
6370 1
6371 1
6374 1
6378 2
6380 2
6382 2
6383 2
6384 1
6386 1
6387 1
6388 1
6389 1
6390 1
6392 1
6393 1
6395 1
6396 3
6402 2
6403 1
6405 1
6408 3
6409 1
6410 1
6411 1
6412 2
6418 1
6419 1
6421 2
6422 3
6424 1
6426 3
6427 1
6429 3
6430 1
6431 1
6432 2
6435 1
6438 1
6439 1
6442 2
6445 1
6446 1
6449 2
6451 2
6455 1
6456 1
6458 1
6459 1
6460 1
6461 1
6462 2
6463 1
6470 1
6472 2
6473 1
6474 2
6477 3
6478 2
6480 1
6481 1
6485 1
6488 2
6489 2
6490 2
6491 2
6493 1
6494 1
6497 1
6498 1
6499 2
6500 1
6502 2
6503 2
6506 1
6507 1
6511 2
6512 3
6513 1
6515 3
6516 2
6517 1
6518 1
6519 3
6520 1
6521 2
6523 1
6527 1
6529 1
6531 1
6532 1
6534 1
6536 2
6537 2
6539 1
6540 1
6541 1
6542 5
6544 1
6546 1
6550 1
6551 2
6552 1
6554 1
6559 2
6560 1
6561 1
6563 1
6564 1
6565 2
6566 2
6568 2
6569 1
6570 1
6572 3
6573 2
6574 3
6575 1
6576 2
6577 1
6578 2
6581 1
6582 1
6583 1
6584 2
6585 3
6586 1
6587 1
6589 4
6591 2
6592 1
6594 1
6595 2
6598 1
6600 1
6603 1
6605 2
6606 3
6607 1
6608 2
6611 2
6612 1
6613 1
6614 1
6615 1
6617 1
6618 1
6619 1
6625 1
6629 1
6630 1
6633 1
6634 1
6635 2
6636 2
6637 1
6642 1
6643 1
6644 1
6649 3
6651 1
6652 1
6653 1
6654 2
6657 1
6659 1
6660 1
6661 1
6662 1
6664 2
6665 1
6669 2
6673 1
6675 1
6679 1
6680 1
6681 3
6683 2
6684 2
6685 1
6686 3
6687 3
6689 3
6691 1
6692 1
6693 1
6694 1
6695 1
6696 2
6697 2
6698 1
6700 1
6703 2
6704 1
6705 2
6710 2
6711 1
6715 1
6719 2
6720 2
6722 1
6723 2
6725 1
6727 3
6730 2
6732 2
6734 1
6735 1
6736 2
6738 1
6739 2
6741 1
6743 1
6745 1
6747 1
6749 1
6751 4
6755 1
6756 2
6757 1
6758 1
6759 1
6760 2
6764 4
6766 1
6768 1
6769 3
6770 1
6772 1
6778 2
6779 1
6780 3
6781 1
6782 2
6783 2
6784 2
6785 1
6786 1
6787 1
6788 1
6789 6
6790 1
6791 1
6792 1
6793 2
6795 1
6796 3
6797 1
6799 2
6800 1
6801 2
6804 1
6806 2
6807 1
6809 2
6810 2
6811 1
6812 1
6813 1
6814 1
6817 1
6818 3
6821 1
6826 3
6827 4
6829 2
6830 1
6833 1
6836 1
6837 1
6840 1
6841 2
6842 4
6843 6
6844 1
6845 1
6846 1
6847 2
6848 4
6849 2
6851 2
6852 1
6853 4
6854 1
6855 1
6857 1
6858 2
6860 1
6862 1
6864 1
6865 2
6866 1
6869 1
6872 1
6873 2
6874 3
6875 2
6876 1
6878 1
6879 1
6880 2
6882 2
6883 2
6884 1
6885 1
6887 1
6888 2
6889 1
6890 1
6893 1
6896 1
6897 1
6898 1
6900 1
6901 1
6902 1
6903 1
6905 1
6907 1
6908 1
6909 2
6910 1
6913 2
6915 2
6917 1
6919 1
6920 1
6922 1
6923 1
6924 1
6928 1
6930 2
6932 1
6933 1
6934 1
6935 3
6936 1
6938 3
6941 2
6946 2
6949 1
6952 1
6954 1
6955 1
6958 1
6959 3
6962 3
6963 3
6965 1
6966 1
6967 3
6968 2
6969 2
6973 1
6974 3
6975 1
6976 1
6977 1
6978 1
6979 2
6980 1
6989 2
6990 1
6991 1
6992 2
6993 2
6994 1
6997 2
6998 1
7001 1
7004 1
7005 1
7007 1
7009 1
7011 1
7012 2
7013 2
7014 1
7016 1
7017 1
7022 2
7026 2
7029 3
7030 1
7032 3
7034 1
7035 2
7036 1
7037 1
7043 3
7044 1
7046 1
7048 3
7049 1
7050 1
7051 1
7053 3
7055 1
7056 1
7057 1
7058 5
7059 1
7060 1
7061 8
7063 2
7065 2
7066 2
7067 7
7069 4
7070 1
7071 2
7074 1
7075 1
7076 1
7080 4
7082 2
7083 1
7084 2
7085 1
7087 2
7088 2
7089 6
7090 1
7095 2
7096 1
7097 2
7098 1
7102 3
7103 2
7104 2
7106 1
7107 5
7108 5
7109 2
7111 4
7113 1
7114 3
7115 1
7116 1
7118 1
7122 2
7125 1
7126 1
7127 1
7129 1
7132 4
7133 1
7134 2
7135 1
7136 1
7137 1
7138 3
7142 2
7145 2
7146 2
7147 3
7148 4
7149 3
7151 1
7152 4
7153 2
7154 2
7156 1
7157 1
7160 2
7161 2
7163 2
7164 1
7165 2
7167 1
7168 1
7169 5
7171 2
7172 1
7173 1
7174 1
7175 6
7176 1
7179 3
7181 1
7182 1
7183 1
7185 1
7186 2
7187 2
7188 5
7189 6
7190 4
7192 1
7193 2
7194 8
7195 1
7197 1
7199 2
7200 1
7201 2
7203 1
7205 3
7207 2
7209 1
7210 3
7211 4
7212 1
7213 2
7214 1
7215 1
7216 3
7217 7
7218 2
7219 4
7221 4
7222 4
7224 1
7225 2
7226 1
7227 2
7228 1
7230 2
7231 2
7232 2
7234 3
7235 2
7237 1
7239 2
7241 1
7242 1
7243 1
7244 1
7246 3
7247 1
7248 1
7249 3
7250 1
7251 1
7253 1
7255 37
7256 1
7259 1
7263 1
7264 2
7267 1
7270 1
7272 1
7273 1
7274 1
7277 2
7278 1
7280 2
7281 3
7282 2
7283 6
7284 1
7285 1
7286 1
7287 5
7288 2
7290 2
7294 1
7295 1
7296 1
7297 3
7298 1
7299 1
7302 1
7305 1
7308 1
7309 2
7310 1
7311 1
7313 5
7316 1
7320 1
7321 1
7323 1
7325 2
7326 3
7329 2
7331 1
7332 3
7333 2
7338 1
7340 2
7341 1
7342 1
7344 2
7345 2
7348 4
7349 1
7350 2
7359 5
7360 1
7361 1
7362 6
7363 9
7364 8
7365 2
7366 5
7367 5
7369 3
7370 4
7371 7
7372 2
7373 2
7374 3
7376 2
7378 1
7380 2
7381 2
7384 1
7385 2
7386 1
7387 2
7389 1
7390 2
7391 1
7392 2
7393 2
7394 1
7395 2
7396 3
7397 1
7398 3
7399 2
7400 1
7403 2
7404 2
7405 2
7410 1
7411 1
7412 1
7413 1
7414 3
7415 1
7416 1
7417 3
7419 2
7422 1
7423 1
7424 1
7425 2
7428 2
7429 6
7431 3
7433 15
7434 1
7435 3
7436 4
7437 9
7439 2
7441 1
7442 1
7443 35
7444 1
7445 2
7446 1
7447 3
7448 2
7449 119
7450 1
7451 1
7453 1
7454 7
7456 1
7457 3
7459 1
7460 1
7465 4
7468 1
7469 6
7472 1
7473 1
7474 2
7477 2
7478 1
7479 1
7480 3
7481 1
7482 1
7486 5
7487 1
7488 1
7489 1
7490 1
7491 1
7492 2
7493 1
7496 2
7498 1
7499 2
7501 1
7502 3
7503 1
7504 1
7506 2
7509 1
7510 7
7513 1
7514 1
7515 1
7516 5
7517 3
7518 3
7526 1
7528 2
7529 1
7531 5
7533 2
7534 1
7538 1
7539 1
7540 1
7544 3
7548 2
7549 1
7551 6
7554 2
7558 1
7560 1
7562 1
7567 2
7569 1
7570 2
7571 1
7572 3
7573 1
7574 3
7576 1
7577 3
7578 1
7579 2
7582 1
7584 1
7585 2
7587 1
7588 1
7592 1
7594 1
7596 1
7597 6
7598 2
7599 2
7600 4
7601 1
7603 2
7604 2
7607 2
7609 1
7610 2
7613 2
7614 1
7617 1
7618 1
7620 2
7621 1
7622 3
7623 1
7624 1
7625 1
7629 2
7630 1
7631 2
7634 1
7635 2
7639 1
7641 2
7642 3
7643 2
7647 3
7648 1
7649 1
7650 1
7651 1
7652 2
7653 1
7655 3
7656 1
7659 1
7660 1
7662 1
7663 2
7666 2
7667 1
7668 1
7669 3
7670 1
7671 3
7676 2
7677 1
7681 1
7684 2
7685 1
7687 1
7688 2
7689 1
7691 1
7692 3
7693 1
7696 3
7707 3
7708 1
7709 1
7710 1
7713 2
7715 3
7716 3
7717 1
7718 1
7720 1
7723 1
7725 2
7726 1
7733 1
7736 1
7740 6
7749 1
7750 1
7754 1
7755 1
7757 1
7758 2
7759 1
7761 2
7763 2
7764 1
7765 1
7767 3
7772 1
7778 1
7780 1
7782 2
7783 1
7789 1
7790 6
7795 2
7796 5
7799 2
7800 1
7801 1
7802 2
7803 1
7807 1
7810 2
7811 1
7813 1
7816 2
7818 2
7821 3
7827 1
7832 7
7835 12
7836 3
7838 3
7839 1
7840 4
7843 23
7844 5
7846 1
7847 9
7849 3
7850 1
7851 1
7852 2
7853 9
7854 1
7855 7
7856 1
7857 1
7858 2
7862 2
7865 1
7866 1
7868 1
7870 1
7871 1
7872 2
7873 2
7874 1
7875 1
7876 2
7877 1
7878 1
7885 1
7886 2
7889 1
7890 1
7894 2
7895 1
7896 2
7899 1
7904 2
7905 2
7908 3
7915 1
7916 1
7918 1
7921 2
7922 1
7924 1
7926 2
7927 1
7929 1
7930 1
7932 1
7933 2
7934 1
7935 1
7938 1
7941 1
7949 1
7951 2
7952 1
7955 2
7956 1
7957 2
7958 3
7961 3
7964 3
7965 2
7966 1
7967 1
7968 1
7969 1
7975 1
7976 1
7978 1
7979 8
7981 67
7982 1
7983 95
7984 72
7986 19
7987 3
7988 34
7989 12
7990 2
7991 1
7994 3
7996 1
7998 2
7999 1
8002 1
8003 1
8004 3
8010 1
8012 1
8013 1
8015 2
8018 1
8019 1
8021 1
8022 2
8023 1
8024 1
8028 1
8029 1
8032 7
8033 1
8034 1
8035 1
8036 7
8037 2
8038 2
8040 2
8041 1
8042 1
8043 2
8044 1
8045 1
8047 1
8050 2
8051 1
8053 1
8056 1
8059 1
8060 1
8061 2
8062 2
8065 2
8066 1
8069 1
8070 1
8071 1
8072 1
8073 1
8074 1
8075 2
8077 3
8078 1
8079 3
8080 1
8081 1
8082 1
8085 1
8087 1
8088 1
8091 1
8093 1
8095 1
8099 2
8102 1
8103 1
8104 1
8106 1
8107 1
8109 1
8110 1
8111 1
8112 1
8113 18
8114 1
8115 1
8119 1
8122 1
8127 2
8128 1
8133 1
8134 3
8136 2
8138 2
8139 1
8140 1
8142 1
8143 4
8144 1
8146 1
8148 1
8149 3
8151 1
8152 2
8153 1
8156 1
8157 2
8163 1
8165 2
8167 1
8168 2
8170 2
8178 1
8184 1
8185 3
8186 1
8188 1
8189 2
8191 1
8196 1
8197 2
8200 1
8203 2
8204 1
8205 1
8206 2
8208 3
8209 2
8211 1
8212 2
8213 2
8214 2
8216 1
8220 2
8221 1
8222 2
8226 1
8227 1
8228 2
8229 1
8230 3
8233 2
8234 1
8235 2
8236 2
8238 2
8239 1
8240 2
8247 3
8249 1
8250 1
8257 1
8260 1
8261 1
8264 1
8269 1
8270 1
8272 1
8274 1
8280 2
8282 1
8283 2
8284 2
8291 1
8295 1
8296 2
8297 1
8299 1
8302 1
8303 2
8305 3
8306 1
8311 2
8313 1
8315 1
8316 1
8317 1
8318 1
8320 2
8322 1
8323 2
8324 1
8326 1
8328 1
8333 1
8334 6
8336 1
8341 1
8346 1
8347 1
8349 7
8355 1
8356 1
8360 1
8363 1
8366 1
8369 2
8370 3
8371 1
8376 56
8378 33
8382 1
8386 1
8387 1
8390 2
8392 1
8396 1
8397 1
8400 1
8401 1
8404 2
8407 1
8408 1
8409 1
8410 1
8411 1
8413 1
8414 2
8416 1
8419 1
8421 1
8424 2
8426 2
8428 1
8431 2
8437 1
8438 1
8442 1
8444 1
8446 1
8452 1
8454 1
8458 1
8459 1
8461 1
8462 2
8463 3
8469 4
8471 1
8473 2
8477 3
8478 1
8480 3
8481 4
8491 1
8494 1
8499 1
8500 1
8501 2
8504 1
8505 1
8508 1
8510 1
8515 1
8516 1
8519 1
8520 1
8525 2
8527 1
8533 1
8535 1
8537 1
8538 1
8539 6
8542 1
8543 5
8544 3
8545 3
8546 5
8547 2
8548 2
8550 3
8554 1
8555 1
8560 1
8561 1
8562 2
8567 1
8568 1
8570 1
8573 1
8574 1
8576 1
8580 1
8584 2
8585 1
8594 1
8603 1
8605 1
8612 1
8614 1
8615 2
8621 1
8624 1
8628 1
8632 1
8634 1
8639 1
8640 1
8649 1
8661 1
8667 1
8669 1
8670 1
8671 17
8675 1
8677 1
8684 1
8686 2
8687 2
8689 1
8695 1
8696 1
8697 1
8700 1
8704 1
8705 1
8709 1
8713 1
8716 74
8718 1
8720 1
8726 1
8729 1
8735 1
8737 1
8742 1
8750 2
8753 1
8756 1
8757 1
8767 1
8770 1
8772 1
8777 3
8786 2
8787 1
8788 1
8793 4
8795 3
8796 1
8797 1
8798 1
8799 1
8801 1
8804 1
8820 1
8823 1
8827 2
8834 1
8837 1
8842 1
8845 1
8848 1
8853 2
8854 1
8860 1
8864 2
8866 1
8867 1
8868 1
8878 1
8880 6
8881 1
8884 1
8888 7
8894 1
8898 2
8903 1
8904 1
8914 1
8915 1
8916 1
8917 1
8922 1
8929 1
8938 1
8942 1
8943 1
8944 1
8945 1
8949 1
8953 4
8955 1
8957 1
8960 1
8964 1
8976 1
8988 1
8992 1
8996 1
9006 1
9009 1
9010 1
9011 1
9020 1
9032 1
9033 1
9035 1
9041 1
9050 14
9052 4
9054 1
9063 1
9065 1
9072 1
9074 2
9076 2
9079 1
9081 1
9090 1
9101 1
9102 2
9103 1
9117 1
9129 1
9132 2
9133 1
9137 1
9139 1
9142 2
9143 1
9144 1
9146 1
9150 1
9163 1
9167 1
9172 1
9173 1
9184 1
9189 1
9197 1
9198 4
9207 2
9217 1
9225 1
9233 1
9241 1
9254 1
9286 1
9289 1
9290 1
9295 1
9319 2
9342 1
9343 17
9344 1
9345 1
9348 1
9350 1
9352 3
9354 5
9356 1
9364 2
9368 1
9376 1
9379 1
9384 1
9395 1
9400 1
9411 2
9419 1
9427 1
9430 1
9432 1
9440 1
9441 1
9467 2
9471 1
9473 1
9477 1
9478 1
9499 1
9508 1
9515 1
9518 1
9521 1
9522 2
9523 1
9527 1
9535 1
9542 1
9545 1
9552 1
9566 1
9572 1
9581 1
9583 1
9591 1
9597 1
9607 2
9610 1
9615 2
9627 1
9642 1
9650 1
9651 1
9655 1
9657 1
9663 1
9673 1
9678 1
9680 1
9685 1
9689 1
9714 1
9719 1
9720 1
9734 2
9736 1
9740 2
9755 4
9757 1
9773 1
9783 1
9785 1
9786 1
9794 1
9801 1
9806 1
9811 1
9825 1
9827 1
9828 1
9850 1
9853 1
9854 1
9862 1
9863 1
9865 1
9873 1
9875 1
9877 1
9886 1
9891 2
9895 1
9896 1
9897 2
9907 5
9909 1
9910 1
9916 1
9920 1
9930 1
9933 1
9939 2
9944 1
9945 1
9950 1
9951 1
9956 1
9957 1
9987 1
9995 1
10011 1
10016 2
10019 1
10023 1
10034 1
10039 1
10041 1
10054 1
10061 1
10065 1
10088 1
10090 1
10095 1
10099 1
10102 1
10107 1
10110 1
10114 1
10115 1
10135 1
10137 1
10146 2
10148 1
10188 1
10194 1
10200 1
10202 1
10208 3
10212 2
10216 1
10225 1
10226 1
10243 2
10245 1
10249 1
10251 1
10258 1
10263 3
10265 3
10267 16
10272 1
10294 1
10329 1
10336 1
10343 2
10360 1
10366 3
10367 1
10373 1
10374 1
10382 1
10385 2
10406 1
10409 1
10417 1
10419 1
10424 1
10431 1
10434 1
10437 1
10439 1
10447 2
10448 1
10460 1
10476 1
10478 1
10482 1
10493 3
10503 1
10506 1
10509 1
10518 1
10521 1
10526 1
10527 1
10532 1
10538 2
10539 1
10556 1
10567 2
10568 1
10572 1
10579 1
10586 1
10599 1
10605 1
10621 1
10623 1
10624 1
10625 2
10629 1
10630 1
10632 2
10654 1
10655 3
10657 1
10667 1
10677 1
10680 1
10681 1
10684 1
10687 4
10690 1
10696 1
10698 1
10711 1
10713 1
10717 1
10718 1
10728 1
10730 1
10736 1
10768 1
10780 1
10782 1
10785 1
10787 1
10792 1
10795 1
10799 1
10816 2
10820 1
10827 1
10833 1
10871 1
10879 1
10882 1
10884 1
10887 1
10890 1
10891 2
10899 1
10902 2
10904 1
10907 1
10914 1
10919 1
10926 1
10938 1
10940 1
10942 1
10943 1
10959 1
10962 1
10971 1
10974 1
10986 1
11004 1
11030 2
11034 1
11040 2
11047 1
11049 1
11050 1
11056 3
11057 1
11058 1
11060 1
11062 1
11064 2
11092 1
11102 3
11112 1
11113 1
11114 1
11127 1
11136 1
11137 2
11155 1
11157 1
11160 1
11163 1
11171 1
11173 1
11178 1
11181 1
11208 1
11210 1
11229 1
11230 1
11231 1
11232 1
11240 1
11249 1
11251 1
11254 1
11255 1
11261 2
11265 1
11275 1
11277 2
11292 1
11300 2
11305 1
11306 1
11307 1
11314 2
11318 1
11324 1
11328 1
11332 1
11335 1
11343 1
11345 1
11347 1
11348 1
11375 1
11417 1
11420 2
11423 1
11431 1
11433 1
11440 1
11447 1
11495 1
11507 1
11513 3
11533 1
11553 1
11581 23
11582 1
11583 2
11584 52
11591 1
11604 1
11606 1
11635 1
11665 1
11682 1
11709 1
11717 1
11740 1
11741 1
11743 1
11749 1
11806 1
11827 1
11845 1
11846 2
11855 1
11867 1
11883 1
11895 1
11909 1
11922 1
11927 1
11930 1
11937 1
11972 1
11992 1
11998 1
12019 1
12056 1
12057 1
12059 1
12071 1
12075 1
12082 1
12110 1
12120 1
12138 1
12141 1
12145 1
12148 1
12149 1
12178 1
12195 1
12201 2
12256 2
12280 2
12288 1
12289 1
12290 1
12307 2
12308 1
12309 1
12312 1
12322 1
12352 1
12366 1
12369 1
12371 1
12390 1
12408 1
12456 1
12465 1
12467 1
12468 2
12498 1
12514 1
12520 1
12521 1
12524 1
12572 1
12574 1
12586 1
12600 2
12602 1
12603 1
12630 1
12649 1
12672 1
12681 1
12685 1
12711 1
12719 1
12720 1
12729 1
12730 1
12735 1
12750 1
12759 2
12767 1
12776 1
12787 1
12806 1
12811 3
12816 2
12824 1
12851 1
12864 1
12866 1
12868 1
12870 2
12882 1
12950 1
12952 1
12963 1
12967 1
12969 2
12971 2
12975 1
12979 1
12987 1
12988 1
12991 1
12994 1
12996 1
13007 1
13011 2
13024 1
13025 1
13027 1
13032 1
13042 1
13046 1
13048 1
13050 1
13054 3
13057 1
13060 1
13070 1
13071 1
13084 2
13088 1
13090 1
13092 2
13104 1
13106 1
13108 1
13109 1
13116 2
13117 1
13120 1
13125 1
13128 1
13129 1
13130 1
13135 3
13138 1
13140 2
13141 1
13143 1
13145 1
13146 2
13148 5
13150 1
13172 1
13223 1
13229 1
13232 1
13264 1
13276 1
13315 1
13325 1
13329 1
13341 1
13361 1
13380 1
13402 2
13412 1
13414 1
13419 2
13421 1
13450 1
13452 1
13454 1
13482 1
13483 1
13492 1
13495 1
13520 1
13534 2
13538 1
13540 2
13547 1
13560 1
13561 1
13586 1
13593 1
13625 1
13629 1
13631 1
13639 1
13665 1
13674 1
13682 1
13687 1
13695 1
13724 1
13735 1
13757 1
13798 1
13802 1
13815 1
13822 1
13853 1
13856 1
13859 1
13864 1
13877 1
13878 1
13892 1
13903 1
13925 1
13931 1
13933 1
13939 1
13941 1
13969 1
13972 1
13973 1
13974 1
13976 1
13981 1
13992 1
14021 1
14030 1
14043 1
14056 1
14059 1
14061 1
14070 1
14090 1
14102 1
14109 1
14110 1
14134 1
14136 1
14137 1
14154 1
14178 1
14202 1
14212 2
14291 1
14306 2
14309 1
14318 1
14333 2
14352 1
14374 2
14385 2
14397 1
14421 1
14463 2
14479 1
14481 1
14483 1
14491 1
14516 1
14543 1
14558 2
14565 2
14604 1
14611 1
14622 1
14634 1
14635 1
14648 1
14654 1
14661 1
14677 1
14683 1
14685 1
14737 1
14743 1
14756 1
14758 1
14760 1
14762 10
14763 1
14765 4
14766 2
14767 1
14768 5
14770 6
14771 1
14787 1
14795 1
14806 1
14808 1
14813 1
14823 1
14824 4
14826 14
14828 8
14834 6
14836 1
14842 2
14844 1
14907 1
14923 1
14943 1
14946 1
14949 1
14961 1
15044 1
15049 1
15085 1
15114 1
15116 1
15143 1
15173 1
15175 1
15193 1
15222 1
15228 1
15291 1
15299 1
15373 1
15380 1
15435 1
15445 1
15457 1
15517 1
15648 1
15804 1
15805 2
15842 1
15852 1
15862 1
15864 1
15933 1
15969 1
16010 1
16023 1
16039 1
16067 1
16080 1
16085 1
16096 1
16112 1
16118 1
16128 1
16178 1
16182 1
16184 1
16203 1
16221 1
16268 1
16292 1
16311 1
16355 2
16390 2
16395 1
16413 1
16415 1
16416 1
16421 2
16429 1
16442 1
16495 1
16517 1
16541 1
16563 1
16572 4
16580 1
16585 1
16589 1
16654 1
16725 1
16837 1
16869 1
16899 1
16952 1
16970 1
16990 1
16993 1
17012 1
17023 1
17147 1
17173 1
17185 1
17187 1
17289 1
17335 1
17354 1
17412 1
17497 1
17508 1
17517 2
17521 1
17585 1
17616 1
17649 1
17719 1
17733 1
17847 1
17889 1
17904 1
17912 4
17919 1
17936 1
17943 1
18011 1
18019 1
18029 1
18038 1
18068 1
18076 1
18140 1
18168 1
18344 1
18350 1
18378 1
18411 1
18469 1
18571 1
18589 1
18597 1
18725 1
18733 1
18799 1
18828 1
18881 1
18882 1
18954 1
19007 1
19063 1
19116 1
19118 1
19242 1
19362 1
19492 1
19581 1
19650 1
19699 1
19748 1
19841 1
19899 1
19947 1
20070 1
20080 1
20153 1
20241 1
20250 1
20359 1
20394 1
20679 2
20767 1
20772 1
20810 2
20825 1
20833 1
20835 1
20886 1
20941 2
20943 1
20945 1
20951 1
21621 1
21776 1
21954 1
21960 1
21961 1
21988 1
21990 1
22483 1
22485 1
22513 1
22850 1
22885 2
22897 3
23068 1
23204 1
23274 1
23698 2
23816 1
23842 1
23856 1
23858 1
23871 1
23915 1
23991 1
24020 3
24060 1
24077 1
24133 1
24504 1
24507 1
24516 1
24551 1
24640 1
24647 1
24675 1
24724 1
24811 1
25149 1
26352 1
27344 1
29530 1
35213 1
39838 1
