0 127431334
1 2406919
2 1256246
3 851396
4 630208
5 516132
6 425078
7 368458
8 321660
9 277532
10 266679
11 220497
12 197473
13 188309
14 172252
15 176964
16 148745
17 144780
18 147067
19 126505
20 111630
21 110347
22 97719
23 93422
24 86227
25 82411
26 81107
27 76203
28 80735
29 75748
30 64217
31 64795
32 56463
33 53351
34 50819
35 55768
36 54949
37 44479
38 47066
39 42081
40 43302
41 41496
42 40124
43 38137
44 36295
45 33598
46 35417
47 34452
48 34336
49 39463
50 28899
51 29817
52 25864
53 30011
54 27069
55 25714
56 24597
57 26801
58 21230
59 20180
60 23052
61 21306
62 20656
63 21397
64 19966
65 20950
66 20445
67 18864
68 18823
69 19109
70 18579
71 19433
72 17817
73 16276
74 15666
75 23769
76 13953
77 15193
78 13017
79 12881
80 19808
81 16688
82 12191
83 13370
84 11475
85 14882
86 12567
87 11401
88 11549
89 11666
90 10473
91 11523
92 9613
93 10203
94 10061
95 8602
96 9562
97 12221
98 9163
99 9224
100 12461
101 8543
102 8678
103 8462
104 8342
105 8714
106 7747
107 7207
108 8010
109 13498
110 7415
111 6626
112 5899
113 6254
114 6307
115 6006
116 5707
117 9064
118 6269
119 5788
120 6279
121 6582
122 6144
123 6078
124 5908
125 6303
126 4973
127 4635
128 5630
129 5325
130 5215
131 5380
132 4678
133 6434
134 4488
135 4918
136 6356
137 5473
138 5743
139 5056
140 6016
141 6181
142 5853
143 4714
144 4228
145 4682
146 4496
147 4863
148 4471
149 3663
150 4136
151 3932
152 3923
153 4368
154 4510
155 4536
156 4045
157 4465
158 3441
159 3678
160 3123
161 3997
162 3539
163 11746
164 3585
165 5875
166 3584
167 3350
168 3101
169 2639
170 3313
171 2789
172 3206
173 2707
174 3015
175 3454
176 2982
177 2289
178 2171
179 2843
180 2181
181 2848
182 2156
183 3038
184 2333
185 2330
186 2319
187 2307
188 2179
189 2429
190 1922
191 3274
192 2100
193 2110
194 2123
195 2164
196 2234
197 2244
198 1870
199 2684
200 2361
201 2978
202 1985
203 2025
204 1701
205 2125
206 2041
207 1940
208 2269
209 2110
210 2272
211 1852
212 2558
213 1825
214 2159
215 1992
216 1662
217 2182
218 2220
219 2866
220 2157
221 1948
222 2104
223 1633
224 1391
225 1707
226 1532
227 2008
228 2311
229 1752
230 1884
231 1917
232 2066
233 1449
234 1670
235 1880
236 1830
237 2039
238 1960
239 1547
240 1646
241 1376
242 1779
243 1329
244 1485
245 1468
246 1485
247 1648
248 1458
249 1717
250 963
251 1431
252 1033
253 1194
254 1710
255 1361
256 1462
257 1261
258 1159
259 1079
260 1397
261 1411
262 1051
263 1325
264 1163
265 1054
266 1018
267 1353
268 933
269 1203
270 1058
271 1772
272 1146
273 1401
274 1200
275 836
276 1138
277 755
278 1206
279 1140
280 999
281 986
282 765
283 740
284 1171
285 707
286 993
287 619
288 933
289 906
290 1024
291 1445
292 838
293 1115
294 785
295 809
296 996
297 1023
298 807
299 893
300 676
301 981
302 1152
303 828
304 787
305 595
306 579
307 720
308 725
309 786
310 744
311 738
312 796
313 620
314 723
315 697
316 749
317 663
318 671
319 719
320 857
321 750
322 780
323 793
324 619
325 678
326 770
327 620
328 721
329 733
330 819
331 571
332 664
333 603
334 754
335 658
336 2248
337 786
338 623
339 792
340 590
341 841
342 698
343 527
344 514
345 714
346 546
347 464
348 539
349 605
350 532
351 494
352 562
353 548
354 579
355 430
356 439
357 332
358 575
359 542
360 606
361 526
362 574
363 541
364 461
365 609
366 506
367 735
368 697
369 615
370 465
371 713
372 644
373 613
374 459
375 463
376 511
377 602
378 431
379 784
380 825
381 486
382 1327
383 499
384 537
385 489
386 458
387 797
388 1014
389 392
390 522
391 702
392 549
393 626
394 539
395 596
396 645
397 430
398 612
399 474
400 591
401 655
402 620
403 522
404 690
405 419
406 493
407 571
408 641
409 545
410 550
411 483
412 698
413 347
414 541
415 859
416 541
417 550
418 909
419 608
420 532
421 628
422 467
423 682
424 590
425 485
426 456
427 490
428 1064
429 434
430 681
431 628
432 521
433 610
434 596
435 563
436 377
437 459
438 707
439 470
440 565
441 444
442 588
443 351
444 411
445 479
446 411
447 1544
448 368
449 451
450 1459
451 458
452 428
453 584
454 472
455 508
456 584
457 405
458 392
459 507
460 311
461 416
462 298
463 476
464 516
465 531
466 316
467 382
468 336
469 609
470 356
471 464
472 307
473 340
474 304
475 273
476 239
477 621
478 304
479 536
480 347
481 448
482 866
483 731
484 479
485 391
486 603
487 345
488 476
489 524
490 367
491 301
492 367
493 477
494 308
495 317
496 581
497 375
498 897
499 754
500 682
501 677
502 627
503 403
504 435
505 539
506 376
507 521
508 276
509 376
510 322
511 486
512 439
513 383
514 547
515 478
516 246
517 412
518 292
519 408
520 459
521 347
522 701
523 356
524 411
525 393
526 352
527 250
528 414
529 266
530 282
531 328
532 450
533 442
534 306
535 240
536 274
537 338
538 377
539 360
540 344
541 400
542 286
543 388
544 359
545 319
546 292
547 302
548 410
549 260
550 422
551 327
552 300
553 265
554 391
555 221
556 300
557 304
558 288
559 369
560 238
561 228
562 364
563 216
564 274
565 208
566 312
567 268
568 305
569 278
570 194
571 338
572 247
573 152
574 373
575 351
576 246
577 294
578 246
579 272
580 282
581 271
582 242
583 263
584 304
585 171
586 238
587 216
588 146
589 326
590 244
591 146
592 350
593 193
594 192
595 268
596 656
597 212
598 206
599 225
600 217
601 344
602 193
603 258
604 300
605 182
606 198
607 327
608 195
609 153
610 397
611 267
612 225
613 191
614 293
615 175
616 201
617 276
618 176
619 191
620 196
621 224
622 146
623 266
624 240
625 172
626 179
627 233
628 215
629 273
630 160
631 351
632 495
633 161
634 177
635 121
636 165
637 193
638 156
639 210
640 120
641 708
642 158
643 140
644 324
645 152
646 209
647 100
648 159
649 260
650 223
651 244
652 230
653 194
654 112
655 178
656 301
657 118
658 193
659 167
660 245
661 151
662 206
663 212
664 130
665 130
666 189
667 173
668 145
669 142
670 149
671 239
672 221
673 135
674 234
675 163
676 167
677 150
678 115
679 209
680 1055
681 129
682 337
683 182
684 148
685 232
686 195
687 185
688 147
689 126
690 202
691 200
692 154
693 147
694 161
695 110
696 136
697 102
698 155
699 109
700 194
701 165
702 79
703 122
704 131
705 277
706 159
707 225
708 143
709 171
710 134
711 269
712 167
713 156
714 124
715 185
716 249
717 89
718 123
719 1526
720 77
721 297
722 129
723 88
724 140
725 146
726 148
727 78
728 101
729 122
730 86
731 118
732 64
733 72
734 162
735 129
736 139
737 98
738 82
739 165
740 98
741 115
742 65
743 156
744 115
745 93
746 138
747 204
748 100
749 112
750 137
751 124
752 100
753 117
754 176
755 122
756 97
757 97
758 168
759 127
760 123
761 180
762 78
763 82
764 207
765 63
766 89
767 157
768 130
769 79
770 99
771 76
772 116
773 112
774 110
775 89
776 111
777 112
778 88
779 165
780 88
781 122
782 128
783 81
784 110
785 111
786 60
787 129
788 105
789 67
790 116
791 74
792 76
793 94
794 136
795 127
796 102
797 129
798 105
799 148
800 84
801 112
802 133
803 111
804 54
805 172
806 82
807 158
808 84
809 136
810 89
811 223
812 83
813 316
814 177
815 91
816 76
817 158
818 97
819 97
820 111
821 165
822 133
823 193
824 185
825 114
826 87
827 105
828 94
829 103
830 144
831 69
832 101
833 138
834 94
835 60
836 117
837 130
838 85
839 135
840 93
841 166
842 50
843 131
844 62
845 86
846 106
847 70
848 69
849 54
850 91
851 109
852 71
853 107
854 138
855 97
856 99
857 89
858 83
859 68
860 135
861 80
862 65
863 495
864 56
865 92
866 144
867 63
868 40
869 88
870 88
871 71
872 119
873 33
874 38
875 137
876 66
877 103
878 66
879 115
880 67
881 124
882 61
883 102
884 50
885 80
886 51
887 57
888 117
889 57
890 52
891 87
892 54
893 76
894 161
895 49
896 84
897 53
898 98
899 105
900 52
901 47
902 62
903 61
904 80
905 95
906 88
907 94
908 106
909 55
910 116
911 121
912 58
913 81
914 56
915 83
916 63
917 77
918 70
919 93
920 63
921 56
922 80
923 70
924 65
925 84
926 64
927 57
928 67
929 50
930 68
931 65
932 58
933 126
934 59
935 106
936 44
937 61
938 62
939 70
940 65
941 89
942 72
943 102
944 64
945 97
946 44
947 55
948 74
949 53
950 47
951 56
952 87
953 93
954 73
955 84
956 58
957 64
958 108
959 102
960 86
961 61
962 60
963 91
964 59
965 70
966 53
967 80
968 41
969 49
970 115
971 31
972 41
973 72
974 71
975 63
976 40
977 60
978 67
979 56
980 52
981 82
982 109
983 72
984 71
985 109
986 41
987 37
988 30
989 54
990 44
991 57
992 32
993 43
994 113
995 39
996 46
997 70
998 26
999 63
1000 50
1001 37
1002 41
1003 107
1004 51
1005 64
1006 41
1007 31
1008 64
1009 41
1010 26
1011 37
1012 58
1013 40
1014 46
1015 46
1016 36
1017 72
1018 20
1019 41
1020 69
1021 27
1022 30
1023 30
1024 43
1025 40
1026 39
1027 23
1028 55
1029 35
1030 48
1031 35
1032 22
1033 55
1034 41
1035 95
1036 260
1037 46
1038 31
1039 34
1040 29
1041 33
1042 26
1043 40
1044 39
1045 43
1046 22
1047 45
1048 38
1049 35
1050 40
1051 22
1052 27
1053 26
1054 67
1055 65
1056 44
1057 11
1058 24
1059 26
1060 59
1061 34
1062 29
1063 27
1064 46
1065 40
1066 75
1067 33
1068 28
1069 49
1070 33
1071 24
1072 15
1073 25
1074 28
1075 38
1076 45
1077 40
1078 41
1079 37
1080 75
1081 34
1082 22
1083 32
1084 41
1085 25
1086 32
1087 68
1088 53
1089 94
1090 40
1091 42
1092 27
1093 38
1094 36
1095 37
1096 32
1097 62
1098 22
1099 37
1100 39
1101 52
1102 28
1103 41
1104 23
1105 27
1106 35
1107 39
1108 30
1109 38
1110 28
1111 26
1112 39
1113 35
1114 40
1115 68
1116 29
1117 35
1118 37
1119 22
1120 65
1121 46
1122 31
1123 41
1124 809
1125 34
1126 28
1127 39
1128 71
1129 43
1130 65
1131 25
1132 30
1133 20
1134 12
1135 24
1136 22
1137 34
1138 28
1139 33
1140 21
1141 825
1142 27
1143 26
1144 30
1145 13
1146 41
1147 43
1148 18
1149 22
1150 32
1151 34
1152 30
1153 24
1154 26
1155 21
1156 20
1157 17
1158 34
1159 20
1160 40
1161 26
1162 12
1163 19
1164 22
1165 13
1166 37
1167 25
1168 15
1169 17
1170 37
1171 28
1172 39
1173 35
1174 30
1175 26
1176 16
1177 18
1178 33
1179 24
1180 31
1181 32
1182 26
1183 33
1184 22
1185 33
1186 40
1187 36
1188 34
1189 15
1190 42
1191 26
1192 32
1193 24
1194 20
1195 20
1196 38
1197 28
1198 10
1199 30
1200 27
1201 19
1202 40
1203 34
1204 15
1205 15
1206 18
1207 13
1208 22
1209 27
1210 25
1211 29
1212 16
1213 21
1214 18
1215 9
1216 22
1217 23
1218 55
1219 18
1220 29
1221 20
1222 37
1223 25
1224 23
1225 14
1226 11
1227 28
1228 20
1229 24
1230 44
1231 15
1232 17
1233 15
1234 30
1235 22
1236 18
1237 34
1238 38
1239 23
1240 13
1241 22
1242 32
1243 16
1244 13
1245 37
1246 30
1247 14
1248 17
1249 43
1250 74
1251 21
1252 17
1253 33
1254 13
1255 10
1256 17
1257 46
1258 13
1259 21
1260 37
1261 22
1262 24
1263 33
1264 20
1265 13
1266 34
1267 19
1268 41
1269 35
1270 27
1271 19
1272 16
1273 38
1274 20
1275 29
1276 31
1277 12
1278 24
1279 23
1280 27
1281 17
1282 15
1283 36
1284 19
1285 12
1286 14
1287 6
1288 18
1289 21
1290 35
1291 23
1292 19
1293 21
1294 13
1295 17
1296 22
1297 45
1298 37
1299 12
1300 23
1301 12
1302 45
1303 21
1304 19
1305 17
1306 56
1307 16
1308 24
1309 28
1310 28
1311 52
1312 15
1313 15
1314 26
1315 35
1316 14
1317 14
1318 25
1319 41
1320 21
1321 12
1322 15
1323 15
1324 15
1325 12
1326 11
1327 437
1328 24
1329 20
1330 18
1331 18
1332 10
1333 35
1334 17
1335 25
1336 8
1337 17
1338 28
1339 26
1340 19
1341 18
1342 11
1343 25
1344 15
1345 32
1346 53
1347 18
1348 21
1349 17
1350 13
1351 15
1352 32
1353 31
1354 9
1355 41
1356 27
1357 23
1358 18
1359 28
1360 22
1361 18
1362 13
1363 30
1364 10
1365 41
1366 19
1367 16
1368 38
1369 36
1370 121
1371 14
1372 13
1373 32
1374 67
1375 49
1376 15
1377 14
1378 14
1379 32
1380 18
1381 20
1382 15
1383 19
1384 18
1385 17
1386 18
1387 4
1388 13
1389 14
1390 21
1391 217
1392 20
1393 21
1394 16
1395 16
1396 18
1397 11
1398 24
1399 39
1400 15
1401 40
1402 8
1403 17
1404 21
1405 15
1406 24
1407 12
1408 31
1409 13
1410 25
1411 11
1412 8
1413 28
1414 54
1415 19
1416 18
1417 17
1418 11
1419 25
1420 24
1421 11
1422 14
1423 21
1424 21
1425 17
1426 15
1427 22
1428 15
1429 45
1430 12
1431 11
1432 32
1433 19
1434 37
1435 12
1436 12
1437 21
1438 38
1439 9
1440 13
1441 13
1442 23
1443 14
1444 27
1445 23
1446 40
1447 38
1448 17
1449 15
1450 24
1451 6
1452 8
1453 34
1454 13
1455 29
1456 36
1457 17
1458 19
1459 8
1460 25
1461 35
1462 18
1463 19
1464 29
1465 11
1466 7
1467 26
1468 21
1469 20
1470 27
1471 27
1472 30
1473 20
1474 10
1475 16
1476 13
1477 34
1478 13
1479 60
1480 23
1481 32
1482 13
1483 14
1484 46
1485 18
1486 15
1487 16
1488 19
1489 26
1490 22
1491 11
1492 13
1493 30
1494 13
1495 14
1496 11
1497 22
1498 8
1499 12
1500 25
1501 25
1502 14
1503 19
1504 7
1505 11
1506 29
1507 17
1508 32
1509 16
1510 13
1511 22
1512 20
1513 14
1514 16
1515 18
1516 6
1517 10
1518 6
1519 10
1520 26
1521 11
1522 14
1523 18
1524 13
1525 17
1526 12
1527 17
1528 9
1529 13
1530 23
1531 18
1532 5
1533 21
1534 14
1535 8
1536 12
1537 14
1538 12
1539 2
1540 13
1541 11
1542 12
1543 10
1544 25
1545 10
1546 26
1547 21
1548 6
1549 12
1550 21
1551 25
1552 26
1553 24
1554 11
1555 5
1556 22
1557 26
1558 15
1559 13
1560 25
1561 3
1562 13
1563 13
1564 16
1565 12
1566 66
1567 17
1568 16
1569 5
1570 18
1571 29
1572 25
1573 8
1574 17
1575 18
1576 30
1577 7
1578 7
1579 12
1580 16
1581 15
1582 5
1583 21
1584 26
1585 18
1586 46
1587 3
1588 9
1589 16
1590 7
1591 14
1592 53
1593 11
1594 10
1595 11
1596 28
1597 20
1598 5
1599 5
1600 29
1601 10
1602 6
1603 24
1604 19
1605 21
1606 12
1607 16
1608 7
1609 16
1610 28
1611 10
1612 29
1613 12
1614 23
1615 19
1616 8
1617 32
1618 8
1619 6
1620 16
1621 17
1622 9
1623 5
1624 6
1625 19
1626 6
1627 5
1628 16
1629 8
1630 2
1631 28
1632 24
1633 14
1634 13
1635 9
1636 5
1637 16
1638 25
1639 10
1640 25
1641 15
1642 3
1643 21
1644 7
1645 17
1646 9
1647 15
1648 17
1649 35
1650 24
1651 14
1652 15
1653 11
1654 10
1655 9
1656 15
1657 29
1658 13
1659 16
1660 13
1661 20
1662 11
1663 8
1664 14
1665 8
1666 20
1667 13
1668 10
1669 9
1670 7
1671 18
1672 12
1673 24
1674 22
1675 18
1676 16
1677 5
1678 13
1679 10
1680 14
1681 18
1682 8
1683 13
1684 13
1685 24
1686 8
1687 27
1688 8
1689 22
1690 9
1691 12
1692 7
1693 11
1694 17
1695 15
1696 15
1697 17
1698 30
1699 27
1700 45
1701 19
1702 5
1703 7
1704 6
1705 9
1706 4
1707 10
1708 5
1709 28
1710 18
1711 8
1712 19
1713 21
1714 11
1715 3
1716 11
1717 6
1718 7
1719 36
1720 28
1721 31
1722 26
1723 36
1724 46
1725 77
1726 20
1727 16
1728 11
1729 20
1730 15
1731 9
1732 3
1733 6
1734 21
1735 28
1736 14
1737 20
1738 15
1739 13
1740 10
1741 8
1742 24
1743 20
1744 36
1745 61
1746 49
1747 15
1748 41
1749 58
1750 8
1751 88
1752 18
1753 38
1754 27
1755 61
1756 34
1757 16
1758 5
1759 18
1760 8
1761 6
1762 16
1763 30
1764 32
1765 2
1766 18
1767 4
1768 7
1769 18
1770 15
1771 11
1772 20
1773 10
1774 16
1775 11
1776 12
1777 20
1778 4
1779 23
1780 24
1781 15
1782 18
1783 25
1784 13
1785 24
1786 27
1787 18
1788 18
1789 39
1790 41
1791 39
1792 18
1793 14
1794 27
1795 19
1796 5
1797 7
1798 15
1799 24
1800 18
1801 13
1802 9
1803 16
1804 6
1805 9
1806 12
1807 86
1808 7
1809 23
1810 16
1811 7
1812 9
1813 22
1814 5
1815 6
1816 7
1817 11
1818 13
1819 6
1820 4
1821 4
1822 5
1823 26
1824 31
1825 16
1826 13
1827 9
1828 6
1829 14
1830 6
1831 12
1832 3
1833 5
1834 9
1835 6
1836 7
1837 6
1838 18
1839 21
1840 5
1841 8
1842 1
1843 9
1844 9
1845 14
1846 9
1847 7
1848 19
1849 23
1850 25
1851 15
1852 10
1853 5
1854 8
1855 4
1856 13
1857 7
1858 5
1859 7
1860 40
1861 10
1862 15
1863 9
1864 8
1865 2
1866 10
1867 32
1868 6
1869 27
1870 11
1871 8
1872 3
1873 15
1874 3
1875 17
1876 12
1877 14
1878 7
1879 4
1880 3
1881 11
1882 7
1883 23
1884 2
1885 6
1886 14
1887 10
1888 16
1889 17
1890 10
1891 7
1892 5
1893 19
1894 5
1895 13
1896 18
1897 20
1898 9
1899 12
1900 17
1901 6
1902 10
1903 9
1904 5
1905 7
1906 10
1907 8
1908 2
1909 14
1910 15
1911 5
1912 9
1913 14
1914 17
1915 6
1916 14
1917 15
1918 17
1919 11
1920 5
1921 14
1922 7
1923 4
1924 7
1925 2
1926 12
1927 12
1928 11
1929 14
1930 9
1931 5
1932 28
1933 12
1934 13
1935 6
1936 12
1937 18
1938 10
1939 9
1940 5
1941 5
1942 3
1943 21
1944 11
1945 8
1946 9
1947 12
1948 20
1949 6
1950 4
1951 8
1952 12
1953 5
1954 13
1955 38
1956 6
1957 11
1958 20
1959 13
1960 12
1961 9
1962 11
1963 15
1964 9
1965 5
1966 11
1967 9
1968 25
1969 8
1970 2
1971 9
1972 3
1973 7
1974 9
1975 12
1976 19
1977 7
1978 14
1979 12
1980 8
1981 8
1982 2
1983 9
1984 15
1985 23
1986 2
1987 4
1988 13
1989 21
1990 11
1991 14
1992 5
1993 9
1994 9
1995 7
1996 5
1997 7
1998 3
1999 7
2000 6
2001 4
2002 12
2003 10
2004 13
2005 14
2006 13
2007 6
2008 7
2009 13
2010 15
2011 12
2012 12
2013 22
2014 22
2015 14
2016 10
2017 14
2018 12
2019 7
2020 6
2021 10
2022 17
2023 4
2024 22
2025 11
2026 7
2027 9
2028 2
2029 9
2030 4
2031 9
2032 35
2033 11
2034 5
2035 11
2036 4
2037 9
2038 14
2039 3
2040 8
2041 9
2042 9
2043 27
2044 7
2045 16
2046 9
2047 12
2048 14
2049 7
2050 10
2051 7
2052 32
2053 6
2054 9
2055 8
2056 13
2057 10
2058 8
2059 6
2060 7
2061 2
2062 6
2063 6
2064 6
2065 10
2066 22
2067 14
2068 22
2069 4
2070 13
2071 9
2072 16
2073 19
2074 15
2075 15
2076 10
2077 22
2078 12
2079 12
2080 17
2081 6
2082 6
2083 9
2084 6
2085 8
2086 3
2087 11
2088 18
2089 6
2090 26
2091 18
2092 6
2093 9
2094 15
2095 4
2096 6
2097 3
2098 13
2099 13
2100 11
2101 28
2102 11
2103 8
2104 8
2105 6
2106 7
2107 6
2108 12
2109 10
2110 5
2111 2
2112 5
2113 7
2114 8
2115 24
2116 5
2117 10
2118 12
2119 15
2120 7
2121 6
2122 5
2123 25
2124 6
2125 15
2126 4
2127 11
2128 7
2129 9
2130 3
2131 5
2132 4
2133 12
2134 6
2135 8
2136 13
2137 4
2138 5
2139 5
2140 15
2141 9
2143 12
2144 10
2145 5
2146 11
2147 4
2148 2
2149 10
2150 17
2151 4
2152 7
2153 5
2154 9
2155 1
2156 7
2157 21
2158 6
2159 12
2160 25
2161 7
2162 2
2163 14
2164 10
2165 7
2166 8
2167 4
2168 7
2169 8
2170 11
2171 4
2172 7
2173 9
2174 8
2175 11
2176 8
2177 5
2178 21
2179 8
2180 14
2181 20
2182 8
2183 6
2184 1
2185 8
2186 11
2187 3
2188 6
2189 10
2190 16
2191 7
2192 2
2193 10
2194 16
2195 9
2196 8
2197 6
2198 15
2199 15
2200 9
2201 8
2202 12
2203 12
2204 17
2205 23
2206 10
2207 16
2208 4
2209 9
2210 5
2211 7
2212 11
2213 11
2214 7
2215 5
2216 4
2217 4
2218 3
2219 10
2220 8
2221 22
2222 13
2223 9
2224 5
2225 11
2226 18
2227 11
2228 7
2229 4
2230 6
2231 5
2232 2
2233 22
2234 8
2235 13
2236 15
2237 16
2238 10
2239 17
2240 5
2241 5
2242 13
2243 8
2244 7
2245 5
2246 10
2247 10
2248 29
2249 8
2250 9
2251 3
2252 4
2253 1
2254 2
2255 4
2256 4
2257 8
2258 7
2259 4
2260 4
2261 4
2262 5
2263 24
2264 6
2265 15
2266 9
2267 4
2268 14
2269 2
2270 2
2271 6
2272 8
2273 6
2274 4
2275 3
2276 8
2277 5
2278 9
2279 5
2280 4
2281 5
2282 2
2283 9
2284 7
2285 62
2286 3
2287 9
2288 4
2289 6
2290 2
2291 2
2292 7
2293 1
2294 4
2295 2
2296 5
2297 19
2298 1
2299 3
2300 7
2301 6
2302 5
2303 1
2304 1
2305 5
2307 9
2308 11
2309 6
2310 5
2311 1
2312 7
2313 4
2314 4
2315 8
2316 128
2317 10
2318 2
2319 7
2320 9
2321 5
2322 9
2323 3
2324 5
2325 3
2326 3
2327 11
2328 6
2329 5
2330 3
2331 3
2332 7
2333 3
2334 5
2335 1
2336 5
2337 21
2338 1
2339 9
2340 7
2341 8
2342 3
2343 1
2344 4
2345 8
2347 18
2348 6
2349 5
2350 9
2351 6
2352 4
2353 17
2354 5
2355 5
2356 3
2357 1
2358 6
2359 7
2360 7
2361 10
2362 2
2363 6
2364 3
2365 5
2366 6
2367 6
2368 2
2369 5
2370 10
2371 2
2372 13
2373 9
2374 9
2375 3
2376 1
2377 4
2378 2
2379 6
2380 4
2381 4
2382 3
2383 8
2384 3
2385 6
2386 9
2387 9
2388 7
2389 5
2390 5
2391 21
2392 1
2393 7
2394 9
2395 5
2396 10
2397 5
2398 2
2399 1
2400 14
2401 5
2402 7
2403 8
2404 6
2405 5
2406 4
2407 13
2408 4
2409 12
2410 7
2411 2
2412 1
2413 7
2414 5
2415 15
2416 7
2417 5
2418 5
2419 4
2420 1
2421 2
2422 3
2423 6
2424 4
2425 5
2426 2
2427 1
2428 3
2429 3
2430 15
2431 2
2432 4
2433 19
2434 1
2435 11
2436 5
2437 1
2438 2
2439 11
2440 6
2441 5
2442 6
2443 4
2444 5
2445 1
2446 8
2447 5
2448 16
2449 20
2450 8
2451 4
2452 4
2453 2
2454 5
2455 4
2456 3
2457 15
2458 6
2459 4
2460 16
2461 6
2462 4
2463 5
2464 10
2465 7
2466 15
2467 4
2468 5
2469 10
2470 12
2471 8
2472 6
2473 2
2474 8
2475 7
2476 3
2477 4
2478 11
2479 8
2480 3
2481 13
2482 11
2483 6
2484 3
2485 15
2486 1
2487 2
2488 2
2489 4
2490 5
2491 3
2492 3
2493 7
2494 6
2495 2
2496 11
2497 3
2498 15
2499 1
2500 4
2501 2
2502 3
2503 4
2505 8
2506 5
2507 3
2508 4
2509 1
2510 3
2511 27
2512 2
2513 4
2514 1
2515 2
2516 12
2517 2
2518 5
2519 4
2521 8
2522 6
2523 8
2524 5
2525 2
2526 2
2527 16
2528 3
2529 13
2530 6
2531 8
2532 1
2533 6
2534 4
2535 5
2536 3
2537 4
2538 1
2539 4
2540 6
2542 13
2543 2
2544 6
2545 2
2546 3
2547 5
2548 31
2549 1
2550 8
2551 2
2552 1
2553 18
2554 1
2555 3
2556 7
2557 7
2558 2
2559 3
2560 5
2561 18
2563 4
2564 4
2565 2
2566 6
2567 7
2568 3
2569 2
2570 2
2571 4
2572 3
2573 3
2574 3
2575 4
2576 3
2577 1
2578 11
2579 5
2580 17
2581 5
2582 2
2583 3
2584 17
2585 6
2586 132
2587 2
2588 5
2590 7
2591 5
2592 5
2593 7
2594 4
2595 2
2596 1
2597 2
2598 6
2599 6
2600 6
2601 13
2602 12
2603 5
2604 4
2605 4
2606 4
2607 7
2608 4
2609 4
2610 5
2611 1
2612 1
2613 4
2614 8
2617 17
2618 6
2619 2
2620 4
2621 4
2622 3
2623 1
2624 5
2625 14
2626 6
2627 9
2628 4
2629 7
2630 5
2631 5
2632 1
2633 20
2634 3
2635 2
2636 3
2637 3
2638 16
2639 6
2640 14
2641 8
2642 4
2643 4
2644 15
2645 8
2646 4
2647 5
2648 4
2649 11
2650 7
2651 2
2652 5
2653 5
2654 2
2655 3
2656 4
2658 1
2659 1
2660 5
2661 3
2662 7
2663 4
2664 2
2665 4
2666 25
2667 3
2669 15
2670 3
2671 1
2672 3
2673 2
2674 3
2675 4
2676 8
2677 1
2678 3
2679 5
2680 4
2681 6
2684 2
2685 7
2686 2
2687 3
2688 3
2689 4
2690 6
2691 12
2693 2
2694 10
2695 7
2696 2
2697 6
2698 1
2700 1
2701 1
2702 7
2703 4
2704 1
2705 5
2706 6
2708 5
2709 3
2710 2
2711 1
2714 6
2715 4
2716 4
2717 8
2718 10
2719 3
2720 6
2721 7
2722 6
2723 2
2724 8
2725 1
2727 2
2728 5
2729 10
2730 4
2731 2
2732 3
2733 1
2734 1
2735 2
2736 4
2737 2
2738 3
2739 2
2740 3
2741 4
2742 3
2744 2
2745 3
2746 11
2747 2
2748 7
2749 7
2750 7
2751 2
2752 2
2753 6
2754 9
2755 3
2756 10
2757 1
2758 7
2759 8
2760 6
2761 7
2762 5
2763 6
2764 3
2765 2
2766 3
2767 10
2768 2
2769 2
2770 2
2771 6
2772 3
2773 2
2774 4
2775 8
2776 5
2777 3
2778 2
2779 14
2780 7
2781 4
2782 7
2783 5
2784 2
2785 6
2786 1
2787 5
2788 3
2789 3
2790 1
2791 5
2793 3
2794 4
2795 2
2796 2
2797 3
2798 1
2799 1
2800 3
2801 6
2802 1
2803 2
2804 2
2805 4
2807 5
2808 1
2809 1
2810 4
2811 9
2812 1
2813 1
2814 3
2815 6
2816 4
2817 10
2818 4
2819 9
2820 2
2821 12
2822 6
2823 6
2824 1
2825 14
2826 4
2827 2
2828 6
2829 5
2830 2
2831 19
2833 4
2834 3
2835 4
2836 7
2837 3
2838 3
2839 9
2840 6
2841 5
2842 1
2843 2
2844 12
2845 3
2846 7
2847 4
2848 3
2849 7
2850 1
2851 4
2852 2
2853 3
2854 9
2855 5
2856 3
2857 21
2858 15
2859 11
2860 4
2861 8
2862 21
2863 6
2864 4
2865 1
2866 4
2867 7
2868 4
2869 3
2870 4
2871 2
2872 1
2873 9
2874 4
2875 3
2876 4
2877 2
2878 20
2879 6
2880 4
2881 12
2882 2
2883 3
2884 11
2885 7
2886 1
2887 7
2888 3
2889 11
2890 4
2891 1
2892 4
2893 2
2894 9
2895 3
2896 4
2897 7
2898 2
2899 15
2900 3
2901 4
2902 6
2903 1
2904 1
2905 8
2906 3
2907 6
2909 6
2910 7
2911 1
2912 9
2913 5
2914 7
2915 1
2916 2
2917 3
2918 6
2919 1
2920 1
2922 1
2923 3
2925 7
2926 4
2928 3
2929 3
2930 8
2931 5
2932 7
2933 5
2934 6
2935 1
2936 1
2937 1
2938 2
2939 8
2940 2
2941 2
2942 4
2943 2
2944 3
2946 6
2947 7
2949 4
2950 7
2951 1
2952 4
2953 6
2954 4
2955 1
2956 3
2957 9
2958 3
2959 6
2960 5
2961 4
2962 6
2963 1
2964 8
2965 3
2966 3
2968 7
2969 2
2970 2
2971 4
2972 2
2973 6
2974 1
2975 1
2976 5
2979 5
2980 6
2981 2
2982 4
2983 2
2984 3
2985 2
2986 1
2988 3
2989 1
2990 1
2991 2
2992 2
2993 3
2994 2
2995 1
2996 3
2997 3
2998 3
2999 1
3000 2
3001 3
3002 3
3003 2
3004 1
3005 13
3006 7
3007 11
3008 7
3009 1
3010 1
3011 4
3012 5
3013 1
3015 1
3016 2
3017 4
3018 2
3019 5
3020 4
3021 9
3022 1
3023 2
3025 2
3026 52
3027 8
3028 1
3029 5
3030 7
3032 8
3033 1
3034 4
3036 5
3037 4
3038 3
3039 2
3040 1
3041 3
3042 5
3043 13
3044 4
3045 2
3046 3
3047 1
3048 2
3050 1
3051 1
3052 3
3053 1
3054 5
3057 1
3058 1
3059 5
3060 3
3061 2
3062 4
3063 3
3064 13
3065 3
3066 4
3067 1
3068 6
3069 4
3070 5
3071 3
3072 7
3073 2
3074 5
3075 3
3076 4
3077 5
3079 1
3080 2
3081 16
3082 2
3083 16
3084 10
3085 3
3086 6
3087 19
3088 5
3089 2
3090 1
3091 6
3092 3
3093 5
3094 5
3095 3
3096 14
3097 1
3098 2
3100 10
3101 7
3102 5
3103 2
3104 3
3105 3
3106 6
3107 8
3108 5
3109 1
3110 9
3111 18
3112 2
3113 3
3114 4
3115 3
3116 2
3117 2
3118 5
3119 6
3120 2
3121 4
3122 1
3123 4
3124 2
3125 4
3126 3
3127 6
3128 5
3129 4
3131 4
3132 8
3133 9
3134 3
3135 9
3136 1
3137 4
3138 4
3139 5
3140 1
3141 4
3142 3
3143 1
3144 1
3146 4
3147 8
3149 1
3150 4
3151 2
3152 5
3153 17
3154 1
3155 11
3156 6
3157 5
3158 5
3159 3
3160 9
3161 5
3162 4
3163 3
3164 11
3165 9
3167 3
3169 5
3170 8
3171 5
3172 7
3173 32
3175 4
3176 1
3178 1
3179 2
3180 3
3181 4
3182 5
3183 7
3185 1
3186 7
3187 2
3188 5
3189 5
3190 9
3191 2
3192 2
3193 6
3194 4
3195 2
3196 6
3197 2
3198 4
3199 3
3200 20
3202 1
3203 1
3204 2
3205 1
3206 3
3207 2
3208 4
3209 2
3210 5
3211 4
3212 5
3213 2
3214 4
3215 10
3216 4
3217 3
3218 34
3219 47
3220 10
3221 12
3222 6
3224 2
3225 4
3226 1
3228 4
3229 12
3230 6
3231 1
3232 1
3233 4
3234 6
3236 2
3237 4
3238 1
3239 3
3240 2
3241 1
3242 7
3243 2
3245 1
3246 1
3248 2
3249 1
3250 5
3251 4
3254 4
3255 2
3256 6
3259 15
3260 5
3261 1
3262 1
3263 3
3264 6
3265 6
3266 1
3267 2
3268 7
3269 2
3270 6
3271 4
3272 2
3273 2
3274 1
3275 2
3276 2
3277 2
3278 2
3279 2
3280 3
3281 7
3282 6
3283 6
3284 1
3285 1
3286 9
3287 9
3288 7
3290 5
3291 4
3292 2
3293 6
3294 6
3295 3
3296 3
3297 1
3298 4
3299 7
3300 4
3301 4
3302 3
3303 3
3304 2
3305 3
3308 7
3309 3
3310 6
3311 16
3312 2
3313 1
3314 2
3315 1
3316 2
3317 6
3318 5
3319 6
3320 1
3321 5
3322 7
3325 1
3326 3
3327 5
3328 7
3329 4
3330 1
3331 6
3332 3
3333 9
3334 7
3335 1
3336 2
3337 2
3338 3
3339 2
3340 5
3341 5
3342 3
3343 3
3344 2
3346 3
3347 1
3348 9
3350 2
3351 3
3352 5
3353 5
3354 1
3355 3
3356 4
3357 6
3358 1
3359 2
3360 2
3362 2
3363 6
3364 2
3365 1
3366 3
3367 6
3368 3
3369 50
3370 3
3371 3
3372 1
3373 3
3374 3
3375 3
3376 4
3377 4
3378 1
3379 3
3380 2
3381 2
3382 14
3383 3
3384 1
3385 4
3386 2
3387 6
3388 3
3390 7
3391 1
3392 4
3393 3
3394 1
3395 2
3397 6
3398 2
3399 6
3400 2
3401 3
3402 1
3403 4
3404 2
3405 4
3406 2
3407 9
3408 3
3409 3
3410 1
3411 1
3414 2
3415 2
3416 4
3419 1
3420 1
3421 17
3422 5
3423 5
3424 10
3425 4
3426 10
3427 3
3428 1
3429 1
3430 1
3431 4
3432 1
3433 3
3434 2
3435 1
3437 3
3438 3
3439 2
3441 2
3442 3
3443 1
3445 4
3446 6
3447 6
3448 2
3449 2
3450 3
3451 5
3452 5
3453 1
3454 2
3455 3
3457 4
3458 3
3459 1
3460 1
3461 2
3462 2
3463 2
3464 4
3466 1
3468 1
3469 1
3470 1
3471 1
3473 8
3474 6
3475 2
3476 2
3477 1
3478 3
3479 2
3480 3
3481 3
3482 3
3484 3
3485 2
3486 3
3487 2
3488 1
3490 8
3491 5
3492 4
3493 1
3495 2
3496 3
3497 2
3498 4
3499 5
3500 1
3501 6
3502 2
3505 9
3506 2
3507 4
3508 1
3509 2
3510 1
3511 1
3512 2
3513 2
3514 2
3515 5
3516 2
3517 1
3518 1
3519 2
3520 2
3522 5
3523 4
3526 2
3527 1
3528 6
3530 8
3531 1
3532 2
3533 1
3535 1
3536 6
3537 1
3538 3
3539 3
3540 2
3541 1
3542 3
3543 2
3545 5
3546 2
3548 2
3549 3
3550 1
3551 9
3552 4
3553 1
3554 1
3556 5
3557 2
3559 5
3560 1
3561 2
3562 7
3563 1
3567 1
3569 2
3570 1
3571 2
3573 2
3574 3
3575 3
3576 1
3579 1
3580 1
3581 1
3582 4
3583 4
3584 3
3586 2
3588 1
3589 1
3590 3
3591 2
3592 1
3593 4
3595 6
3597 4
3598 2
3599 2
3600 3
3601 2
3602 1
3603 6
3604 3
3605 1
3606 5
3607 3
3608 6
3610 3
3611 1
3612 3
3613 13
3614 7
3615 2
3616 1
3618 2
3619 2
3622 2
3623 5
3624 1
3627 1
3628 4
3629 1
3630 2
3632 24
3633 5
3634 2
3638 1
3640 2
3642 1
3643 1
3644 4
3645 4
3646 4
3648 3
3651 5
3652 2
3653 4
3654 1
3655 2
3656 5
3657 5
3660 3
3661 3
3662 2
3663 2
3664 4
3665 2
3666 3
3667 9
3669 1
3670 2
3671 3
3672 1
3673 1
3674 4
3675 2
3676 2
3678 5
3679 2
3680 1
3681 1
3682 1
3683 1
3684 1
3685 3
3686 3
3687 3
3688 1
3689 1
3690 1
3691 1
3692 2
3694 4
3698 1
3700 1
3701 3
3702 1
3703 1
3705 3
3706 1
3707 1
3708 21
3709 4
3710 3
3711 1
3712 1
3713 5
3715 4
3716 2
3717 2
3718 1
3719 1
3720 2
3722 3
3724 3
3726 1
3727 3
3728 6
3729 1
3730 3
3731 1
3732 2
3733 1
3734 2
3735 1
3736 1
3737 3
3738 1
3739 7
3740 1
3741 1
3742 4
3743 3
3744 3
3745 2
3748 2
3750 4
3752 13
3753 1
3754 5
3756 2
3758 2
3759 1
3760 3
3761 3
3764 1
3767 1
3768 2
3769 2
3771 3
3772 2
3773 1
3774 1
3775 1
3776 2
3779 1
3780 4
3781 2
3782 1
3783 2
3785 3
3786 2
3787 1
3788 2
3789 2
3791 5
3793 2
3794 4
3795 2
3796 2
3797 4
3798 6
3801 2
3803 2
3804 1
3805 1
3806 3
3809 1
3810 3
3816 1
3818 3
3820 2
3821 2
3822 8
3823 4
3828 1
3830 1
3832 1
3833 3
3834 3
3835 1
3836 5
3837 2
3838 3
3839 1
3840 4
3841 1
3842 3
3843 2
3845 7
3847 3
3848 1
3849 2
3850 2
3852 3
3853 2
3854 1
3855 2
3858 1
3859 2
3860 2
3861 1
3862 3
3863 9
3864 1
3865 9
3868 3
3869 1
3870 3
3872 7
3873 7
3874 3
3875 8
3876 2
3880 8
3881 1
3882 1
3883 1
3884 3
3885 12
3886 2
3887 2
3888 3
3889 3
3890 7
3891 4
3892 15
3893 1
3894 6
3895 1
3897 8
3899 15
3902 4
3903 1
3904 5
3905 6
3907 2
3908 7
3910 3
3912 1
3914 1
3915 2
3916 1
3917 45
3918 15
3919 160
3921 3
3922 1
3923 1
3924 7
3925 2
3926 3
3927 3
3928 1
3930 2
3932 5
3933 5
3935 3
3936 6
3937 1
3942 1
3943 2
3944 5
3946 2
3947 2
3949 5
3950 3
3953 1
3955 4
3958 1
3959 6
3962 2
3963 4
3964 1
3966 7
3968 1
3969 2
3970 1
3973 5
3975 1
3976 4
3977 1
3978 2
3979 11
3981 1
3982 6
3983 2
3984 2
3987 6
3988 2
3989 1
3990 4
3991 2
3992 1
3993 1
3994 2
3995 1
3997 1
3998 4
3999 4
4000 7
4002 1
4003 4
4004 3
4005 2
4006 2
4007 21
4008 1
4010 1
4013 3
4015 4
4016 1
4017 2
4018 1
4019 1
4020 1
4021 4
4022 1
4025 3
4028 1
4030 1
4031 1
4032 2
4033 2
4034 1
4035 1
4036 4
4039 2
4040 2
4041 1
4042 2
4043 2
4046 3
4049 1
4050 1
4053 1
4054 2
4055 3
4060 4
4061 4
4066 2
4068 2
4069 1
4070 1
4071 1
4072 4
4073 1
4077 1
4078 2
4079 3
4081 2
4082 1
4083 3
4084 1
4085 1
4087 15
4088 8
4089 1
4090 4
4092 1
4093 1
4094 4
4095 4
4096 19
4097 2
4098 2
4102 3
4103 3
4105 2
4106 24
4107 2
4109 4
4111 4
4112 1
4113 2
4116 6
4118 1
4120 13
4122 3
4123 4
4124 9
4125 4
4127 6
4128 6
4129 2
4134 4
4135 12
4136 1
4137 3
4139 2
4142 2
4143 2
4144 6
4149 2
4153 1
4154 4
4156 1
4157 6
4158 4
4159 5
4161 2
4162 1
4163 2
4164 1
4165 2
4166 2
4170 2
4171 1
4172 5
4173 3
4175 1
4176 1
4179 1
4180 7
4182 2
4183 7
4184 2
4187 5
4189 3
4190 2
4191 6
4192 3
4194 1
4195 2
4196 4
4197 1
4198 3
4201 15
4202 2
4204 3
4205 1
4206 7
4207 8
4209 2
4210 10
4213 1
4217 1
4221 2
4223 1
4224 8
4225 1
4226 2
4227 11
4228 1
4229 2
4231 1
4235 3
4236 2
4240 1
4241 1
4243 2
4244 1
4245 6
4248 17
4249 3
4251 2
4252 1
4256 2
4259 1
4261 1
4262 6
4263 3
4264 2
4265 2
4266 4
4269 1
4273 7
4274 1
4276 2
4277 1
4279 1
4282 8
4283 1
4284 2
4285 2
4286 2
4287 2
4288 1
4290 1
4291 4
4293 3
4295 2
4298 1
4300 1
4303 2
4307 2
4310 1
4311 11
4314 2
4315 1
4317 1
4321 2
4324 1
4325 3
4326 1
4327 2
4328 2
4329 2
4333 1
4337 3
4338 2
4339 2
4342 1
4344 5
4345 3
4350 4
4352 1
4355 1
4358 2
4359 3
4360 4
4361 50
4362 3
4364 1
4366 1
4368 1
4372 6
4373 1
4375 1
4382 1
4383 3
4385 1
4386 1
4389 1
4390 2
4393 2
4396 6
4397 6
4399 1
4400 4
4403 2
4404 1
4406 1
4407 4
4409 3
4410 1
4411 2
4413 2
4415 1
4417 2
4419 1
4421 3
4424 1
4425 2
4427 1
4429 8
4430 1
4432 1
4433 3
4435 3
4436 1
4438 4
4439 5
4440 2
4443 1
4444 2
4445 1
4447 1
4449 1
4450 1
4453 2
4454 1
4456 2
4459 5
4461 2
4462 1
4465 10
4466 8
4467 14
4468 9
4469 1
4470 6
4471 2
4472 1
4473 1
4474 2
4476 3
4477 22
4478 3
4480 4
4482 3
4483 1
4484 9
4486 2
4487 5
4488 7
4490 3
4494 3
4497 1
4498 3
4499 2
4501 4
4503 1
4505 1
4506 4
4508 17
4509 3
4510 3
4511 2
4513 1
4514 1
4515 4
4516 23
4517 1
4518 2
4520 4
4521 14
4522 3
4524 1
4527 1
4530 6
4531 2
4532 1
4535 2
4538 3
4540 5
4543 2
4544 1
4545 5
4547 2
4552 1
4553 4
4556 1
4557 1
4558 3
4561 1
4562 6
4566 1
4567 2
4569 1
4571 2
4572 2
4573 3
4574 4
4575 2
4576 1
4577 2
4578 1
4582 1
4583 3
4584 4
4588 1
4590 2
4591 2
4592 4
4593 3
4595 3
4596 3
4598 4
4600 9
4601 1
4602 4
4603 1
4604 2
4606 2
4608 1
4612 1
4614 3
4616 2
4618 2
4621 1
4624 1
4626 1
4628 1
4630 2
4633 5
4637 2
4640 1
4644 5
4646 3
4647 21
4648 12
4649 3
4650 6
4651 4
4652 11
4654 4
4655 9
4656 6
4658 2
4659 4
4660 3
4661 1
4662 15
4665 1
4666 2
4667 2
4668 2
4669 4
4670 15
4671 5
4673 15
4674 3
4677 6
4678 5
4680 1
4681 3
4682 5
4683 10
4685 2
4686 5
4688 3
4690 1
4691 4
4693 4
4696 1
4697 1
4698 2
4699 4
4702 2
4703 1
4704 2
4706 3
4707 5
4708 1
4709 2
4711 1
4712 6
4713 2
4714 1
4715 11
4717 1
4722 2
4723 6
4724 8
4726 1
4728 2
4729 1
4730 5
4731 1
4733 5
4735 1
4736 1
4737 5
4738 3
4739 1
4740 6
4741 11
4742 11
4743 1
4744 18
4745 4
4746 1
4747 7
4748 3
4749 1
4750 3
4753 1
4754 10
4755 3
4756 1
4759 1
4760 1
4761 3
4762 5
4763 3
4764 1
4766 7
4767 6
4768 5
4769 3
4771 6
4772 8
4773 1
4775 3
4776 2
4777 2
4778 15
4780 1
4781 1
4783 2
4784 4
4785 2
4786 5
4787 1
4791 5
4792 10
4794 2
4796 1
4797 1
4798 4
4799 1
4800 1
4802 9
4803 1
4806 2
4807 1
4810 2
4813 4
4814 1
4817 5
4818 3
4820 2
4822 2
4826 3
4827 2
4833 1
4838 1
4840 3
4846 3
4847 2
4848 4
4849 1
4851 3
4852 1
4854 2
4856 1
4858 1
4859 8
4860 4
4861 6
4862 2
4863 1
4864 1
4865 19
4866 1
4867 1
4868 7
4870 7
4871 2
4872 2
4873 2
4876 1
4877 43
4880 2
4881 7
4883 3
4885 3
4886 1
4887 6
4888 4
4890 1
4891 1
4892 2
4893 1
4896 28
4898 2
4901 1
4903 1
4904 1
4908 1
4909 24
4911 1
4912 2
4914 5
4915 1
4917 1
4918 4
4919 2
4920 2
4921 2
4923 2
4924 5
4925 2
4926 7
4927 1
4928 23
4929 1
4930 2
4931 3
4932 2
4933 2
4936 2
4937 6
4938 31
4939 2
4941 2
4942 4
4943 3
4945 3
4946 1
4947 10
4948 2
4949 1
4950 15
4954 5
4955 2
4956 2
4957 3
4958 4
4959 1
4960 5
4961 1
4962 1
4963 60
4964 3
4966 2
4969 3
4970 1
4971 1
4972 1
4973 2
4975 1
4976 2
4979 2
4981 17
4982 4
4983 9
4984 1
4985 4
4987 3
4991 1
4993 1
4995 1
4997 1
4998 1
4999 2
5003 3
5005 2
5010 2
5014 5
5016 1
5018 2
5020 2
5023 1
5024 2
5025 1
5028 3
5029 1
5031 2
5032 6
5033 3
5035 1
5036 2
5042 1
5043 1
5047 2
5051 2
5052 1
5053 3
5054 1
5055 9
5058 1
5060 2
5061 7
5062 2
5064 20
5065 1
5066 2
5068 4
5069 2
5074 2
5075 2
5076 11
5077 3
5079 2
5080 16
5082 1
5083 3
5085 3
5086 2
5087 5
5088 2
5089 1
5091 1
5092 2
5093 1
5096 14
5097 2
5099 1
5101 4
5102 6
5104 1
5106 1
5109 1
5110 1
5111 1
5112 3
5113 2
5117 1
5118 2
5119 2
5124 1
5125 2
5126 3
5128 5
5129 7
5130 4
5131 2
5132 14
5134 1
5135 3
5137 6
5139 12
5140 3
5144 3
5146 4
5147 1
5148 1
5149 6
5150 6
5151 2
5152 18
5153 1
5154 6
5157 4
5158 1
5159 5
5160 5
5161 3
5162 2
5164 4
5166 1
5167 5
5168 9
5169 1
5170 2
5171 1
5172 2
5173 4
5174 7
5177 7
5178 2
5179 5
5182 1
5186 3
5188 2
5192 3
5196 1
5197 4
5199 1
5201 3
5203 2
5204 1
5205 1
5206 2
5207 4
5208 1
5209 1
5210 1
5212 1
5213 1
5214 1
5215 3
5218 1
5220 4
5221 3
5223 1
5224 2
5226 2
5229 1
5232 1
5234 2
5241 1
5244 1
5248 2
5249 1
5250 1
5253 3
5259 7
5261 1
5265 1
5266 7
5267 2
5268 1
5269 4
5270 2
5271 5
5272 5
5273 2
5275 2
5277 13
5279 1
5280 4
5281 6
5283 8
5285 2
5286 4
5287 4
5288 7
5289 3
5293 6
5294 1
5296 4
5299 19
5300 2
5304 1
5305 3
5306 2
5307 4
5308 2
5310 2
5311 2
5312 3
5313 20
5314 1
5317 5
5321 7
5322 1
5324 2
5326 3
5327 2
5328 5
5329 1
5330 16
5331 1
5332 1
5334 1
5336 1
5337 2
5338 1
5339 1
5341 14
5343 24
5348 1
5350 9
5353 1
5354 8
5361 8
5362 1
5364 10
5365 10
5366 8
5367 3
5368 11
5370 21
5371 1
5372 5
5378 2
5380 5
5381 2
5382 1
5383 1
5385 2
5388 6
5389 6
5390 1
5391 6
5392 1
5394 16
5396 1
5398 4
5399 1
5404 70
5406 3
5408 1
5411 9
5412 1
5416 1
5417 3
5418 2
5420 3
5424 1
5425 9
5429 2
5430 1
5431 7
5432 2
5434 4
5435 1
5436 2
5437 1
5439 4
5440 2
5444 1
5445 23
5446 6
5447 5
5448 2
5449 1
5450 2
5451 1
5452 1
5454 2
5455 3
5456 3
5460 2
5463 3
5464 1
5465 2
5467 1
5468 2
5469 7
5471 1
5472 1
5473 4
5474 2
5476 1
5478 2
5480 2
5482 1
5483 1
5484 4
5485 16
5489 1
5490 2
5494 1
5497 10
5502 1
5503 2
5505 2
5509 3
5512 2
5514 3
5516 1
5518 1
5523 2
5526 3
5527 1
5530 1
5531 4
5532 5
5534 2
5536 1
5537 2
5540 2
5544 1
5546 3
5547 8
5548 4
5550 2
5552 1
5554 2
5556 1
5557 2
5558 2
5560 2
5564 1
5565 3
5573 3
5576 2
5577 3
5579 2
5580 2
5581 2
5585 1
5586 3
5588 5
5589 17
5594 4
5597 1
5598 3
5600 9
5602 11
5603 2
5606 1
5608 7
5610 6
5611 4
5613 1
5615 20
5616 2
5619 3
5620 2
5621 12
5622 2
5625 10
5626 2
5627 7
5628 1
5632 2
5633 30
5634 2
5635 1
5636 2
5637 3
5638 2
5640 2
5641 3
5642 2
5643 3
5644 1
5648 2
5649 3
5650 2
5651 2
5652 7
5654 6
5655 5
5656 3
5657 1
5659 2
5660 2
5661 5
5662 14
5663 3
5664 3
5665 4
5666 7
5668 2
5671 2
5672 1
5678 2
5679 3
5680 6
5681 2
5683 2
5685 1
5686 12
5687 2
5688 6
5689 3
5690 2
5692 3
5693 1
5694 4
5695 2
5696 14
5698 26
5699 4
5700 1
5702 1
5703 1
5704 4
5705 2
5706 1
5707 2
5708 1
5710 2
5712 2
5713 31
5715 1
5717 2
5718 1
5719 6
5721 2
5722 3
5723 1
5725 2
5729 1
5731 2
5732 4
5733 5
5735 3
5737 1
5740 1
5741 1
5742 1
5749 3
5751 2
5753 1
5755 5
5756 1
5757 6
5759 1
5763 1
5764 1
5765 3
5766 5
5768 3
5769 5
5770 7
5771 2
5772 9
5773 2
5774 1
5775 2
5776 1
5777 14
5779 5
5782 1
5783 1
5785 1
5786 2
5787 2
5788 17
5789 15
5790 1
5791 1
5793 1
5795 1
5796 15
5797 2
5801 2
5803 6
5805 3
5807 1
5809 2
5811 1
5813 1
5815 2
5816 1
5817 1
5818 2
5821 1
5822 2
5823 1
5825 1
5831 2
5833 2
5834 2
5835 3
5836 1
5839 1
5843 2
5846 2
5847 2
5849 2
5850 2
5851 3
5852 8
5854 1
5855 1
5856 9
5859 1
5861 2
5864 2
5866 1
5869 5
5870 5
5871 1
5872 1
5873 1
5875 1
5876 6
5878 7
5879 1
5880 1
5882 1
5883 2
5884 2
5885 3
5886 1
5888 2
5889 3
5890 3
5891 6
5892 1
5894 1
5896 1
5898 1
5899 7
5902 1
5904 2
5908 1
5909 4
5910 3
5913 6
5914 2
5915 3
5916 2
5917 3
5918 9
5919 2
5920 2
5922 4
5923 7
5924 2
5928 3
5929 1
5930 2
5931 1
5932 8
5933 4
5935 5
5936 1
5937 2
5938 2
5939 3
5942 5
5946 2
5947 1
5948 4
5949 2
5950 1
5953 5
5954 4
5955 2
5956 1
5958 2
5962 2
5963 6
5966 4
5968 1
5969 1
5971 2
5972 8
5973 4
5974 3
5975 1
5976 1
5977 8
5979 7
5980 5
5982 3
5983 4
5984 4
5985 2
5986 6
5987 3
5989 3
5990 5
5991 3
5993 8
5994 2
5996 1
5997 9
5998 1
6000 1
6001 13
6002 2
6004 2
6005 1
6006 1
6008 2
6009 2
6010 6
6012 15
6013 2
6014 9
6015 3
6017 1
6018 1
6019 9
6020 4
6021 2
6023 2
6024 4
6025 2
6027 1
6028 2
6030 2
6031 1
6032 4
6033 1
6035 5
6037 2
6038 5
6039 2
6043 1
6047 7
6048 15
6049 4
6051 5
6053 3
6054 1
6055 2
6056 5
6057 16
6058 7
6060 1
6063 8
6065 7
6070 2
6071 7
6072 5
6073 4
6076 8
6078 3
6079 2
6081 4
6083 2
6084 10
6085 2
6086 16
6087 2
6088 2
6089 4
6092 9
6097 1
6098 2
6103 2
6105 2
6106 2
6107 8
6109 2
6111 2
6113 4
6114 1
6118 6
6119 2
6120 12
6126 3
6127 3
6128 1
6130 3
6131 5
6133 4
6134 2
6136 14
6137 1
6140 1
6142 2
6143 7
6144 2
6145 4
6147 2
6150 1
6151 8
6153 3
6156 31
6163 2
6164 2
6165 1
6167 2
6172 2
6174 3
6175 3
6180 4
6185 4
6187 2
6188 8
6192 3
6194 1
6195 2
6196 8
6197 4
6198 2
6199 8
6202 2
6203 11
6204 13
6205 8
6206 1
6211 2
6218 6
6219 14
6221 1
6222 4
6224 2
6226 2
6227 2
6230 2
6231 2
6234 2
6235 1
6238 2
6240 36
6242 2
6247 18
6252 10
6254 1
6255 2
6257 1
6261 7
6262 2
6267 6
6268 5
6269 6
6270 7
6273 3
6275 1
6277 1
6279 5
6280 3
6281 6
6282 5
6283 1
6288 1
6289 10
6290 14
6293 1
6294 6
6296 2
6297 1
6298 16
6299 2
6302 2
6305 5
6306 9
6307 1
6308 2
6309 1
6310 2
6312 1
6313 15
6314 1
6317 3
6318 1
6319 4
6321 3
6322 9
6323 3
6326 13
6327 2
6328 2
6330 4
6332 3
6333 2
6334 4
6337 4
6341 10
6344 8
6348 14
6349 6
6351 4
6355 1
6358 4
6360 2
6362 1
6363 1
6368 2
6371 2
6372 6
6373 24
6377 8
6378 12
6379 6
6380 2
6382 32
6385 2
6386 9
6387 1
6388 2
6389 2
6391 3
6392 3
6394 1
6396 3
6397 2
6398 3
6399 2
6400 3
6401 17
6403 7
6404 15
6405 2
6409 5
6410 7
6411 12
6413 11
6414 1
6416 11
6417 7
6422 4
6423 2
6425 1
6427 1
6430 7
6432 4
6439 4
6440 2
6441 3
6442 1
6445 2
6446 9
6450 2
6457 2
6459 3
6463 4
6464 4
6465 3
6466 1
6467 5
6471 1
6472 3
6473 2
6474 2
6477 4
6478 1
6482 3
6483 8
6484 10
6485 4
6486 1
6487 1
6490 1
6496 1
6498 2
6499 2
6500 1
6506 1
6508 1
6509 2
6513 15
6515 1
6517 1
6520 3
6521 4
6527 2
6528 2
6529 2
6530 2
6533 1
6537 2
6539 7
6542 8
6544 41
6546 2
6547 14
6549 20
6551 1
6552 2
6553 1
6554 1
6556 15
6557 2
6561 1
6562 2
6563 1
6564 1
6565 3
6566 2
6567 2
6568 3
6569 3
6570 4
6572 2
6573 2
6574 2
6575 9
6576 8
6577 1
6579 1
6580 4
6581 17
6589 7
6591 2
6593 4
6594 5
6596 1
6598 2
6599 2
6600 9
6601 1
6603 4
6612 3
6616 3
6618 4
6621 4
6624 7
6626 2
6627 3
6628 11
6629 1
6631 12
6634 2
6635 1
6636 4
6638 1
6640 1
6642 5
6643 4
6644 1
6645 10
6646 2
6647 8
6648 2
6649 3
6650 1
6651 3
6656 1
6657 2
6658 8
6659 1
6660 1
6661 2
6662 4
6663 1
6664 1
6665 1
6668 2
6672 1
6673 3
6677 5
6682 1
6684 2
6685 1
6687 1
6688 1
6690 1
6691 1
6695 1
6698 4
6699 2
6704 1
6705 1
6710 2
6712 1
6713 3
6714 1
6715 1
6719 2
6720 1
6721 1
6725 2
6726 1
6732 1
6733 2
6735 2
6737 1
6738 1
6739 1
6741 1
6746 1
6747 1
6748 1
6754 3
6755 1
6756 1
6759 1
6763 4
6764 4
6765 8
6766 1
6769 1
6771 2
6775 3
6785 1
6788 1
6790 3
6793 2
6796 3
6797 2
6798 1
6799 5
6802 1
6803 2
6805 3
6807 1
6810 1
6813 1
6815 2
6816 3
6818 4
6820 1
6821 2
6824 6
6826 7
6827 1
6829 2
6831 1
6832 4
6834 3
6837 1
6846 4
6851 2
6854 2
6864 2
6867 2
6868 2
6873 2
6874 3
6876 1
6878 2
6879 4
6880 6
6887 2
6891 5
6893 2
6896 2
6897 2
6899 3
6902 2
6903 2
6905 4
6907 2
6908 3
6909 6
6910 2
6911 1
6913 2
6914 1
6915 5
6916 3
6917 2
6918 3
6920 8
6921 3
6922 3
6927 4
6928 3
6929 1
6930 6
6932 1
6933 1
6934 1
6935 2
6936 2
6937 1
6938 9
6943 2
6946 4
6948 4
6949 2
6951 2
6952 2
6954 2
6955 7
6956 2
6957 1
6958 3
6959 2
6960 2
6962 1
6963 2
6964 1
6968 1
6969 3
6970 20
6971 1
6973 4
6974 2
6975 2
6976 1
6977 6
6978 12
6980 3
6981 3
6984 2
6985 8
6986 1
6987 4
6988 4
6989 4
6990 4
6991 1
6992 3
6995 2
6998 1
7002 11
7005 2
7007 2
7012 2
7014 1
7019 2
7022 1
7024 4
7026 4
7027 2
7028 22
7030 13
7032 2
7036 2
7041 1
7044 1
7045 12
7050 2
7052 1
7054 2
7056 2
7057 2
7062 3
7064 3
7070 3
7071 5
7072 5
7076 1
7079 2
7080 7
7082 2
7083 2
7084 1
7086 9
7087 2
7088 3
7091 2
7092 1
7094 1
7096 6
7097 3
7098 2
7101 10
7104 2
7106 5
7108 1
7113 12
7114 2
7115 1
7117 2
7119 4
7120 3
7122 5
7129 1
7130 2
7131 1
7135 2
7136 2
7137 2
7141 3
7144 2
7147 1
7149 4
7152 2
7154 6
7155 2
7156 1
7157 1
7158 3
7166 3
7171 2
7174 9
7179 2
7180 18
7186 4
7195 2
7202 2
7203 3
7212 3
7219 4
7221 1
7226 2
7234 9
7235 1
7238 1
7242 1
7243 1
7246 3
7247 1
7248 1
7255 1
7257 2
7258 3
7272 1
7274 1
7275 1
7276 1
7278 1
7280 1
7283 1
7289 1
7294 1
7296 4
7297 2
7301 5
7303 8
7306 1
7310 2
7314 1
7315 1
7322 2
7328 2
7329 5
7330 1
7331 1
7333 4
7335 3
7336 2
7337 1
7338 2
7339 1
7341 3
7344 1
7345 1
7346 1
7348 2
7349 1
7350 1
7351 2
7353 8
7354 2
7357 2
7358 2
7359 9
7360 1
7361 3
7362 3
7364 1
7365 1
7366 5
7368 3
7369 2
7370 2
7371 2
7372 12
7373 3
7375 3
7376 3
7377 3
7378 5
7379 4
7380 1
7381 1
7382 2
7383 2
7384 2
7386 1
7387 4
7388 1
7390 1
7392 1
7393 1
7394 1
7395 1
7397 1
7398 1
7400 2
7402 4
7403 2
7404 1
7405 2
7406 1
7409 1
7410 3
7412 3
7413 2
7415 2
7416 2
7417 4
7418 1
7419 1
7422 1
7423 1
7424 4
7425 3
7426 1
7428 4
7429 1
7431 2
7432 1
7433 1
7434 2
7435 1
7436 5
7437 2
7438 3
7439 1
7440 1
7441 1
7443 2
7444 8
7445 16
7446 1
7447 1
7448 2
7450 4
7453 2
7455 2
7459 9
7460 1
7461 3
7464 2
7469 2
7471 1
7472 3
7474 3
7480 2
7481 13
7485 10
7486 2
7487 1
7488 4
7489 3
7492 2
7495 4
7498 2
7500 7
7502 1
7507 3
7511 4
7514 9
7515 2
7518 2
7519 1
7521 4
7522 2
7523 2
7524 1
7525 19
7527 2
7529 6
7532 2
7533 3
7534 1
7535 2
7538 1
7539 8
7540 1
7541 2
7543 4
7546 2
7548 1
7551 5
7554 1
7555 2
7556 8
7558 9
7560 1
7561 4
7563 1
7566 5
7569 2
7570 2
7571 1
7575 13
7577 2
7581 2
7583 1
7584 1
7588 1
7595 2
7600 49
7603 1
7607 2
7612 2
7613 2
7614 2
7620 1
7624 4
7627 2
7632 5
7633 1
7636 3
7642 5
7644 7
7646 3
7650 1
7651 5
7653 2
7658 2
7660 2
7661 2
7662 3
7663 1
7665 4
7666 2
7667 2
7668 2
7671 1
7672 2
7673 4
7674 5
7676 2
7677 5
7678 2
7679 9
7680 2
7682 2
7683 2
7685 5
7689 3
7690 1
7692 2
7693 3
7695 4
7700 2
7701 1
7703 1
7707 2
7708 1
7709 2
7710 4
7713 1
7714 1
7715 2
7717 8
7718 3
7723 2
7725 1
7727 2
7729 2
7731 2
7732 3
7737 18
7740 2
7742 1
7744 2
7745 5
7746 1
7749 4
7750 1
7751 3
7753 2
7755 1
7758 3
7763 1
7766 2
7767 1
7773 3
7776 2
7777 14
7778 7
7779 6
7781 4
7782 3
7783 9
7784 2
7785 2
7786 7
7787 8
7788 16
7789 2
7790 2
7792 4
7794 2
7795 2
7796 9
7798 1
7800 2
7801 2
7802 4
7803 6
7804 21
7806 2
7807 11
7809 2
7814 4
7815 3
7816 18
7817 2
7818 7
7821 3
7822 11
7825 2
7826 2
7827 4
7830 2
7831 2
7832 1
7833 19
7834 1
7835 3
7836 9
7839 3
7843 2
7844 2
7845 2
7846 3
7847 5
7848 2
7849 4
7850 20
7851 1
7852 4
7855 4
7856 2
7857 2
7858 4
7859 4
7860 28
7861 1
7862 11
7863 1
7865 2
7866 2
7867 2
7868 2
7870 2
7871 5
7872 42
7874 6
7875 2
7876 2
7878 4
7879 11
7880 2
7881 2
7883 9
7884 2
7885 4
7886 2
7887 3
7888 2
7889 1
7890 4
7893 6
7894 10
7896 4
7897 2
7900 1
7901 2
7902 2
7903 6
7906 4
7911 1
7912 1
7915 2
7916 10
7917 5
7919 10
7920 2
7922 4
7923 8
7924 2
7925 1
7929 5
7930 2
7931 2
7937 1
7938 2
7939 8
7940 4
7943 1
7946 2
7948 2
7951 8
7957 8
7958 9
7959 1
7962 3
7963 1
7964 3
7965 3
7969 1
7972 2
7975 1
7976 4
7977 11
7978 1
7980 2
7981 2
7982 1
7983 1
7984 2
7985 2
7986 5
7988 2
7989 2
7991 9
7993 4
7995 3
7997 8
7998 5
8002 3
8004 6
8006 3
8007 3
8009 2
8011 2
8012 1
8013 2
8015 4
8016 3
8017 1
8021 4
8023 1
8024 6
8025 6
8029 2
8030 7
8032 1
8033 1
8034 7
8035 19
8036 11
8037 2
8039 1
8040 1
8041 6
8043 8
8045 2
8048 2
8050 11
8051 12
8052 2
8055 4
8056 4
8057 4
8058 2
8060 4
8063 8
8065 7
8069 2
8072 15
8075 7
8080 9
8081 2
8082 3
8091 2
8093 2
8095 2
8096 1
8098 2
8099 3
8102 1
8106 2
8107 2
8111 2
8115 7
8121 2
8122 2
8124 3
8130 2
8136 4
8137 3
8138 1
8139 2
8140 3
8143 1
8146 1
8150 1
8155 2
8158 1
8160 2
8161 4
8163 2
8164 2
8167 2
8171 2
8177 2
8180 3
8182 2
8184 10
8185 1
8186 4
8189 2
8192 1
8193 2
8195 6
8200 2
8201 2
8209 2
8214 2
8215 5
8217 4
8227 2
8229 2
8230 1
8232 2
8234 1
8237 6
8238 2
8239 2
8241 2
8242 5
8245 1
8246 2
8250 2
8251 3
8252 1
8255 2
8261 5
8268 75
8270 2
8277 3
8278 4
8283 4
8284 3
8287 2
8288 2
8293 23
8295 2
8297 2
8305 10
8307 4
8308 2
8309 2
8312 34
8313 3
8314 1
8317 4
8318 2
8321 2
8322 13
8325 2
8326 1
8329 1
8332 5
8333 2
8334 3
8335 11
8336 2
8337 1
8338 1
8339 10
8341 2
8342 5
8344 1
8347 1
8348 2
8350 1
8351 1
8353 8
8354 2
8357 4
8359 2
8361 2
8362 2
8364 2
8365 1
8371 6
8372 2
8373 4
8374 1
8378 1
8379 1
8380 1
8381 1
8382 10
8385 4
8388 2
8389 3
8391 3
8392 3
8393 1
8399 2
8401 3
8402 1
8403 4
8404 1
8405 2
8406 1
8407 1
8408 4
8410 3
8411 4
8413 2
8416 2
8418 2
8419 1
8420 2
8421 2
8422 1
8423 2
8424 1
8425 2
8426 2
8428 2
8429 2
8431 4
8432 2
8434 1
8436 24
8438 1
8439 8
8444 2
8445 10
8446 19
8447 2
8448 21
8450 2
8456 2
8458 1
8460 2
8461 8
8471 1
8474 1
8476 2
8478 3
8480 2
8482 1
8483 11
8484 1
8486 2
8491 2
8496 3
8497 1
8500 1
8501 1
8503 2
8507 1
8512 1
8523 2
8524 2
8527 1
8539 4
8540 1
8547 1
8551 5
8552 1
8553 2
8558 2
8559 1
8560 2
8562 1
8564 2
8572 5
8575 1
8583 2
8590 1
8592 1
8595 1
8596 2
8597 1
8600 2
8601 3
8604 1
8605 2
8606 1
8610 1
8611 3
8613 1
8619 2
8622 3
8642 2
8643 2
8644 7
8648 1
8649 1
8653 9
8655 1
8656 13
8658 1
8660 15
8664 7
8665 2
8666 11
8672 20
8675 1
8676 3
8679 12
8681 2
8686 13
8687 6
8688 3
8690 2
8692 16
8696 2
8700 25
8707 1
8708 1
8713 2
8721 2
8723 1
8728 1
8730 1
8736 1
8745 2
8748 1
8750 1
8751 2
8753 1
8754 1
8759 1
8762 14
8763 1
8764 1
8770 1
8772 2
8775 2
8776 2
8778 2
8782 39
8792 1
8793 7
8795 2
8797 2
8798 6
8802 23
8804 1
8808 2
8809 2
8815 1
8829 5
8830 4
8832 2
8833 1
8836 2
8839 1
8842 3
8844 1
8848 2
8858 2
8871 2
8872 2
8873 2
8888 4
8896 3
8901 2
8905 9
8907 19
8909 2
8913 1
8915 3
8918 7
8923 6
8924 1
8925 3
8927 1
8932 12
8933 1
8934 4
8937 1
8938 1
8948 2
8954 2
8957 2
8958 2
8960 2
8965 1
8968 1
8970 2
8973 4
8989 1
8990 1
8991 2
8992 1
8993 2
8994 2
8996 1
9001 1
9007 2
9008 1
9009 1
9011 1
9013 1
9016 1
9017 1
9018 1
9020 3
9024 1
9027 1
9029 1
9035 3
9037 1
9038 1
9039 2
9041 1
9045 8
9046 2
9049 1
9051 2
9053 1
9054 1
9056 4
9058 1
9061 1
9063 1
9068 1
9071 2
9075 2
9076 1
9077 4
9078 1
9080 3
9081 17
9091 21
9092 2
9095 1
9098 13
9099 2
9107 1
9109 7
9117 3
9120 1
9121 1
9124 1
9129 1
9132 1
9144 1
9145 1
9152 1
9159 1
9165 2
9170 1
9175 1
9181 2
9182 2
9188 1
9190 2
9191 2
9194 1
9201 1
9203 1
9204 2
9205 1
9212 1
9214 12
9215 1
9217 4
9222 2
9223 1
9225 22
9233 3
9234 1
9236 1
9242 6
9244 2
9248 20
9253 1
9260 24
9261 1
9262 1
9265 1
9267 1
9269 2
9270 5
9278 1
9279 1
9280 1
9282 2
9287 1
9288 1
9296 1
9304 1
9309 1
9314 1
9319 1
9322 1
9324 2
9325 1
9336 1
9345 2
9355 1
9363 1
9364 1
9369 1
9371 1
9375 1
9379 1
9384 1
9389 1
9390 2
9391 1
9392 5
9395 3
9397 1
9400 3
9402 1
9403 2
9404 3
9408 1
9410 1
9411 1
9412 1
9413 1
9414 2
9417 2
9421 1
9431 1
9439 1
9441 1
9444 2
9449 3
9452 2
9453 1
9467 4
9470 1
9473 2
9475 2
9477 2
9480 1
9481 8
9482 3
9485 3
9487 9
9488 1
9489 3
9492 13
9494 1
9498 5
9499 1
9501 1
9504 9
9507 2
9509 3
9512 1
9513 3
9514 11
9516 1
9517 1
9518 1
9523 4
9528 6
9531 2
9539 2
9545 2
9546 3
9550 3
9551 9
9554 2
9557 83
9560 2
9561 5
9563 2
9567 41
9571 2
9573 1
9577 1
9578 1
9579 1
9589 2
9591 1
9600 1
9605 3
9606 1
9609 1
9610 1
9613 1
9618 1
9619 1
9620 2
9621 1
9622 2
9625 2
9634 2
9636 1
9637 1
9639 4
9643 4
9645 2
9647 1
9649 6
9651 6
9653 2
9657 1
9659 1
9662 1
9665 6
9666 1
9669 2
9670 1
9671 3
9674 4
9677 1
9678 2
9679 1
9681 3
9682 2
9685 2
9688 1
9689 1
9696 5
9697 3
9698 3
9699 4
9700 1
9703 1
9704 1
9707 2
9711 1
9713 1
9715 1
9716 2
9728 1
9729 1
9730 1
9733 3
9735 1
9737 1
9741 1
9742 2
9743 2
9744 5
9747 1
9753 43
9755 1
9756 11
9757 1
9758 4
9759 2
9761 1
9763 3
9764 1
9766 9
9767 1
9769 1
9771 1
9773 14
9774 3
9776 2
9777 2
9779 3
9780 3
9781 1
9785 24
9786 2
9787 1
9789 6
9790 2
9793 3
9794 1
9796 1
9802 1
9803 6
9804 1
9806 3
9807 1
9810 2
9812 1
9815 2
9816 3
9817 2
9823 2
9825 2
9826 2
9827 3
9830 1
9831 1
9832 2
9835 7
9836 2
9837 1
9839 2
9841 1
9842 3
9843 1
9845 1
9848 3
9849 2
9850 2
9852 2
9854 1
9858 3
9862 4
9863 9
9864 1
9865 2
9868 2
9874 2
9878 1
9880 1
9882 2
9885 1
9886 1
9887 2
9889 1
9892 1
9893 1
9895 3
9896 3
9901 2
9905 1
9906 2
9907 5
9909 2
9910 6
9913 2
9914 1
9915 1
9918 2
9920 1
9924 5
9925 2
9927 2
9930 2
9933 4
9934 2
9936 1
9938 1
9939 2
9941 1
9942 4
9946 1
9949 2
9952 1
9953 2
9954 1
9955 4
9956 2
9957 2
9958 1
9965 3
9969 1
9971 2
9972 1
9973 2
9974 2
9976 2
9979 2
9980 2
9985 1
9990 1
9991 1
9994 1
9995 2
9998 2
10000 1
10006 2
10007 1
10008 4
10009 2
10010 2
10012 1
10013 2
10014 1
10016 4
10017 1
10018 1
10021 2
10024 1
10025 21
10026 1
10027 4
10028 3
10030 1
10031 2
10033 4
10034 2
10035 1
10036 1
10037 2
10039 1
10040 4
10043 3
10044 1
10048 1
10052 2
10054 1
10063 1
10064 2
10068 1
10069 2
10070 2
10072 2
10073 1
10075 2
10077 1
10079 2
10080 1
10081 1
10083 2
10087 5
10089 4
10090 1
10091 3
10094 3
10095 1
10096 1
10098 2
10099 1
10100 2
10101 2
10105 1
10107 3
10108 2
10109 1
10110 1
10114 1
10115 2
10116 2
10118 4
10120 1
10123 1
10124 3
10129 1
10131 1
10133 2
10134 1
10135 1
10138 4
10140 2
10146 4
10151 1
10153 1
10154 1
10156 5
10158 1
10159 5
10160 3
10161 1
10162 1
10164 2
10166 1
10169 1
10170 1
10173 1
10174 2
10175 3
10176 2
10177 5
10178 1
10179 1
10180 1
10182 2
10184 1
10187 3
10188 1
10190 2
10191 1
10192 4
10193 2
10194 3
10196 1
10199 2
10200 1
10201 3
10202 2
10205 1
10206 1
10207 3
10208 2
10209 1
10210 2
10211 5
10212 1
10213 2
10215 1
10216 1
10217 7
10218 4
10219 3
10220 1
10221 2
10224 3
10225 1
10231 1
10232 1
10233 2
10236 1
10237 1
10238 2
10240 1
10241 2
10242 2
10243 3
10244 1
10245 3
10246 3
10248 1
10249 1
10250 11
10252 1
10257 4
10258 1
10261 1
10264 1
10265 3
10266 1
10268 5
10269 2
10273 3
10274 1
10275 1
10278 2
10279 1
10281 3
10282 1
10283 1
10284 2
10285 4
10286 1
10287 1
10288 2
10290 2
10295 3
10296 1
10299 1
10302 1
10303 3
10305 1
10308 1
10309 1
10312 1
10314 2
10316 5
10319 1
10330 3
10331 5
10332 3
10335 2
10336 1
10338 1
10340 1
10342 3
10345 1
10346 1
10347 2
10348 2
10349 1
10353 2
10360 3
10362 1
10363 1
10367 2
10371 1
10373 1
10374 1
10377 1
10382 3
10384 1
10386 4
10387 1
10388 1
10389 1
10390 2
10391 1
10393 2
10394 1
10398 1
10399 2
10400 1
10402 3
10403 2
10404 2
10406 2
10408 1
10410 3
10411 1
10413 4
10419 2
10420 1
10422 1
10428 2
10430 3
10432 10
10433 2
10434 2
10435 1
10437 1
10441 3
10444 5
10445 1
10447 1
10448 4
10449 2
10456 1
10460 3
10461 2
10462 1
10464 1
10465 2
10466 2
10467 1
10470 1
10475 1
10480 2
10484 2
10485 1
10487 1
10488 1
10489 2
10490 1
10496 1
10498 4
10501 1
10505 1
10506 2
10509 1
10510 1
10511 1
10512 1
10513 6
10514 1
10516 1
10520 1
10522 2
10526 2
10527 1
10530 3
10533 1
10534 3
10536 1
10537 1
10539 1
10542 2
10543 1
10545 1
10546 1
10550 1
10551 1
10552 1
10556 3
10557 2
10559 1
10560 1
10563 2
10567 5
10569 1
10570 1
10572 2
10573 3
10574 4
10575 1
10576 1
10577 1
10579 1
10581 1
10582 4
10585 1
10586 1
10588 2
10593 2
10597 2
10598 2
10600 1
10601 1
10602 1
10603 1
10605 2
10610 2
10611 3
10612 5
10616 1
10623 2
10624 3
10625 1
10627 3
10635 1
10636 1
10637 1
10639 3
10642 2
10643 4
10647 3
10648 1
10652 1
10657 2
10661 1
10663 1
10664 2
10665 3
10668 1
10669 2
10672 2
10678 3
10680 1
10684 1
10691 1
10693 1
10697 3
10698 2
10701 3
10703 1
10704 3
10705 2
10706 1
10710 1
10712 1
10714 6
10716 5
10717 1
10718 1
10726 2
10732 1
10735 1
10736 2
10737 2
10738 3
10739 1
10742 1
10743 1
10745 1
10749 2
10751 4
10752 2
10753 1
10754 1
10756 3
10759 1
10764 1
10767 1
10768 2
10770 5
10776 1
10779 2
10780 2
10781 1
10783 3
10788 1
10792 5
10797 2
10802 2
10804 5
10815 6
10816 8
10817 1
10821 2
10832 1
10833 5
10834 3
10835 1
10838 1
10839 1
10840 1
10841 1
10842 1
10843 1
10846 1
10848 1
10853 1
10854 2
10857 1
10859 1
10860 2
10863 3
10864 1
10866 1
10869 1
10875 1
10879 3
10881 2
10887 1
10889 1
10890 1
10891 1
10893 4
10894 1
10898 2
10903 1
10904 1
10905 1
10906 2
10907 1
10908 1
10910 1
10915 3
10916 1
10917 3
10918 1
10921 1
10923 2
10924 1
10926 1
10930 1
10932 1
10933 1
10935 2
10937 1
10939 1
10943 1
10944 1
10945 4
10946 2
10949 2
10952 4
10959 1
10962 1
10968 2
10969 1
10970 2
10971 3
10972 2
10973 5
10974 6
10976 2
10979 3
10981 2
10983 1
10986 2
10988 1
10992 2
10995 1
10996 2
10997 1
10998 1
10999 5
11000 2
11001 1
11002 1
11003 3
11005 3
11006 1
11007 2
11008 1
11010 1
11011 1
11014 1
11015 5
11023 2
11028 1
11030 1
11032 4
11033 2
11034 4
11036 3
11037 3
11043 1
11044 5
11045 1
11047 3
11051 3
11056 1
11060 2
11068 2
11070 5
11071 2
11076 2
11077 2
11078 1
11081 2
11086 1
11090 1
11093 1
11095 2
11098 1
11099 2
11100 2
11102 3
11107 14
11115 1
11118 1
11119 2
11120 1
11123 1
11124 1
11125 1
11135 5
11138 2
11141 1
11142 1
11143 1
11147 1
11155 3
11157 1
11159 1
11163 2
11168 1
11170 1
11174 2
11177 1
11178 1
11179 2
11181 1
11184 2
11185 1
11188 2
11189 2
11195 1
11196 1
11197 1
11199 1
11204 1
11205 2
11206 1
11211 1
11212 1
11216 2
11218 2
11219 1
11232 2
11235 1
11241 1
11243 5
11245 3
11248 1
11250 2
11257 3
11259 7
11263 2
11268 4
11269 2
11270 2
11271 1
11277 1
11282 1
11283 2
11284 3
11285 2
11287 2
11289 1
11291 2
11292 1
11293 1
11294 2
11295 1
11300 1
11302 2
11303 1
11304 4
11308 1
11310 2
11314 2
11315 1
11316 1
11317 2
11319 2
11323 3
11324 1
11325 1
11328 2
11334 2
11339 1
11343 2
11344 2
11346 1
11354 5
11355 2
11358 1
11360 2
11361 1
11362 1
11363 1
11364 1
11373 1
11375 3
11377 1
11379 2
11380 4
11381 2
11382 1
11384 1
11391 1
11392 1
11394 4
11410 2
11412 1
11413 1
11415 1
11419 1
11421 3
11422 1
11423 2
11425 1
11426 4
11427 1
11429 1
11431 3
11432 5
11433 1
11438 1
11439 1
11440 4
11443 1
11447 1
11449 2
11451 1
11455 1
11458 2
11459 1
11460 1
11464 2
11467 1
11470 1
11472 2
11474 4
11479 1
11485 2
11486 3
11493 4
11494 2
11495 3
11501 1
11502 2
11504 2
11510 2
11511 2
11513 1
11518 1
11520 2
11524 1
11527 1
11528 1
11529 1
11530 2
11532 2
11544 3
11553 2
11554 3
11555 2
11562 1
11563 2
11564 1
11565 2
11567 3
11568 6
11569 1
11571 1
11574 1
11580 1
11581 3
11583 3
11587 1
11590 5
11594 3
11596 1
11597 2
11603 3
11607 3
11610 1
11613 4
11615 2
11623 3
11625 4
11632 1
11633 1
11634 3
11636 4
11637 1
11640 1
11642 6
11643 1
11644 3
11647 4
11650 1
11653 4
11658 1
11661 3
11662 3
11665 3
11672 1
11676 1
11686 3
11687 1
11690 2
11691 1
11692 3
11693 1
11695 2
11701 2
11707 1
11710 1
11717 2
11719 1
11720 1
11731 3
11732 3
11735 1
11736 1
11737 1
11739 2
11743 1
11750 2
11755 1
11756 1
11757 1
11758 1
11762 3
11766 1
11768 2
11770 2
11771 2
11772 1
11776 3
11779 2
11782 2
11785 2
11786 1
11789 1
11790 1
11792 1
11795 1
11796 1
11799 1
11801 1
11803 1
11806 1
11809 2
11810 2
11811 2
11812 1
11814 2
11815 2
11816 2
11818 1
11821 1
11823 1
11829 2
11830 2
11831 4
11832 1
11833 2
11834 5
11835 2
11840 1
11841 1
11842 1
11843 3
11844 2
11847 1
11848 1
11851 5
11852 2
11853 2
11856 1
11857 1
11861 2
11864 3
11865 2
11866 1
11874 4
11875 1
11878 1
11879 2
11881 1
11885 1
11886 1
11888 3
11890 1
11895 4
11901 1
11902 1
11908 1
11917 1
11919 1
11930 1
11932 3
11933 1
11938 2
11940 1
11947 3
11948 1
11950 1
11954 1
11957 2
11959 1
11961 1
11963 1
11967 3
11968 1
11972 1
11974 1
11976 2
11980 2
11986 1
11987 1
11991 1
11995 1
11997 2
12000 2
12001 1
12005 1
12006 2
12009 1
12017 4
12026 5
12028 1
12033 3
12037 3
12042 2
12043 1
12045 1
12054 1
12055 3
12056 1
12060 2
12061 2
12072 1
12073 2
12074 1
12084 2
12088 1
12089 2
12094 1
12096 1
12098 1
12099 3
12100 1
12102 1
12108 1
12109 2
12115 1
12117 2
12121 1
12128 9
12129 5
12132 2
12134 2
12137 3
12138 2
12140 3
12141 3
12142 1
12146 3
12151 2
12157 1
12161 2
12163 3
12170 2
12172 2
12173 1
12174 2
12176 1
12184 1
12186 1
12188 4
12192 3
12195 2
12196 3
12197 1
12199 2
12200 2
12201 2
12202 1
12203 1
12204 1
12206 2
12208 2
12211 3
12214 1
12215 4
12226 1
12229 1
12230 1
12237 1
12239 10
12241 1
12243 3
12246 1
12254 1
12255 1
12258 3
12260 27
12264 3
12268 3
12278 1
12285 1
12286 1
12289 1
12294 1
12307 1
12313 1
12314 3
12316 5
12317 1
12319 1
12325 4
12329 1
12330 1
12331 2
12332 1
12333 1
12339 2
12342 6
12351 1
12353 1
12354 2
12355 1
12356 1
12359 2
12361 1
12363 1
12365 2
12368 3
12372 1
12375 1
12376 1
12377 1
12378 1
12379 1
12380 1
12383 1
12385 1
12388 1
12390 2
12395 2
12396 2
12398 4
12399 2
12400 1
12405 1
12407 3
12409 1
12417 2
12420 3
12421 1
12422 1
12423 1
12427 1
12431 2
12434 2
12447 2
12448 1
12449 3
12455 1
12457 1
12460 3
12464 1
12466 1
12473 2
12485 1
12492 1
12494 1
12495 1
12498 4
12499 1
12502 1
12506 1
12509 1
12510 1
12512 1
12518 2
12520 1
12523 1
12525 1
12529 1
12531 1
12536 3
12539 1
12545 1
12548 7
12559 4
12560 2
12563 1
12564 1
12568 1
12577 2
12578 1
12579 1
12580 1
12581 1
12585 5
12586 1
12590 1
12591 2
12592 2
12595 1
12598 1
12602 1
12603 1
12604 2
12613 1
12614 2
12622 1
12626 1
12629 1
12630 1
12631 3
12634 1
12635 3
12636 2
12640 3
12651 3
12652 2
12669 1
12676 1
12681 3
12682 1
12693 3
12694 1
12697 2
12702 2
12705 1
12707 9
12712 2
12714 1
12721 1
12725 1
12727 1
12729 1
12731 2
12733 5
12738 1
12742 1
12744 1
12748 1
12749 1
12750 1
12762 2
12763 1
12767 4
12769 1
12770 3
12773 1
12777 2
12778 1
12781 1
12786 2
12788 1
12797 1
12798 1
12800 1
12801 2
12810 1
12812 2
12814 1
12815 1
12817 1
12818 1
12820 2
12828 1
12832 1
12833 1
12836 2
12839 1
12840 2
12842 1
12843 1
12857 1
12858 2
12861 1
12867 1
12869 2
12870 2
12871 1
12872 2
12874 3
12876 1
12887 1
12889 1
12891 1
12894 1
12895 1
12896 1
12901 1
12902 1
12904 1
12905 3
12912 1
12913 1
12918 1
12921 1
12922 3
12926 1
12931 1
12936 1
12937 1
12945 1
12954 2
12964 1
12970 1
12972 2
12974 1
12976 1
12983 2
12988 3
12990 1
12992 2
12997 2
12998 1
13014 1
13015 1
13017 1
13019 1
13025 2
13029 1
13030 2
13036 1
13038 1
13048 2
13062 1
13063 1
13066 3
13084 1
13088 1
13093 1
13099 2
13109 4
13111 3
13126 1
13136 1
13139 1
13142 3
13147 2
13154 2
13155 3
13158 1
13160 1
13162 1
13167 3
13168 1
13171 2
13176 1
13178 1
13181 1
13188 4
13200 4
13203 1
13204 1
13205 1
13217 2
13219 5
13223 1
13228 1
13232 2
13235 1
13246 1
13248 1
13250 3
13257 1
13270 1
13272 4
13278 4
13279 2
13284 1
13290 1
13299 1
13301 1
13303 1
13305 1
13306 1
13307 3
13311 3
13313 1
13316 2
13317 3
13326 3
13336 4
13342 1
13343 1
13344 2
13356 1
13359 1
13369 1
13372 1
13375 2
13376 1
13377 1
13378 1
13379 1
13385 3
13386 1
13388 1
13392 2
13393 1
13398 1
13402 1
13404 1
13405 2
13419 3
13421 1
13422 2
13427 2
13437 1
13440 1
13444 1
13448 1
13450 3
13457 1
13461 1
13464 5
13470 1
13472 1
13481 2
13493 1
13502 1
13509 1
13510 1
13512 7
13519 1
13528 1
13530 1
13533 1
13537 2
13542 1
13551 1
13558 3
13564 1
13580 1
13590 1
13601 2
13603 1
13607 1
13608 1
13613 1
13620 1
13626 1
13633 1
13638 2
13642 1
13648 2
13649 2
13651 2
13658 1
13659 2
13662 1
13664 1
13670 2
13676 2
13679 1
13702 1
13715 2
13718 3
13720 2
13722 1
13725 2
13728 2
13736 1
13738 1
13747 1
13748 2
13751 1
13754 1
13763 1
13764 2
13768 1
13800 1
13802 1
13810 2
13812 2
13813 4
13823 1
13834 2
13841 1
13845 1
13846 1
13847 1
13850 5
13854 2
13855 2
13868 1
13874 1
13880 3
13881 1
13883 1
13887 1
13893 1
13901 2
13907 4
13914 1
13917 1
13918 1
13924 1
13930 2
13938 1
13941 3
13949 1
13956 1
13962 1
13975 2
13977 1
13979 1
14027 1
14043 2
14045 1
14062 2
14101 1
14114 1
14116 1
14117 2
14125 5
14126 1
14127 2
14130 2
14144 1
14145 1
14146 2
14153 2
14154 1
14162 1
14164 1
14165 2
14171 1
14172 1
14175 3
14177 2
14182 5
14188 2
14189 2
14201 1
14202 1
14204 1
14205 1
14208 1
14217 1
14223 1
14224 1
14234 1
14235 3
14236 1
14238 1
14241 1
14246 1
14248 1
14249 1
14251 1
14253 1
14254 1
14262 1
14268 1
14269 3
14272 1
14279 1
14290 2
14291 3
14295 1
14296 1
14304 2
14305 2
14306 1
14322 1
14326 2
14338 1
14341 5
14343 1
14344 1
14345 5
14348 1
14349 2
14351 1
14352 1
14362 1
14363 1
14366 3
14368 2
14375 1
14379 1
14380 2
14381 1
14383 1
14389 2
14390 2
14404 1
14406 1
14411 1
14416 1
14419 1
14420 1
14430 1
14432 8
14439 3
14445 2
14448 1
14461 1
14465 2
14468 1
14473 1
14474 3
14475 1
14489 1
14492 1
14497 1
14499 1
14501 2
14502 3
14517 1
14519 1
14534 2
14540 1
14542 2
14543 1
14544 3
14546 2
14548 1
14556 2
14557 2
14565 2
14568 1
14573 2
14576 4
14577 1
14578 2
14584 2
14589 2
14590 1
14596 3
14597 1
14601 2
14602 1
14604 1
14612 2
14619 4
14622 3
14623 1
14631 1
14635 1
14641 2
14642 2
14644 1
14647 1
14653 2
14655 3
14656 3
14657 1
14658 1
14660 1
14681 3
14691 2
14710 1
14712 1
14728 1
14734 2
14750 1
14764 2
14771 2
14776 1
14787 1
14799 1
14801 1
14812 2
14819 2
14820 4
14827 1
14831 2
14833 1
14838 1
14839 1
14853 2
14871 1
14888 1
14892 1
14893 1
14899 3
14900 1
14901 1
14902 4
14904 4
14905 1
14909 2
14913 2
14915 1
14920 1
14924 2
14930 1
14934 2
14937 2
14939 2
14950 1
14952 2
14954 2
14955 1
14958 1
14960 3
14968 2
14971 2
14979 3
14982 1
14987 1
14988 1
14990 1
14991 3
14992 5
14994 1
14995 3
15005 1
15009 7
15019 1
15022 2
15024 2
15028 1
15031 1
15032 2
15035 2
15036 1
15057 2
15059 1
15073 1
15075 1
15077 1
15081 1
15088 1
15090 1
15094 2
15099 1
15104 1
15115 2
15116 1
15117 1
15123 2
15124 1
15136 2
15141 1
15145 1
15146 1
15154 2
15156 2
15158 1
15167 1
15168 3
15176 1
15179 4
15195 1
15197 1
15199 1
15206 1
15224 1
15225 1
15236 1
15242 1
15243 1
15244 2
15256 1
15259 2
15273 1
15275 3
15280 2
15304 2
15307 1
15308 1
15319 1
15335 1
15342 2
15343 1
15347 3
15352 1
15353 1
15356 3
15359 2
15360 1
15366 2
15371 1
15374 1
15375 1
15393 4
15397 2
15406 1
15410 1
15412 1
15415 1
15418 1
15419 3
15421 1
15430 2
15439 1
15440 1
15442 2
15457 5
15458 2
15462 2
15470 1
15476 1
15487 1
15488 1
15492 2
15499 1
15501 1
15530 4
15544 2
15545 1
15546 2
15547 1
15550 3
15557 1
15563 1
15564 1
15574 1
15578 1
15583 1
15595 1
15598 2
15603 1
15609 1
15611 1
15612 1
15613 1
15622 1
15626 2
15628 2
15634 7
15635 1
15642 1
15650 1
15665 1
15672 1
15673 2
15684 1
15689 1
15701 1
15703 1
15705 1
15709 1
15710 1
15720 1
15724 1
15726 2
15738 4
15740 2
15749 4
15752 2
15754 2
15762 1
15763 1
15765 1
15767 1
15782 1
15786 2
15787 2
15789 2
15790 1
15802 2
15812 2
15820 2
15821 2
15822 2
15855 2
15861 2
15953 1
15961 2
15963 4
15979 2
15980 1
15995 2
16018 1
16044 2
16046 2
16050 1
16060 2
16061 2
16077 2
16081 1
16092 2
16136 2
16141 2
16162 2
16167 1
16186 4
16202 2
16220 2
16225 2
16239 2
16249 2
16259 4
16268 2
16273 2
16282 1
16293 1
16306 4
16323 2
16349 2
16359 1
16361 3
16366 1
16371 4
16405 2
16413 2
16419 1
16443 2
16461 1
16472 2
16486 1
16489 1
16506 1
16511 2
16512 4
16539 2
16552 2
16553 3
16560 1
16574 1
16579 2
16596 1
16602 2
16606 2
16627 2
16645 4
16646 2
16673 2
16680 2
16719 2
16720 2
16778 4
16779 1
16786 3
16792 2
16802 1
16810 1
16833 1
16842 1
16852 4
16865 2
16881 2
16898 2
16902 3
16906 1
16914 2
16923 2
16936 1
16960 3
16988 4
16996 2
16997 2
17026 5
17028 1
17035 1
17036 2
17046 2
17055 1
17056 1
17057 2
17058 2
17073 2
17092 2
17101 4
17102 2
17108 4
17109 3
17134 2
17144 1
17153 4
17154 4
17177 2
17209 4
17216 5
17223 2
17231 2
17276 2
17283 2
17291 2
17304 1
17308 3
17320 2
17331 9
17345 2
17361 2
17376 2
17377 2
17403 2
17406 2
17456 2
17465 1
17481 1
17507 1
17517 2
17532 1
17573 3
17575 2
17588 1
17597 3
17616 2
17619 1
17653 2
17662 2
17668 1
17671 1
17687 3
17697 1
17719 2
17721 2
17722 2
17723 1
17737 1
17739 1
17742 6
17756 1
17767 1
17776 2
17780 3
17791 2
17798 1
17817 2
17818 1
17819 1
17827 2
17830 2
17831 2
17837 1
17840 2
17845 1
17848 2
17856 4
17858 1
17864 1
17869 1
17894 2
17895 2
17901 2
17915 2
17945 2
17949 2
17950 1
17968 1
17983 2
17986 2
17999 1
18019 2
18031 2
18099 2
18102 2
18104 2
18112 1
18114 1
18119 2
18132 1
18140 2
18144 3
18147 2
18158 2
18194 2
18197 2
18214 3
18216 3
18229 1
18255 6
18279 4
18288 2
18290 1
18295 2
18311 2
18314 2
18343 1
18344 2
18352 2
18361 2
18374 1
18402 2
18403 2
18424 2
18427 1
18453 4
18458 1
18462 2
18491 1
18494 2
18507 2
18530 2
18539 2
18542 1
18546 2
18550 1
18559 1
18591 2
18598 1
18605 2
18611 1
18613 2
18616 3
18623 2
18644 2
18647 1
18648 2
18660 1
18680 1
18688 2
18701 2
18704 2
18719 2
18728 4
18742 2
18748 1
18765 2
18797 2
18814 2
18815 2
18821 2
18824 2
18844 2
18847 2
18849 2
18852 1
18881 2
18889 2
18909 2
18912 2
18913 2
18932 2
18967 2
19010 2
19077 2
19087 2
19103 2
19113 2
19118 1
19119 5
19126 2
19133 2
19152 1
19165 2
19168 1
19180 2
19185 2
19187 2
19203 2
19215 2
19225 2
19228 2
19232 2
19247 2
19264 1
19267 2
19286 4
19310 2
19322 2
19327 2
19328 1
19329 2
19356 1
19362 2
19364 2
19383 1
19388 1
19390 1
19406 2
19426 1
19493 2
19499 2
19501 2
19533 2
19613 2
19618 2
19635 2
19658 2
19684 3
19728 1
19735 2
19774 2
19777 2
19795 2
19797 2
19802 1
19822 1
19825 2
19839 1
19841 2
19852 1
19854 4
19874 1
19879 1
19909 2
19927 1
19936 2
19939 2
19952 2
19961 2
19967 2
19991 2
19998 1
20001 2
20023 1
20041 1
20061 2
20083 2
20092 1
20101 1
20106 2
20110 1
20157 1
20165 2
20182 2
20189 2
20191 1
20222 2
20243 2
20265 2
20300 4
20318 2
20336 2
20341 2
20360 2
20364 6
20367 2
20391 2
20407 2
20409 4
20447 2
20462 2
20542 10
20569 2
20581 2
20588 7
20598 2
20629 2
20634 2
20658 1
20665 1
20734 2
20743 1
20753 2
20768 2
20781 2
20785 2
20803 2
20819 2
20824 2
20844 4
20864 2
20961 2
20964 2
20997 2
20998 1
21028 2
21046 2
21056 1
21079 2
21120 1
21151 2
21160 1
21165 2
21170 2
21180 1
21221 2
21225 2
21271 2
21274 2
21298 2
21304 2
21344 2
21363 2
21436 2
21489 2
21491 2
21494 1
21502 1
21517 2
21550 1
21568 2
21577 2
21599 2
21668 2
21694 2
21702 1
21704 4
21713 2
21759 2
21762 2
21828 2
21838 2
21867 2
21898 4
21921 1
21965 2
21974 1
21991 2
22014 2
22015 1
22030 2
22035 2
22045 2
22054 2
22070 2
22093 2
22103 2
22115 4
22148 1
22152 2
22154 3
22156 2
22189 2
22203 2
22210 2
22223 2
22239 1
22273 3
22285 1
22289 2
22307 2
22340 2
22363 2
22392 2
22411 2
22442 1
22447 2
22477 2
22481 2
22560 2
22566 2
22571 4
22607 1
22635 2
22651 2
22690 2
22701 2
22727 1
22757 1
22761 1
22800 4
22805 2
22812 2
22816 2
22836 1
22850 3
22877 2
22906 2
22923 2
22957 1
22981 1
22989 2
23031 3
23060 2
23065 2
23076 2
23135 2
23140 2
23145 2
23279 2
23289 1
23312 2
23348 2
23377 2
23395 2
23435 2
23463 2
23476 2
23498 1
23527 2
23541 14
23552 2
23607 2
23698 2
23726 1
23766 4
23806 2
23822 3
23834 2
23871 2
23920 2
23921 2
23943 2
23959 2
23978 2
23979 3
24000 2
24027 1
24044 2
24060 1
24083 2
24096 1
24105 4
24115 2
24119 2
24145 2
24146 2
24154 2
24165 3
24186 2
24210 1
24250 4
24254 2
24285 2
24286 2
24302 2
24343 1
24351 2
24360 2
24372 2
24382 2
24389 2
24403 2
24416 2
24463 2
24501 2
24508 2
24541 1
24573 2
24595 2
24600 2
24615 2
24617 1
24674 2
24768 1
24777 1
24798 2
24834 2
24848 2
24849 2
24909 2
24924 1
25023 2
25069 3
25085 1
25107 2
25130 1
25143 2
25150 2
25208 2
25215 2
25226 1
25243 2
25270 2
25290 2
25306 2
25357 2
25367 3
25473 1
25484 2
25490 5
25516 2
25542 2
25570 2
25604 7
25619 1
25629 2
25643 2
25650 1
25675 2
25692 1
25696 2
25743 2
25745 2
25756 2
25774 4
25775 2
25799 4
25829 5
25850 2
25855 2
25870 2
25882 3
25893 2
25895 2
25912 2
25916 2
25952 2
25963 1
25967 2
25989 2
26007 2
26010 1
26036 2
26040 2
26063 2
26066 2
26080 2
26094 1
26113 2
26114 2
26161 2
26163 2
26226 2
26250 2
26259 2
26283 4
26285 2
26288 2
26319 2
26345 1
26372 2
26421 1
26447 2
26455 2
26461 1
26466 2
26515 2
26542 2
26553 2
26579 2
26598 2
26629 2
26633 2
26641 1
26667 2
26688 2
26689 2
26692 1
26708 2
26711 2
26727 2
26765 2
26790 2
26824 1
26838 1
26878 2
26882 2
26929 1
26954 2
26969 2
26995 3
27002 2
27050 2
27070 2
27096 2
27097 1
27196 5
27232 2
27251 2
27269 2
27296 2
27310 2
27319 2
27351 2
27356 2
27358 1
27364 2
27382 2
27387 2
27411 4
27447 4
27449 2
27489 2
27499 2
27532 2
27586 2
27592 4
27650 2
27668 1
27686 2
27687 2
27698 2
27747 1
27748 2
27771 1
27800 2
27830 2
27867 2
27893 1
27915 1
27928 2
27929 2
27982 2
27998 1
28017 2
28020 2
28029 1
28043 2
28047 1
28065 2
28068 2
28074 2
28099 2
28104 1
28184 2
28189 4
28207 2
28209 1
28218 2
28238 1
28242 3
28251 1
28270 2
28272 2
28333 2
28351 2
28358 2
28367 2
28369 2
28380 2
28420 2
28430 2
28529 2
28549 2
28589 2
28617 2
28621 2
28625 2
28684 2
28704 2
28705 2
28742 2
28746 2
28759 2
28784 2
28806 2
28826 1
28827 1
28828 2
28830 2
28871 2
28880 2
28886 2
28907 2
28913 2
28926 1
28946 2
28959 1
28987 2
29017 2
29035 2
29044 3
29059 2
29123 4
29139 2
29149 2
29168 2
29210 2
29220 2
29230 2
29239 1
29241 2
29271 1
29282 1
29285 2
29367 2
29378 2
29406 2
29426 2
29499 2
29518 6
29544 1
29545 2
29565 2
29576 2
29605 2
29612 2
29613 1
29634 3
29663 2
29677 1
29679 3
29680 2
29683 2
29712 1
29715 4
29765 1
29793 2
29799 1
29802 2
29865 2
29902 1
29914 2
29940 1
29946 2
29973 2
29988 2
29994 2
30027 2
30041 2
30048 2
30060 2
30078 2
30085 1
30099 2
30163 2
30170 2
30185 3
30240 2
30263 1
30291 1
30347 1
30354 2
30357 2
30363 2
30383 2
30404 1
30407 1
30414 2
30462 1
30491 2
30493 2
30504 2
30506 4
30515 2
30536 1
30554 2
30572 2
30615 1
30618 4
30654 2
30707 2
30759 2
30812 2
30827 2
30860 3
30882 3
30895 2
30909 1
30913 2
30921 2
30941 2
30965 1
30969 2
31007 2
31008 2
31030 2
31039 3
31040 1
31066 2
31124 2
31144 2
31147 2
31154 2
31161 2
31238 2
31271 2
31290 1
31293 2
31367 2
31410 2
31417 2
31438 2
31441 2
31447 2
31455 2
31484 1
31520 2
31521 2
31522 1
31551 2
31571 2
31572 2
31607 2
31644 2
31652 2
31658 1
31660 2
31699 2
31700 2
31704 2
31757 3
31766 1
31780 1
31791 2
31809 1
31854 2
31937 2
31940 1
31956 1
31959 2
31964 3
31983 1
31998 1
32018 2
32052 4
32074 2
32131 2
32167 2
32181 2
32195 1
32197 6
32253 1
32268 1
32281 2
32303 80
32376 2
32400 2
32482 9
32670 2
33341 1
33432 1
33461 1
33520 3
33521 2
33571 2
33573 2
33609 2
33616 1
33632 6
33644 1
33654 2
33661 4
33687 2
33720 2
33721 2
33727 2
33740 2
33742 1
33745 2
33790 2
33804 2
33829 2
34030 2
34130 2
34286 1
34339 2
34351 2
34376 2
34377 1
34395 2
34397 2
34410 2
34427 2
34431 2
34450 2
34453 2
34478 2
34489 1
34493 1
34537 2
34550 2
34571 1
34596 1
34602 2
34632 1
34644 2
34653 2
34679 2
34717 2
34721 3
34773 2
34864 1
34891 2
34905 2
34912 2
34962 6
34981 1
34996 2
35053 2
35090 1
35096 2
35105 2
35111 2
35170 2
35220 2
35228 1
35229 2
35285 2
35314 4
35329 2
35443 2
35452 2
35501 1
35555 2
35562 2
35598 2
35609 2
35641 3
35642 2
35645 1
35666 3
35734 2
35761 1
35785 2
35803 2
35805 2
35809 2
35822 2
35848 2
35879 2
35881 2
35883 2
35940 2
35965 2
36015 2
36016 4
36026 5
36030 2
36043 2
36090 1
36102 2
36120 2
36126 3
36131 2
36136 2
36142 1
36156 2
36194 3
36241 2
36277 1
36310 1
36353 2
36374 2
36399 1
36404 2
36414 2
36423 1
36469 2
36470 2
36475 2
36482 1
36501 2
36504 1
36508 2
36552 2
36559 1
36584 3
36616 2
36708 2
36752 2
36781 2
36794 2
36820 1
36855 1
36901 2
36971 1
36972 1
36973 2
36976 2
37032 2
37044 2
37074 3
37088 2
37124 3
37171 2
37189 1
37193 2
37208 2
37215 2
37242 1
37294 2
37350 2
37361 2
37377 2
37394 1
37416 2
37427 2
37437 2
37468 2
37519 2
37563 2
37573 1
37591 1
37594 1
37632 2
37639 1
37667 2
37711 2
37729 2
37736 3
37741 12
37756 2
37784 2
37797 1
37799 2
37803 1
37806 4
37831 1
37862 1
37878 1
37908 2
37916 3
37985 4
37994 2
38015 1
38027 2
38051 1
38108 1
38141 1
38153 2
38160 1
38163 1
38168 1
38170 3
38239 2
38245 1
38255 1
38321 2
38332 1
38360 1
38382 1
38389 2
38408 1
38410 3
38427 2
38429 1
38460 1
38494 1
38547 1
38594 2
38608 2
38642 1
38699 1
38728 2
38785 1
38790 1
38805 1
38808 2
38903 1
38913 1
38927 1
38957 1
39010 1
39038 1
39058 2
39072 1
39172 1
39197 1
39216 1
39234 1
39319 2
39320 2
39338 1
39381 1
39391 1
39438 1
39466 1
39496 1
39546 2
39637 1
39646 1
39683 1
39725 2
39763 4
39843 2
39870 2
39878 2
39899 1
39905 4
39981 2
40024 2
40090 1
40176 4
40262 1
40285 2
40290 2
40305 2
40336 2
40423 2
40449 2
40451 1
40511 2
40537 2
40545 2
40549 2
40550 2
40576 4
40591 4
40607 2
40633 1
40683 4
40745 2
40773 1
40780 2
40787 2
40828 2
40842 2
40888 2
40919 2
40926 2
40932 2
40958 2
40982 2
40997 2
41033 2
41037 2
41062 2
41082 2
41103 2
41109 2
41128 2
41204 2
41211 2
41232 2
41269 2
41273 6
41284 4
41327 2
41349 1
41394 1
41401 2
41402 2
41412 2
41431 1
41491 2
41499 2
41541 1
41565 1
41571 2
41590 2
41593 1
41594 2
41641 1
41643 2
41732 1
41762 1
41775 1
41804 1
41867 1
41905 1
42020 1
42031 1
42041 2
42059 1
42125 1
42148 1
42182 1
42206 1
42211 1
42228 1
42232 1
42251 1
42269 1
42286 1
42325 2
42326 1
42357 1
42361 1
42362 2
42421 2
42428 1
42449 1
42495 1
42515 1
42574 1
42599 1
42633 1
42644 1
42645 1
42677 1
42745 1
42782 1
42822 1
42888 1
42918 2
42923 1
42999 1
43044 2
43058 2
43084 2
43118 4
43133 2
43150 1
43163 2
43166 2
43203 1
43212 2
43270 1
43303 1
43324 2
43343 1
43360 2
43373 3
43398 2
43448 2
43467 2
43480 2
43486 4
43505 3
43510 1
43521 2
43539 2
43544 2
43568 3
43575 2
43592 3
43599 2
43601 1
43613 2
43615 1
43650 2
43696 2
43706 2
43707 2
43725 2
43729 1
43733 2
43741 1
43778 1
43850 2
43885 1
43913 2
43924 2
43930 4
43931 2
44038 4
44064 2
44083 6
44114 1
44123 2
44175 2
44183 1
44187 2
44215 2
44217 2
44223 2
44236 2
44265 2
44279 2
44303 2
44330 2
44334 2
44340 1
44350 2
44374 1
44521 4
44571 2
44657 2
44757 3
44762 2
44842 2
44849 1
44878 2
44896 2
44928 8
44960 2
44973 5
44985 2
45028 2
45054 2
45064 2
45071 2
45077 7
45097 2
45105 6
45157 2
45158 2
45173 2
45216 2
45221 2
45227 1
45236 2
45257 2
45313 2
45326 1
45354 1
45426 2
45458 2
45471 2
45507 2
45527 2
45566 2
45611 2
45646 1
45671 1
45682 2
45689 2
45705 2
45717 2
45728 1
45742 2
45771 2
45806 2
45817 1
45823 1
45830 2
45863 3
45868 2
45890 2
45892 2
45909 2
45914 2
45929 4
45975 2
46074 2
46087 2
46118 2
46122 2
46168 2
46178 1
46181 2
46228 2
46287 2
46298 2
46314 2
46355 2
46381 1
46388 2
46399 2
46402 2
46409 4
46418 2
46440 2
46442 2
46453 2
46456 1
46499 2
46536 2
46541 2
46563 2
46573 1
46580 2
46595 2
46599 2
46601 1
46608 2
46626 2
46638 2
46643 2
46654 2
46675 2
46713 1
46741 1
46764 1
46771 2
46787 2
46790 1
46817 1
46848 1
46853 2
46875 4
46897 1
46902 1
46926 1
46937 2
46938 2
46955 2
46989 2
47007 2
47011 2
47033 1
47042 6
47049 2
47050 1
47068 2
47071 2
47087 2
47092 2
47102 1
47104 2
47118 2
47128 2
47129 2
47143 2
47149 2
47153 2
47179 2
47183 2
47200 2
47215 4
47217 2
47232 2
47252 2
47307 1
47310 2
47312 1
47317 1
47327 1
47346 2
47347 2
47352 2
47359 2
47363 2
47376 2
47382 2
47396 2
47402 2
47405 2
47450 1
47454 1
47457 1
47459 1
47464 2
47475 1
47479 1
47608 2
47611 4
47613 2
47636 2
47642 4
47647 2
47665 2
47685 1
47689 2
47697 2
47698 2
47710 2
47741 2
47764 2
47784 2
47788 4
47856 4
47861 2
47906 1
47907 1
47912 2
47950 2
47959 2
47977 2
47990 2
47997 2
47999 2
48009 2
48020 2
48024 1
48035 4
48047 1
48055 1
48070 1
48077 1
48092 2
48096 1
48131 2
48154 4
48155 1
48192 2
48200 2
48230 2
48235 1
48311 2
48338 2
48355 2
48372 2
48388 2
48400 2
48406 2
48428 2
48430 2
48434 2
48445 1
48450 2
48475 2
48484 2
48490 2
48532 2
48536 2
48559 6
48561 1
48563 2
48571 1
48574 1
48581 4
48590 2
48612 2
48613 1
48636 1
48644 1
48651 1
48699 2
48727 2
48743 2
48749 2
48754 2
48813 1
48814 2
48816 2
48831 2
48859 2
48897 2
48925 2
48945 2
48998 2
49021 2
49032 2
49039 2
49059 2
49097 2
49115 2
49117 2
49140 1
49168 2
49189 4
49221 2
49271 1
49280 4
49304 2
49312 2
49315 2
49338 2
49351 2
49370 2
49376 2
49421 1
49427 2
49439 1
49454 2
49459 2
49463 2
49474 1
49494 2
49568 2
49598 2
49631 2
49658 2
49697 2
49701 2
49722 2
49739 2
49743 2
49745 1
49746 2
49768 3
49806 2
49808 2
49874 3
49909 1
49913 2
49938 2
49979 2
49994 1
50004 2
50015 4
50016 1
50028 2
50032 2
50034 1
50044 1
50047 2
50054 2
50074 2
50075 1
50094 1
50104 2
50111 2
50143 2
50146 2
50151 3
50160 2
50186 2
50197 2
50216 4
50225 2
50228 2
50235 2
50241 2
50247 4
50285 2
50322 2
50335 2
50340 2
50362 2
50363 2
50375 2
50386 2
50390 2
50402 1
50421 2
50423 2
50467 2
50471 2
50486 2
50504 1
50506 2
50521 2
50523 2
50535 1
50541 3
50555 2
50560 2
50565 2
50579 2
50584 2
50585 2
50601 2
50642 2
50651 2
50658 1
50666 1
50684 2
50690 2
50697 2
50700 2
50703 2
50728 2
50742 1
50765 2
50774 2
50811 2
50820 2
50897 1
50985 1
51004 2
51041 2
51122 2
51153 1
51228 2
51286 2
51288 2
51306 2
51351 2
51401 2
51417 1
51454 2
51468 1
51524 4
51844 1
52382 1
52537 1
52585 1
52626 1
53091 1
53211 1
53229 1
53530 2
53780 1
53972 1
54160 1
54323 1
54808 1
54811 1
54886 1
55225 4
55299 1
55537 1
56028 1
56071 3
56087 1
56337 1
56345 1
56411 4
56448 2
56459 4
56460 2
56518 2
56561 2
56586 2
56594 2
56602 2
56657 2
56684 1
56714 1
56764 1
56765 1
56788 1
56809 1
56863 2
56893 1
56917 1
56947 1
57077 1
57083 2
57092 1
57094 1
57129 1
57177 1
57180 1
57181 1
57193 1
57264 1
57274 1
57286 1
57321 1
57377 1
57399 1
57443 1
57453 1
57472 2
57476 1
57545 1
57569 1
57627 1
57628 2
57636 2
57638 1
57659 2
57672 2
57688 1
57728 2
57735 1
57736 1
57760 1
57773 1
57795 1
57796 1
57801 2
57820 1
57839 1
57861 1
57866 1
57871 1
57899 1
57909 1
57925 1
57942 2
57969 1
57980 1
57995 1
58001 1
58014 1
58050 1
58114 1
58117 1
58134 1
58149 1
58173 1
58220 1
58222 1
58252 1
58276 1
58323 1
58332 1
58372 1
58418 1
58420 1
58428 1
58456 1
58462 1
58484 1
58514 1
58515 1
58536 1
58543 1
58552 1
58566 1
58567 1
58577 1
58585 1
58593 1
58616 1
58641 1
58659 1
58660 1
58701 1
58706 1
58710 1
58734 2
58766 1
58778 1
58782 1
58799 1
58801 1
58803 1
58805 1
58827 1
58871 1
58884 1
58896 1
58909 1
58940 1
58976 1
59030 1
59074 1
59077 1
59102 1
59107 1
59124 2
59127 1
59128 1
59150 1
59189 1
59197 2
59215 1
59220 1
59241 2
59251 1
59262 1
59263 2
59279 1
59285 1
59288 1
59291 1
59295 1
59298 1
59300 2
59344 1
59351 1
59354 1
59357 1
59367 1
59372 1
59378 1
59390 1
59481 1
59486 2
59495 1
59522 1
59523 1
59547 1
59563 1
59582 1
59588 1
59594 1
59609 1
59640 1
59649 1
59676 1
59735 1
59738 1
59742 1
59761 1
59777 1
59790 1
59799 1
59815 2
59832 1
59845 1
59857 5
59979 2
59983 1
60009 2
60012 1
60036 1
60038 2
60055 4
60083 1
60094 1
60096 1
60118 1
60126 1
60131 1
60146 1
60156 1
60159 1
60201 1
60202 2
60223 1
60264 1
60277 1
60312 1
60333 1
60334 1
60404 1
60406 1
60412 1
60422 1
60477 1
60498 2
60501 1
60502 1
60510 1
60519 2
60531 1
60540 1
60560 1
60567 1
60606 1
60612 1
60651 1
60654 1
60685 1
60687 1
60689 1
60701 1
60712 1
60744 1
60758 1
60765 1
60783 1
60788 1
60795 1
60797 1
60803 1
60845 1
60847 1
60859 1
60866 1
60876 1
60879 1
60895 1
60935 1
60939 1
60940 1
60949 1
60971 1
60974 1
60985 1
60990 1
61011 1
61020 1
61022 1
61025 1
61036 1
61071 1
61083 1
61084 1
61149 1
61172 1
61219 1
61248 1
61264 1
61290 1
61303 1
61309 1
61331 1
61347 1
61352 1
61389 1
61397 1
61410 1
61435 1
61444 1
61472 1
61500 2
61501 1
61509 1
61515 1
61521 1
61526 1
61533 1
61535 3
61547 1
61578 1
61583 1
61589 1
61597 1
61610 1
61614 2
61628 2
61637 2
61645 1
61646 1
61647 1
61667 1
61669 2
61673 1
61678 1
61679 2
61686 1
61698 1
61703 1
61715 1
61722 1
61723 1
61739 1
61742 2
61746 1
61748 1
61755 1
61774 1
61775 1
61782 1
61795 1
61799 1
61800 1
61806 1
61816 1
61817 1
61819 1
61823 1
61837 2
61849 1
61850 1
61863 1
61870 1
61876 1
61884 1
61886 1
61898 1
61899 1
61902 1
61905 1
61906 1
61907 1
61910 1
61925 1
61949 1
61953 1
61957 1
61984 1
61992 1
62011 1
62064 1
62079 1
62101 1
62104 1
62111 1
62129 1
62130 1
62157 1
62171 1
62199 1
62217 1
62219 1
62221 1
62231 2
62264 1
62398 1
62419 1
62433 1
62435 1
62439 2
62482 1
62483 1
62503 2
62509 3
62551 1
62562 1
62596 1
62608 1
62640 1
62660 1
62662 2
62663 1
62676 1
62681 1
62733 1
62759 1
62771 1
62789 1
62803 1
62821 1
62832 1
62837 1
62855 1
62861 2
62865 1
62875 2
62917 1
62933 1
62951 1
62960 1
63012 1
63032 1
63057 1
63072 1
63081 1
63095 1
63106 1
63142 1
63144 1
63148 1
63160 1
63217 1
63259 1
63272 1
63295 1
63314 1
63315 1
63380 1
63381 1
63387 1
63410 1
63414 1
63427 1
63467 2
63487 1
63520 1
63541 1
63547 1
63555 2
63558 1
63570 2
63578 2
63620 1
63645 1
63657 1
63689 1
63727 1
63748 1
63758 1
63769 1
63772 1
63794 1
63797 2
63811 1
63874 1
63899 1
63905 1
63907 1
63915 1
63930 1
63931 1
63937 1
63946 1
63949 1
63957 1
63988 1
64052 1
64087 1
64119 1
64123 1
64125 1
64140 1
64184 2
64216 1
64247 1
64250 1
64265 2
64268 1
64289 1
64308 1
64315 1
64320 1
64353 1
64361 1
64370 1
64389 2
64395 3
64430 1
64446 1
64447 1
64476 1
64491 1
64499 1
64507 1
64537 1
64549 1
64550 1
64557 1
64572 1
64588 1
64618 1
64689 1
64703 1
64726 1
64739 1
64740 1
64765 1
64774 2
64796 1
64799 1
64823 1
64828 2
64836 1
64842 1
64859 1
64864 1
64878 1
64881 1
64990 1
65002 1
65008 1
65038 1
65054 1
65093 1
65133 1
65134 1
65140 1
65166 1
65175 1
65226 1
65227 1
65245 1
65317 1
65340 1
65364 1
65440 1
65474 2
65480 1
65490 1
65528 1
65529 1
65541 1
65607 1
65686 1
65706 1
65721 1
65760 1
65809 1
65943 1
65952 1
66015 1
66053 1
66058 1
66067 1
66086 1
66146 1
66163 1
66164 1
66201 1
66241 1
66268 1
66271 1
66295 1
66299 1
66330 1
66379 1
66430 1
66484 1
66529 1
66541 1
66557 1
66718 1
66720 1
66768 1
66783 1
66800 1
66848 1
66893 1
66909 1
66939 1
66973 1
67071 1
67085 1
67200 1
67317 1
67328 1
67433 1
67642 1
67698 1
67935 1
67984 1
68189 1
68387 1
68520 1
68621 1
68662 1
68970 1
69020 1
69178 2
69389 1
69399 1
69477 1
69615 1
69662 1
69736 1
69796 1
69888 1
69961 1
70000 1
70071 1
70098 1
70127 1
70157 1
70194 1
70210 1
70560 1
70630 1
70727 1
70777 1
70778 1
70806 1
70824 1
71086 1
71115 1
71147 1
71169 1
71197 1
71233 2
71236 1
71238 1
71240 1
71241 1
71248 1
71259 1
71270 1
71279 1
71302 1
71304 1
71308 2
71309 2
71310 1
71317 1
71330 3
71342 1
71343 1
71346 1
71350 2
71363 1
71365 1
71369 1
71372 7
71394 1
71395 2
71405 1
71416 1
71417 1
71418 1
71427 2
71435 1
71437 4
71463 1
71466 3
71472 2
71483 1
71491 1
71494 2
71498 1
71500 1
71501 3
71505 1
71506 3
71507 2
71508 1
71522 1
71524 1
71528 1
71535 1
71536 1
71537 1
71553 1
71558 1
71581 3
71607 1
71608 1
71620 1
71621 2
71644 3
71653 2
71657 1
71658 1
71660 2
71662 2
71664 3
71665 2
71685 1
