0 53736
1 129905452
2 5890671
3 1430084
4 678520
5 404817
6 269091
7 192226
8 143067
9 111256
10 88232
11 72209
12 59500
13 50129
14 42361
15 36887
16 31673
17 27435
18 24530
19 21612
20 19317
21 17436
22 15841
23 14136
24 12734
25 11660
26 10545
27 10019
28 8963
29 8413
30 7752
31 7270
32 6701
33 6194
34 5761
35 5443
36 5093
37 4939
38 4485
39 4239
40 3992
41 3858
42 3558
43 3304
44 3207
45 2954
46 2952
47 2728
48 2625
49 2454
50 2214
51 2250
52 2225
53 2002
54 2003
55 1873
56 1843
57 1718
58 1633
59 1697
60 1547
61 1505
62 1453
63 1252
64 1325
65 1238
66 1213
67 1201
68 1130
69 1128
70 1052
71 1042
72 978
73 969
74 966
75 934
76 877
77 873
78 879
79 831
80 763
81 768
82 714
83 708
84 633
85 649
86 662
87 629
88 613
89 554
90 544
91 546
92 532
93 511
94 491
95 485
96 496
97 481
98 424
99 420
100 450
101 430
102 392
103 406
104 375
105 393
106 390
107 379
108 363
109 348
110 326
111 308
112 298
113 287
114 317
115 296
116 310
117 276
118 309
119 282
120 251
121 281
122 246
123 248
124 246
125 237
126 248
127 200
128 246
129 240
130 236
131 227
132 198
133 203
134 218
135 186
136 234
137 185
138 189
139 206
140 165
141 176
142 194
143 204
144 179
145 159
146 188
147 192
148 165
149 140
150 136
151 138
152 153
153 160
154 158
155 138
156 149
157 138
158 150
159 141
160 137
161 136
162 122
163 137
164 130
165 113
166 122
167 119
168 94
169 108
170 104
171 125
172 126
173 106
174 104
175 92
176 90
177 114
178 98
179 102
180 105
181 104
182 91
183 89
184 107
185 86
186 79
187 88
188 87
189 84
190 90
191 73
192 102
193 85
194 81
195 87
196 76
197 79
198 65
199 82
200 70
201 69
202 83
203 70
204 73
205 67
206 60
207 69
208 58
209 57
210 68
211 65
212 64
213 62
214 52
215 74
216 64
217 55
218 71
219 61
220 57
221 56
222 58
223 60
224 54
225 56
226 36
227 41
228 48
229 43
230 51
231 57
232 48
233 36
234 46
235 41
236 49
237 44
238 46
239 43
240 50
241 45
242 47
243 48
244 37
245 44
246 45
247 40
248 47
249 39
250 42
251 39
252 53
253 45
254 44
255 49
256 34
257 36
258 38
259 37
260 38
261 46
262 24
263 22
264 36
265 27
266 25
267 40
268 39
269 40
270 35
271 33
272 32
273 39
274 38
275 42
276 28
277 29
278 34
279 28
280 33
281 23
282 19
283 29
284 25
285 35
286 22
287 29
288 25
289 25
290 22
291 21
292 23
293 22
294 30
295 25
296 26
297 23
298 28
299 30
300 19
301 23
302 12
303 16
304 23
305 21
306 27
307 19
308 16
309 27
310 27
311 20
312 21
313 17
314 25
315 24
316 25
317 18
318 13
319 17
320 18
321 15
322 14
323 22
324 17
325 22
326 15
327 18
328 26
329 14
330 15
331 11
332 23
333 18
334 15
335 22
336 16
337 22
338 16
339 16
340 17
341 14
342 13
343 18
344 15
345 12
346 20
347 14
348 20
349 18
350 19
351 13
352 15
353 17
354 23
355 19
356 16
357 15
358 15
359 13
360 16
361 13
362 15
363 16
364 15
365 13
366 13
367 15
368 14
369 16
370 14
371 13
372 21
373 19
374 16
375 16
376 18
377 11
378 16
379 12
380 13
381 9
382 22
383 11
384 10
385 15
386 15
387 14
388 10
389 16
390 11
391 7
392 18
393 9
394 13
395 10
396 17
397 11
398 9
399 7
400 7
401 12
402 19
403 9
404 14
405 8
406 8
407 10
408 6
409 13
410 5
411 12
412 11
413 13
414 7
415 12
416 12
417 13
418 9
419 7
420 6
421 12
422 8
423 11
424 12
425 10
426 8
427 10
428 7
429 9
430 7
431 10
432 8
433 7
434 5
435 15
436 8
437 8
438 12
439 7
440 9
441 7
442 9
443 9
444 9
445 9
446 10
447 5
448 6
449 9
450 13
451 6
452 9
453 7
454 13
455 8
456 8
457 11
458 6
459 8
460 9
461 12
462 6
463 6
464 6
465 13
466 10
467 7
468 14
469 10
470 6
471 14
472 4
473 11
474 5
475 11
476 4
477 5
478 5
479 4
480 6
481 7
482 4
483 9
484 8
485 4
486 8
487 5
488 9
489 4
490 5
491 8
492 8
493 8
494 8
495 6
496 6
497 8
498 3
499 10
500 6
501 3
502 8
503 7
505 6
506 3
507 6
508 8
509 6
510 9
511 6
512 5
513 7
514 6
515 3
516 9
517 9
518 8
519 3
520 6
521 13
522 8
523 6
524 5
525 7
526 10
527 5
528 6
529 6
530 5
531 5
532 6
533 5
534 6
535 4
536 4
537 7
538 8
539 3
540 4
541 1
542 7
543 7
544 4
545 4
546 4
547 3
548 4
549 4
550 6
551 6
552 3
553 5
554 8
555 7
556 4
557 4
558 3
560 4
561 3
562 3
563 1
564 6
565 3
566 12
567 2
568 7
569 3
570 5
571 3
572 3
573 3
574 8
575 2
576 3
577 6
578 3
579 2
580 2
581 5
582 5
583 4
584 5
586 3
587 5
588 5
589 2
590 5
591 10
592 4
593 5
594 4
595 8
596 4
597 2
598 6
599 7
600 4
601 6
602 6
603 5
605 4
606 3
607 1
608 5
609 4
610 5
611 4
612 3
613 5
614 5
615 2
616 5
617 2
618 1
619 4
620 1
621 6
622 4
623 4
624 3
625 6
626 1
627 4
628 1
629 5
630 4
631 6
632 4
633 4
634 1
635 2
636 3
637 3
638 2
639 1
640 3
641 1
642 1
643 3
644 5
645 2
646 4
647 4
648 6
649 3
650 4
651 1
652 2
653 2
654 4
655 4
656 3
657 6
658 2
659 3
660 3
662 2
663 2
664 4
665 5
666 2
667 3
668 2
669 4
670 6
671 4
672 2
673 2
674 2
675 4
676 3
677 2
678 1
679 5
680 1
681 1
682 5
683 1
684 4
685 4
686 5
688 4
689 4
690 4
691 4
692 1
693 1
694 3
695 3
697 3
698 3
699 1
700 2
701 2
702 4
703 2
704 5
705 2
706 3
707 3
708 3
709 3
710 1
711 3
712 1
713 2
714 2
715 2
716 7
717 2
718 2
719 3
720 2
721 3
722 2
723 1
724 4
725 3
726 5
728 1
729 1
731 3
732 3
733 3
734 1
735 1
736 3
738 1
740 4
741 3
742 2
743 3
744 3
745 3
746 1
747 2
748 1
749 2
750 1
751 2
754 2
755 2
756 1
757 1
758 1
759 2
760 2
761 2
762 3
763 1
764 3
765 1
766 2
768 2
769 2
770 3
771 4
773 1
775 1
776 2
777 2
779 1
780 3
781 2
782 2
783 1
784 2
785 3
786 2
787 1
788 1
789 2
790 1
791 2
793 6
794 3
795 2
796 1
797 2
798 2
799 2
800 2
801 2
802 1
803 1
804 3
805 1
806 2
807 1
808 1
809 4
810 4
811 1
812 1
813 1
814 1
815 1
816 1
817 1
818 4
819 1
820 1
824 1
825 1
826 2
827 2
828 2
831 2
833 1
834 2
835 1
836 3
837 1
838 1
839 3
840 1
841 2
842 2
845 3
846 2
847 2
848 2
851 1
853 1
854 1
855 1
856 1
857 4
858 1
861 3
863 1
864 2
865 1
866 2
867 3
869 3
871 1
872 1
874 3
875 1
876 3
879 3
880 1
883 1
885 2
886 2
888 1
889 2
890 1
891 1
892 2
893 1
895 2
896 2
897 1
898 1
900 2
902 1
904 1
905 1
906 2
907 1
908 1
909 2
910 1
912 2
916 3
918 2
919 1
924 1
926 3
927 1
929 2
930 1
931 2
933 1
934 1
935 4
937 1
938 1
939 1
940 3
941 1
942 2
943 1
944 3
946 2
947 2
948 1
951 1
952 3
953 3
954 3
956 1
957 3
958 1
959 1
961 3
962 2
963 2
964 1
965 3
966 1
967 1
969 1
970 1
972 1
974 2
977 1
978 1
980 1
982 2
983 2
984 1
986 1
992 1
995 1
996 3
998 1
999 1
1000 2
1001 1
1003 1
1004 4
1005 1
1007 3
1008 1
1009 2
1011 1
1012 2
1015 2
1016 2
1024 1
1026 2
1028 1
1029 3
1030 3
1032 1
1033 2
1034 1
1036 1
1037 2
1038 1
1039 1
1040 1
1041 1
1043 2
1044 2
1048 2
1049 1
1053 2
1055 1
1056 1
1057 1
1058 2
1060 1
1061 1
1063 1
1066 1
1068 1
1069 2
1072 2
1073 1
1077 1
1079 1
1082 2
1083 2
1084 1
1086 1
1089 1
1092 1
1094 1
1095 4
1096 1
1097 1
1101 1
1108 2
1110 1
1114 1
1115 1
1117 1
1119 2
1124 1
1126 1
1127 1
1128 1
1130 2
1131 3
1135 1
1136 1
1137 1
1141 1
1144 2
1145 1
1148 1
1150 1
1152 1
1154 1
1161 1
1162 1
1163 2
1164 2
1165 2
1167 1
1169 2
1172 1
1174 1
1175 1
1176 1
1177 1
1179 3
1180 1
1182 1
1183 1
1184 1
1186 1
1187 1
1193 1
1195 1
1198 1
1199 1
1209 3
1210 2
1212 1
1213 1
1214 1
1215 1
1216 2
1217 1
1218 1
1219 1
1220 1
1222 2
1225 1
1227 2
1228 2
1230 1
1231 1
1232 1
1233 1
1235 1
1237 1
1238 1
1239 1
1241 1
1246 1
1250 3
1252 1
1253 1
1254 3
1258 1
1259 2
1264 1
1269 2
1274 1
1276 1
1277 1
1278 1
1282 1
1283 2
1288 1
1290 1
1291 1
1293 1
1294 2
1301 2
1309 1
1310 2
1313 1
1315 1
1317 2
1318 3
1319 1
1323 1
1325 1
1327 1
1331 1
1332 1
1333 1
1338 2
1339 1
1345 1
1346 1
1348 1
1349 1
1351 1
1353 1
1354 1
1357 1
1359 1
1360 1
1361 1
1365 1
1368 1
1369 2
1381 1
1388 1
1392 1
1397 1
1399 2
1400 1
1403 2
1407 2
1408 1
1413 1
1416 1
1420 1
1423 2
1428 1
1431 1
1434 1
1435 1
1439 1
1448 1
1449 1
1452 1
1454 1
1457 1
1458 1
1460 1
1473 1
1477 1
1482 1
1485 1
1486 1
1491 1
1496 1
1498 1
1505 1
1506 2
1515 1
1520 1
1521 2
1527 1
1531 1
1538 1
1558 1
1574 1
1577 1
1580 1
1582 2
1589 1
1590 1
1595 1
1602 1
1607 2
1608 1
1609 1
1616 1
1625 1
1630 2
1643 1
1644 1
1651 1
1652 1
1653 1
1655 2
1665 1
1675 1
1683 1
1685 1
1690 1
1696 1
1698 1
1700 2
1701 1
1706 1
1711 1
1712 1
1716 1
1724 1
1725 1
1734 1
1735 1
1739 1
1742 1
1745 1
1751 1
1759 2
1775 1
1780 1
1782 2
1783 1
1806 1
1811 1
1814 1
1826 1
1829 2
1838 1
1840 1
1846 1
1857 1
1858 1
1880 1
1884 1
1891 1
1906 1
1912 2
1915 2
1923 1
1928 1
1932 3
1954 2
1960 1
1961 2
1966 1
1976 1
1977 1
1988 2
1993 1
2010 1
2017 1
2044 1
2050 1
2066 1
2071 1
2088 1
2102 1
2108 1
2114 1
2131 1
2179 1
2191 1
2207 1
2209 1
2211 1
2259 1
2316 1
2322 1
2327 2
2340 1
2351 1
2355 1
2362 1
2387 1
2466 1
2519 1
2527 1
2528 1
2556 1
2573 1
2574 1
2673 1
2708 1
2721 1
2725 1
2729 1
2785 1
2798 1
2852 1
2885 1
2909 1
2915 1
2995 1
3017 1
3029 1
3141 1
3190 1
3197 1
3237 1
3253 1
3263 1
3448 1
3776 1
3832 1
3855 1
3974 1
3994 1
4054 1
4217 1
4559 1
4597 1
4709 1
4792 1
5068 1
5330 1
5685 1
5736 1
5942 1
5946 1
6142 1
9397 1
9560 1
9609 1
12395 1
12740 1
14500 1
17750 1
18642 1
19546 1
24502 1
25749 1
36283 1
53132 1
55035 1
117690 1
133078 1
10801727 1
