0 44064
1 92104696
2 16771356
3 6625885
4 3640082
5 2497377
6 1825587
7 1441506
8 1167519
9 952384
10 804364
11 700378
12 612230
13 541779
14 480566
15 438219
16 398556
17 363896
18 336423
19 305007
20 284831
21 265159
22 247111
23 229923
24 217730
25 206831
26 190215
27 181504
28 172220
29 162305
30 153919
31 147922
32 135266
33 130435
34 122200
35 113459
36 110559
37 109417
38 104203
39 99736
40 96388
41 93282
42 97081
43 88433
44 86220
45 81977
46 78641
47 74191
48 72238
49 69611
50 67596
51 64583
52 62556
53 60698
54 58362
55 59433
56 55764
57 52014
58 50812
59 49323
60 47795
61 46822
62 46474
63 44461
64 43028
65 41001
66 39796
67 38668
68 37722
69 36636
70 35695
71 35142
72 35150
73 33296
74 33752
75 32378
76 30958
77 31545
78 32651
79 31779
80 29660
81 27986
82 26888
83 26436
84 26339
85 25197
86 25277
87 25461
88 23533
89 23668
90 23643
91 23623
92 21899
93 21429
94 20439
95 20653
96 20400
97 20641
98 19329
99 19310
100 19448
101 19333
102 19787
103 18618
104 19336
105 17778
106 17917
107 17150
108 18194
109 16627
110 16370
111 15682
112 15360
113 14770
114 15358
115 14573
116 13952
117 14600
118 13870
119 13111
120 13033
121 12465
122 12969
123 12417
124 12241
125 12110
126 12629
127 12209
128 12057
129 11545
130 11672
131 12763
132 12303
133 12332
134 11358
135 10998
136 10515
137 10558
138 9918
139 10453
140 10218
141 10736
142 10038
143 9174
144 9248
145 9310
146 9041
147 8723
148 9132
149 8416
150 8301
151 8246
152 8099
153 7934
154 8020
155 8098
156 7852
157 7373
158 7611
159 7149
160 6903
161 6804
162 7243
163 6962
164 6704
165 6335
166 6562
167 6744
168 6482
169 6178
170 6146
171 6054
172 6716
173 6094
174 5863
175 5690
176 6000
177 5778
178 5931
179 5524
180 5889
181 5474
182 5637
183 5212
184 5291
185 5400
186 5530
187 5203
188 5973
189 5729
190 5687
191 6218
192 6212
193 5038
194 4907
195 5271
196 4922
197 5132
198 4615
199 5259
200 4793
201 4438
202 4604
203 4224
204 4020
205 4047
206 4068
207 3966
208 3860
209 3816
210 3855
211 3941
212 3836
213 3678
214 3407
215 3471
216 3452
217 3269
218 3414
219 3354
220 3483
221 3390
222 3485
223 3354
224 3266
225 3320
226 3134
227 3337
228 3393
229 3507
230 3279
231 3390
232 3411
233 3198
234 3209
235 3312
236 3139
237 3267
238 3238
239 2944
240 2927
241 2908
242 2919
243 2997
244 2816
245 2913
246 2912
247 2928
248 2826
249 2558
250 2490
251 2483
252 2521
253 2617
254 2462
255 2593
256 2332
257 2586
258 2536
259 2676
260 2630
261 2630
262 2592
263 2770
264 2654
265 2437
266 2442
267 2523
268 2371
269 2328
270 2793
271 2594
272 2391
273 2349
274 2447
275 2278
276 2340
277 2281
278 2297
279 2318
280 2153
281 2214
282 2278
283 2487
284 2322
285 2477
286 2535
287 2589
288 2318
289 2303
290 2321
291 2194
292 2447
293 2318
294 2155
295 2117
296 2011
297 1978
298 2025
299 2337
300 2220
301 2070
302 2290
303 2112
304 2012
305 2027
306 2053
307 2012
308 2053
309 2052
310 1836
311 1975
312 2088
313 1880
314 2233
315 3280
316 3429
317 2928
318 3044
319 2810
320 2193
321 1972
322 2055
323 1909
324 1909
325 2046
326 2151
327 2111
328 1952
329 2051
330 2112
331 2092
332 1743
333 1640
334 1693
335 1559
336 1591
337 1638
338 1808
339 1871
340 1661
341 1945
342 1499
343 1548
344 1555
345 1664
346 1656
347 1626
348 1582
349 1453
350 1447
351 1527
352 1527
353 1512
354 1551
355 1412
356 1378
357 1378
358 1370
359 1496
360 1476
361 1530
362 1360
363 1351
364 1359
365 1389
366 1270
367 1257
368 1346
369 1499
370 1544
371 1500
372 1314
373 1334
374 1272
375 1252
376 1149
377 1063
378 1116
379 1132
380 1118
381 1022
382 1081
383 1125
384 1168
385 1051
386 1088
387 1010
388 1087
389 1074
390 924
391 976
392 1000
393 1100
394 932
395 907
396 938
397 913
398 965
399 1019
400 910
401 1004
402 902
403 1036
404 966
405 967
406 917
407 956
408 897
409 1025
410 979
411 1030
412 1005
413 1021
414 1016
415 997
416 980
417 1065
418 1006
419 967
420 948
421 908
422 1001
423 986
424 1047
425 972
426 1053
427 1069
428 994
429 989
430 963
431 936
432 945
433 959
434 894
435 863
436 875
437 784
438 875
439 907
440 903
441 956
442 911
443 939
444 1001
445 938
446 928
447 885
448 854
449 835
450 910
451 897
452 770
453 816
454 884
455 865
456 865
457 763
458 671
459 754
460 784
461 843
462 750
463 847
464 772
465 802
466 791
467 796
468 775
469 929
470 913
471 891
472 836
473 841
474 779
475 861
476 831
477 784
478 746
479 717
480 862
481 740
482 731
483 887
484 805
485 794
486 779
487 781
488 849
489 761
490 773
491 791
492 721
493 701
494 722
495 720
496 658
497 689
498 685
499 696
500 713
501 747
502 708
503 675
504 613
505 618
506 1246
507 849
508 766
509 728
510 781
511 793
512 736
513 705
514 695
515 649
516 782
517 666
518 649
519 629
520 619
521 676
522 661
523 609
524 799
525 598
526 610
527 655
528 821
529 703
530 636
531 600
532 621
533 625
534 571
535 593
536 573
537 611
538 533
539 574
540 542
541 514
542 470
543 567
544 564
545 519
546 519
547 462
548 489
549 514
550 571
551 564
552 488
553 460
554 561
555 469
556 524
557 468
558 471
559 491
560 510
561 476
562 512
563 490
564 566
565 478
566 500
567 442
568 503
569 509
570 447
571 456
572 437
573 443
574 436
575 448
576 440
577 469
578 466
579 442
580 445
581 450
582 406
583 420
584 423
585 507
586 445
587 401
588 467
589 438
590 440
591 411
592 463
593 410
594 400
595 399
596 453
597 548
598 440
599 382
600 404
601 351
602 378
603 387
604 376
605 395
606 381
607 306
608 340
609 358
610 357
611 431
612 395
613 304
614 345
615 322
616 351
617 342
618 362
619 320
620 344
621 309
622 343
623 370
624 340
625 365
626 387
627 381
628 372
629 327
630 335
631 358
632 360
633 276
634 305
635 287
636 261
637 259
638 281
639 288
640 402
641 372
642 282
643 278
644 346
645 395
646 373
647 383
648 329
649 322
650 263
651 310
652 363
653 302
654 365
655 415
656 333
657 288
658 302
659 278
660 294
661 257
662 276
663 271
664 262
665 286
666 289
667 266
668 276
669 204
670 274
671 258
672 212
673 223
674 233
675 182
676 214
677 210
678 208
679 244
680 334
681 305
682 207
683 201
684 232
685 200
686 219
687 220
688 245
689 220
690 225
691 198
692 209
693 213
694 235
695 239
696 210
697 213
698 230
699 252
700 232
701 228
702 213
703 220
704 236
705 190
706 206
707 207
708 207
709 239
710 217
711 242
712 238
713 245
714 242
715 236
716 207
717 260
718 284
719 258
720 235
721 249
722 257
723 245
724 227
725 258
726 269
727 244
728 226
729 284
730 277
731 284
732 231
733 254
734 216
735 187
736 236
737 275
738 216
739 200
740 235
741 221
742 273
743 200
744 195
745 190
746 198
747 193
748 213
749 217
750 237
751 212
752 237
753 212
754 220
755 195
756 202
757 226
758 198
759 169
760 190
761 225
762 214
763 244
764 211
765 198
766 238
767 245
768 215
769 172
770 196
771 209
772 220
773 190
774 211
775 195
776 216
777 192
778 183
779 171
780 170
781 180
782 198
783 210
784 179
785 178
786 228
787 177
788 207
789 175
790 195
791 197
792 208
793 212
794 232
795 209
796 227
797 210
798 252
799 218
800 216
801 193
802 198
803 219
804 182
805 154
806 194
807 185
808 185
809 218
810 236
811 205
812 192
813 184
814 187
815 169
816 185
817 194
818 207
819 277
820 239
821 239
822 229
823 301
824 275
825 363
826 423
827 199
828 215
829 181
830 203
831 590
832 601
833 481
834 341
835 266
836 262
837 237
838 222
839 261
840 241
841 195
842 186
843 190
844 239
845 207
846 204
847 195
848 227
849 216
850 158
851 168
852 201
853 179
854 188
855 164
856 176
857 215
858 183
859 171
860 147
861 159
862 160
863 130
864 183
865 143
866 154
867 148
868 173
869 154
870 221
871 192
872 171
873 227
874 153
875 175
876 168
877 184
878 208
879 231
880 185
881 188
882 176
883 181
884 172
885 174
886 215
887 188
888 207
889 198
890 250
891 216
892 232
893 244
894 224
895 248
896 267
897 254
898 261
899 186
900 158
901 190
902 207
903 192
904 184
905 173
906 161
907 191
908 141
909 167
910 182
911 156
912 161
913 144
914 146
915 118
916 141
917 135
918 156
919 150
920 147
921 160
922 237
923 205
924 140
925 234
926 175
927 210
928 155
929 134
930 172
931 175
932 169
933 158
934 181
935 179
936 163
937 157
938 220
939 165
940 177
941 144
942 183
943 140
944 138
945 121
946 136
947 153
948 144
949 120
950 143
951 132
952 146
953 131
954 137
955 137
956 131
957 137
958 131
959 131
960 152
961 172
962 148
963 164
964 148
965 148
966 133
967 152
968 141
969 149
970 121
971 136
972 157
973 146
974 128
975 142
976 138
977 139
978 132
979 158
980 151
981 150
982 130
983 125
984 171
985 123
986 133
987 131
988 119
989 126
990 111
991 136
992 154
993 144
994 118
995 109
996 151
997 131
998 131
999 183
1000 146
1001 134
1002 119
1003 134
1004 142
1005 122
1006 184
1007 149
1008 126
1009 128
1010 119
1011 119
1012 144
1013 118
1014 143
1015 107
1016 133
1017 110
1018 129
1019 114
1020 105
1021 137
1022 155
1023 181
1024 123
1025 149
1026 109
1027 101
1028 121
1029 91
1030 117
1031 129
1032 129
1033 122
1034 121
1035 94
1036 125
1037 124
1038 111
1039 119
1040 105
1041 106
1042 107
1043 94
1044 123
1045 81
1046 102
1047 94
1048 92
1049 110
1050 109
1051 65
1052 134
1053 99
1054 90
1055 100
1056 93
1057 90
1058 100
1059 81
1060 75
1061 75
1062 88
1063 77
1064 95
1065 84
1066 82
1067 88
1068 83
1069 75
1070 70
1071 67
1072 63
1073 113
1074 91
1075 81
1076 75
1077 98
1078 95
1079 78
1080 87
1081 82
1082 72
1083 77
1084 80
1085 98
1086 89
1087 101
1088 91
1089 109
1090 148
1091 183
1092 157
1093 98
1094 86
1095 82
1096 117
1097 85
1098 95
1099 102
1100 139
1101 89
1102 95
1103 123
1104 105
1105 154
1106 129
1107 174
1108 199
1109 106
1110 70
1111 105
1112 75
1113 74
1114 95
1115 76
1116 86
1117 88
1118 78
1119 92
1120 96
1121 60
1122 84
1123 78
1124 79
1125 65
1126 94
1127 65
1128 92
1129 93
1130 61
1131 65
1132 78
1133 99
1134 93
1135 81
1136 88
1137 88
1138 81
1139 107
1140 73
1141 80
1142 71
1143 123
1144 87
1145 82
1146 91
1147 73
1148 84
1149 91
1150 68
1151 82
1152 95
1153 85
1154 83
1155 75
1156 65
1157 78
1158 94
1159 61
1160 79
1161 69
1162 63
1163 61
1164 65
1165 77
1166 62
1167 68
1168 68
1169 74
1170 67
1171 70
1172 58
1173 83
1174 79
1175 56
1176 62
1177 79
1178 59
1179 63
1180 63
1181 54
1182 52
1183 61
1184 53
1185 71
1186 66
1187 78
1188 60
1189 50
1190 83
1191 79
1192 80
1193 64
1194 63
1195 70
1196 61
1197 65
1198 75
1199 67
1200 64
1201 95
1202 86
1203 87
1204 69
1205 77
1206 55
1207 51
1208 79
1209 53
1210 57
1211 60
1212 76
1213 73
1214 65
1215 60
1216 72
1217 79
1218 71
1219 65
1220 78
1221 77
1222 79
1223 52
1224 77
1225 70
1226 73
1227 58
1228 67
1229 63
1230 88
1231 61
1232 56
1233 61
1234 48
1235 50
1236 57
1237 54
1238 48
1239 45
1240 45
1241 45
1242 67
1243 56
1244 60
1245 47
1246 46
1247 68
1248 67
1249 60
1250 54
1251 58
1252 70
1253 60
1254 72
1255 46
1256 54
1257 51
1258 54
1259 88
1260 68
1261 70
1262 66
1263 71
1264 71
1265 86
1266 65
1267 64
1268 62
1269 63
1270 68
1271 68
1272 67
1273 66
1274 50
1275 60
1276 52
1277 76
1278 59
1279 64
1280 63
1281 66
1282 63
1283 55
1284 65
1285 66
1286 58
1287 66
1288 50
1289 75
1290 65
1291 68
1292 59
1293 61
1294 60
1295 53
1296 57
1297 61
1298 53
1299 51
1300 65
1301 65
1302 55
1303 40
1304 55
1305 70
1306 54
1307 52
1308 60
1309 48
1310 57
1311 67
1312 58
1313 64
1314 53
1315 63
1316 66
1317 55
1318 62
1319 59
1320 73
1321 57
1322 56
1323 68
1324 66
1325 80
1326 67
1327 53
1328 66
1329 76
1330 71
1331 70
1332 53
1333 41
1334 45
1335 80
1336 77
1337 69
1338 74
1339 80
1340 71
1341 56
1342 50
1343 67
1344 65
1345 59
1346 69
1347 49
1348 70
1349 71
1350 95
1351 86
1352 59
1353 78
1354 68
1355 75
1356 83
1357 78
1358 68
1359 78
1360 87
1361 60
1362 70
1363 51
1364 63
1365 57
1366 60
1367 58
1368 63
1369 42
1370 64
1371 53
1372 54
1373 62
1374 45
1375 51
1376 64
1377 51
1378 42
1379 62
1380 55
1381 53
1382 52
1383 59
1384 63
1385 68
1386 70
1387 56
1388 68
1389 61
1390 47
1391 43
1392 56
1393 66
1394 65
1395 73
1396 55
1397 67
1398 94
1399 48
1400 77
1401 43
1402 69
1403 58
1404 59
1405 56
1406 62
1407 47
1408 47
1409 50
1410 59
1411 53
1412 43
1413 72
1414 63
1415 52
1416 61
1417 42
1418 45
1419 64
1420 34
1421 40
1422 50
1423 51
1424 44
1425 54
1426 44
1427 48
1428 39
1429 46
1430 57
1431 61
1432 35
1433 46
1434 56
1435 46
1436 52
1437 77
1438 57
1439 55
1440 44
1441 48
1442 45
1443 48
1444 48
1445 42
1446 49
1447 30
1448 67
1449 43
1450 44
1451 42
1452 53
1453 46
1454 58
1455 45
1456 64
1457 58
1458 55
1459 52
1460 49
1461 49
1462 45
1463 43
1464 40
1465 44
1466 52
1467 49
1468 45
1469 44
1470 53
1471 47
1472 41
1473 44
1474 29
1475 47
1476 47
1477 48
1478 52
1479 45
1480 33
1481 53
1482 29
1483 56
1484 52
1485 34
1486 48
1487 35
1488 40
1489 53
1490 43
1491 42
1492 35
1493 42
1494 45
1495 49
1496 45
1497 34
1498 29
1499 31
1500 41
1501 41
1502 46
1503 39
1504 28
1505 27
1506 39
1507 55
1508 42
1509 29
1510 39
1511 58
1512 48
1513 48
1514 36
1515 31
1516 38
1517 36
1518 39
1519 46
1520 38
1521 39
1522 44
1523 28
1524 42
1525 39
1526 52
1527 40
1528 36
1529 46
1530 46
1531 53
1532 40
1533 34
1534 32
1535 52
1536 36
1537 27
1538 29
1539 41
1540 58
1541 27
1542 46
1543 46
1544 41
1545 27
1546 29
1547 41
1548 40
1549 52
1550 64
1551 45
1552 66
1553 38
1554 36
1555 39
1556 40
1557 42
1558 28
1559 33
1560 38
1561 42
1562 32
1563 38
1564 29
1565 36
1566 30
1567 29
1568 31
1569 46
1570 18
1571 31
1572 33
1573 42
1574 40
1575 41
1576 27
1577 30
1578 45
1579 48
1580 42
1581 42
1582 49
1583 79
1584 29
1585 36
1586 27
1587 35
1588 48
1589 44
1590 38
1591 42
1592 62
1593 31
1594 49
1595 30
1596 30
1597 49
1598 51
1599 64
1600 45
1601 34
1602 34
1603 63
1604 44
1605 40
1606 51
1607 61
1608 45
1609 29
1610 58
1611 42
1612 33
1613 36
1614 35
1615 44
1616 35
1617 27
1618 50
1619 34
1620 30
1621 37
1622 40
1623 41
1624 39
1625 38
1626 36
1627 32
1628 47
1629 40
1630 37
1631 40
1632 35
1633 33
1634 38
1635 33
1636 43
1637 59
1638 56
1639 58
1640 44
1641 48
1642 45
1643 38
1644 36
1645 32
1646 32
1647 46
1648 44
1649 30
1650 31
1651 25
1652 34
1653 33
1654 29
1655 39
1656 26
1657 43
1658 32
1659 29
1660 24
1661 36
1662 45
1663 45
1664 38
1665 47
1666 52
1667 39
1668 44
1669 27
1670 46
1671 34
1672 46
1673 45
1674 28
1675 42
1676 46
1677 28
1678 49
1679 41
1680 25
1681 42
1682 34
1683 33
1684 36
1685 116
1686 44
1687 33
1688 38
1689 43
1690 38
1691 40
1692 42
1693 47
1694 34
1695 22
1696 30
1697 29
1698 31
1699 36
1700 29
1701 31
1702 32
1703 31
1704 44
1705 38
1706 34
1707 35
1708 36
1709 34
1710 29
1711 29
1712 41
1713 37
1714 40
1715 32
1716 36
1717 28
1718 46
1719 33
1720 23
1721 27
1722 34
1723 34
1724 40
1725 44
1726 31
1727 38
1728 31
1729 38
1730 46
1731 33
1732 39
1733 26
1734 35
1735 32
1736 44
1737 39
1738 39
1739 40
1740 54
1741 38
1742 39
1743 45
1744 50
1745 46
1746 37
1747 49
1748 49
1749 53
1750 36
1751 36
1752 43
1753 47
1754 39
1755 40
1756 36
1757 47
1758 40
1759 62
1760 47
1761 65
1762 37
1763 43
1764 39
1765 50
1766 48
1767 49
1768 48
1769 40
1770 58
1771 52
1772 56
1773 54
1774 40
1775 39
1776 40
1777 54
1778 49
1779 53
1780 50
1781 39
1782 35
1783 50
1784 42
1785 45
1786 56
1787 62
1788 51
1789 31
1790 26
1791 42
1792 61
1793 59
1794 64
1795 57
1796 54
1797 43
1798 45
1799 45
1800 39
1801 46
1802 37
1803 41
1804 28
1805 52
1806 48
1807 48
1808 47
1809 58
1810 68
1811 71
1812 61
1813 84
1814 66
1815 44
1816 51
1817 26
1818 39
1819 51
1820 50
1821 39
1822 43
1823 48
1824 40
1825 40
1826 39
1827 38
1828 33
1829 26
1830 27
1831 38
1832 28
1833 33
1834 27
1835 36
1836 28
1837 33
1838 23
1839 39
1840 21
1841 23
1842 25
1843 32
1844 39
1845 25
1846 21
1847 37
1848 55
1849 42
1850 32
1851 38
1852 34
1853 19
1854 32
1855 32
1856 32
1857 31
1858 29
1859 18
1860 21
1861 31
1862 28
1863 31
1864 36
1865 38
1866 28
1867 34
1868 24
1869 29
1870 25
1871 50
1872 41
1873 29
1874 39
1875 51
1876 42
1877 48
1878 49
1879 44
1880 43
1881 49
1882 44
1883 33
1884 38
1885 36
1886 37
1887 37
1888 23
1889 25
1890 20
1891 26
1892 22
1893 14
1894 22
1895 29
1896 26
1897 25
1898 29
1899 31
1900 36
1901 27
1902 37
1903 32
1904 23
1905 22
1906 38
1907 26
1908 19
1909 24
1910 35
1911 26
1912 27
1913 22
1914 37
1915 27
1916 25
1917 43
1918 27
1919 35
1920 37
1921 24
1922 29
1923 23
1924 40
1925 30
1926 30
1927 41
1928 23
1929 29
1930 34
1931 20
1932 29
1933 13
1934 29
1935 43
1936 23
1937 25
1938 22
1939 27
1940 27
1941 22
1942 24
1943 35
1944 16
1945 27
1946 24
1947 28
1948 44
1949 33
1950 26
1951 22
1952 37
1953 33
1954 29
1955 34
1956 38
1957 42
1958 28
1959 21
1960 31
1961 27
1962 26
1963 42
1964 29
1965 23
1966 43
1967 40
1968 26
1969 39
1970 36
1971 24
1972 53
1973 29
1974 32
1975 24
1976 20
1977 32
1978 25
1979 37
1980 26
1981 37
1982 25
1983 25
1984 28
1985 31
1986 32
1987 29
1988 30
1989 32
1990 28
1991 34
1992 28
1993 36
1994 42
1995 29
1996 36
1997 27
1998 30
1999 37
2000 32
2001 21
2002 25
2003 22
2004 28
2005 26
2006 23
2007 23
2008 23
2009 39
2010 25
2011 34
2012 40
2013 36
2014 28
2015 32
2016 34
2017 23
2018 21
2019 23
2020 25
2021 33
2022 25
2023 29
2024 23
2025 30
2026 34
2027 28
2028 26
2029 24
2030 32
2031 27
2032 33
2033 37
2034 28
2035 34
2036 40
2037 24
2038 30
2039 22
2040 27
2041 26
2042 14
2043 21
2044 21
2045 33
2046 37
2047 40
2048 26
2049 48
2050 33
2051 36
2052 40
2053 41
2054 38
2055 31
2056 30
2057 32
2058 38
2059 21
2060 30
2061 29
2062 30
2063 33
2064 21
2065 25
2066 21
2067 22
2068 31
2069 28
2070 34
2071 23
2072 21
2073 26
2074 26
2075 93
2076 26
2077 22
2078 32
2079 29
2080 31
2081 31
2082 36
2083 29
2084 22
2085 34
2086 31
2087 34
2088 35
2089 32
2090 52
2091 37
2092 17
2093 25
2094 14
2095 35
2096 37
2097 33
2098 29
2099 33
2100 32
2101 33
2102 41
2103 28
2104 38
2105 36
2106 20
2107 30
2108 19
2109 22
2110 20
2111 24
2112 27
2113 38
2114 32
2115 24
2116 26
2117 30
2118 30
2119 36
2120 33
2121 27
2122 21
2123 29
2124 11
2125 36
2126 19
2127 20
2128 21
2129 33
2130 57
2131 25
2132 37
2133 41
2134 37
2135 31
2136 33
2137 22
2138 23
2139 33
2140 21
2141 22
2142 17
2143 20
2144 16
2145 36
2146 21
2147 21
2148 32
2149 26
2150 21
2151 35
2152 25
2153 20
2154 29
2155 34
2156 32
2157 26
2158 27
2159 29
2160 25
2161 28
2162 20
2163 20
2164 17
2165 34
2166 28
2167 27
2168 34
2169 40
2170 27
2171 18
2172 33
2173 21
2174 20
2175 18
2176 18
2177 6
2178 27
2179 26
2180 19
2181 25
2182 14
2183 17
2184 25
2185 19
2186 24
2187 26
2188 26
2189 30
2190 25
2191 24
2192 9
2193 22
2194 14
2195 9
2196 26
2197 13
2198 27
2199 9
2200 16
2201 20
2202 13
2203 10
2204 15
2205 22
2206 20
2207 15
2208 11
2209 28
2210 20
2211 14
2212 16
2213 11
2214 18
2215 18
2216 21
2217 26
2218 11
2219 28
2220 27
2221 22
2222 31
2223 30
2224 30
2225 34
2226 23
2227 18
2228 26
2229 25
2230 29
2231 27
2232 20
2233 17
2234 18
2235 16
2236 19
2237 28
2238 26
2239 28
2240 10
2241 19
2242 15
2243 24
2244 13
2245 11
2246 27
2247 26
2248 18
2249 17
2250 26
2251 24
2252 26
2253 15
2254 21
2255 24
2256 15
2257 24
2258 12
2259 31
2260 26
2261 15
2262 23
2263 15
2264 30
2265 23
2266 19
2267 12
2268 15
2269 23
2270 21
2271 24
2272 16
2273 18
2274 14
2275 6
2276 16
2277 18
2278 25
2279 23
2280 21
2281 20
2282 23
2283 21
2284 18
2285 21
2286 27
2287 20
2288 19
2289 16
2290 17
2291 22
2292 19
2293 19
2294 24
2295 20
2296 17
2297 18
2298 22
2299 26
2300 26
2301 27
2302 10
2303 18
2304 15
2305 18
2306 27
2307 18
2308 19
2309 19
2310 24
2311 20
2312 21
2313 13
2314 22
2315 22
2316 14
2317 18
2318 18
2319 22
2320 18
2321 9
2322 12
2323 15
2324 22
2325 23
2326 17
2327 18
2328 18
2329 11
2330 24
2331 10
2332 17
2333 7
2334 17
2335 20
2336 16
2337 14
2338 20
2339 17
2340 15
2341 11
2342 12
2343 17
2344 11
2345 14
2346 19
2347 13
2348 10
2349 13
2350 17
2351 25
2352 17
2353 11
2354 15
2355 10
2356 11
2357 14
2358 18
2359 24
2360 21
2361 22
2362 17
2363 21
2364 22
2365 26
2366 29
2367 20
2368 15
2369 17
2370 17
2371 19
2372 20
2373 16
2374 21
2375 18
2376 6
2377 24
2378 19
2379 21
2380 25
2381 16
2382 13
2383 17
2384 10
2385 9
2386 9
2387 4
2388 9
2389 14
2390 13
2391 5
2392 17
2393 17
2394 14
2395 14
2396 18
2397 7
2398 10
2399 11
2400 10
2401 9
2402 10
2403 10
2404 24
2405 7
2406 9
2407 18
2408 22
2409 9
2410 6
2411 14
2412 16
2413 17
2414 21
2415 11
2416 13
2417 3
2418 7
2419 15
2420 6
2421 7
2422 10
2423 10
2424 6
2425 14
2426 10
2427 5
2428 14
2429 9
2430 8
2431 19
2432 27
2433 53
2434 17
2435 11
2436 20
2437 19
2438 8
2439 16
2440 16
2441 12
2442 12
2443 16
2444 23
2445 20
2446 13
2447 33
2448 9
2449 3
2450 9
2451 16
2452 11
2453 8
2454 16
2455 13
2456 32
2457 21
2458 12
2459 15
2460 18
2461 16
2462 14
2463 48
2464 24
2465 21
2466 21
2467 15
2468 20
2469 10
2470 11
2471 18
2472 10
2473 11
2474 7
2475 8
2476 9
2477 5
2478 12
2479 3
2480 6
2481 20
2482 9
2483 8
2484 13
2485 9
2486 8
2487 7
2488 13
2489 4
2490 9
2491 7
2492 8
2493 5
2494 6
2495 9
2496 9
2497 6
2498 8
2499 10
2500 7
2501 4
2502 9
2503 10
2504 2
2505 18
2506 8
2507 10
2508 7
2509 8
2510 10
2511 3
2512 3
2513 10
2514 8
2515 9
2516 13
2517 4
2518 7
2519 10
2520 12
2521 3
2522 9
2523 15
2524 10
2525 6
2526 7
2527 7
2528 7
2529 9
2530 11
2531 5
2532 5
2533 8
2534 13
2535 15
2536 8
2537 8
2538 8
2539 10
2540 10
2541 7
2542 7
2543 18
2544 18
2545 11
2546 6
2547 8
2548 9
2549 13
2550 15
2551 17
2552 13
2553 12
2554 13
2555 5
2556 10
2557 14
2558 11
2559 5
2560 7
2561 12
2562 9
2563 6
2564 9
2565 9
2566 11
2567 7
2568 10
2569 16
2570 9
2571 16
2572 15
2573 15
2574 10
2575 9
2576 15
2577 7
2578 14
2579 13
2580 16
2581 22
2582 16
2583 16
2584 8
2585 11
2586 13
2587 8
2588 15
2589 11
2590 6
2591 13
2592 7
2593 9
2594 12
2595 14
2596 12
2597 11
2598 13
2599 8
2600 6
2601 13
2602 16
2603 3
2604 8
2605 12
2606 4
2607 8
2608 9
2609 6
2610 7
2611 14
2612 9
2613 7
2614 9
2615 9
2616 9
2617 14
2618 6
2619 6
2620 9
2621 11
2622 10
2623 13
2624 12
2625 7
2626 4
2627 5
2628 6
2629 6
2630 6
2631 10
2632 11
2633 7
2634 17
2635 12
2636 11
2637 15
2638 11
2639 18
2640 15
2641 14
2642 5
2643 11
2644 7
2645 5
2646 16
2647 16
2648 14
2649 5
2650 5
2651 2
2652 1
2653 9
2654 5
2655 3
2656 3
2657 5
2658 10
2659 10
2660 13
2661 5
2662 10
2663 7
2664 13
2665 7
2666 10
2667 4
2668 10
2669 7
2670 8
2671 15
2672 13
2673 8
2674 7
2675 8
2676 8
2677 9
2678 6
2679 7
2680 6
2681 12
2682 7
2683 7
2684 6
2685 10
2686 8
2687 5
2688 3
2689 4
2690 14
2691 15
2692 19
2693 22
2694 10
2695 9
2696 18
2697 5
2698 7
2699 4
2700 13
2701 7
2702 7
2703 7
2704 10
2705 3
2706 7
2707 6
2708 6
2709 8
2710 14
2711 2
2712 5
2713 4
2714 6
2715 4
2716 8
2717 5
2718 7
2719 8
2720 9
2721 4
2722 8
2723 8
2724 7
2725 6
2726 9
2727 6
2728 8
2729 6
2730 8
2731 6
2732 6
2733 4
2734 9
2735 3
2736 9
2737 10
2738 11
2739 4
2740 8
2741 9
2742 8
2743 4
2744 5
2745 11
2746 11
2747 7
2748 2
2749 9
2750 12
2751 4
2752 8
2753 8
2754 9
2755 9
2756 8
2757 10
2758 10
2759 8
2760 9
2761 2
2762 11
2763 8
2764 4
2765 4
2766 7
2767 12
2768 6
2769 2
2770 4
2771 4
2772 3
2773 6
2774 7
2775 9
2776 6
2777 12
2778 4
2779 3
2780 8
2781 15
2782 5
2783 7
2784 2
2785 7
2786 3
2787 6
2788 3
2789 10
2790 7
2791 7
2792 9
2793 9
2794 11
2795 12
2796 8
2797 11
2798 6
2799 6
2800 10
2801 6
2802 6
2803 5
2804 7
2805 13
2806 6
2807 7
2808 8
2809 2
2810 12
2811 6
2812 5
2813 5
2814 5
2815 7
2816 8
2817 7
2818 8
2819 7
2820 2
2821 7
2822 8
2823 11
2824 10
2825 10
2826 11
2827 16
2828 8
2829 8
2830 10
2831 13
2832 16
2833 11
2834 15
2835 7
2836 6
2837 8
2838 15
2839 5
2840 3
2841 7
2842 2
2843 9
2844 4
2845 9
2846 9
2847 5
2848 9
2849 5
2850 9
2851 6
2852 7
2853 9
2854 7
2855 9
2856 5
2857 8
2858 6
2859 7
2860 6
2861 10
2862 4
2863 4
2864 8
2865 7
2866 9
2867 7
2868 11
2869 7
2870 3
2871 8
2872 9
2873 10
2874 11
2875 8
2876 7
2877 13
2878 6
2879 4
2880 15
2881 10
2882 8
2883 14
2884 10
2885 11
2886 3
2887 4
2888 8
2889 3
2890 10
2891 6
2892 8
2893 6
2894 9
2895 7
2896 9
2897 5
2898 10
2899 7
2900 7
2901 5
2902 7
2903 2
2904 9
2905 8
2906 6
2907 10
2908 8
2909 6
2910 13
2911 4
2912 7
2913 8
2914 3
2915 3
2916 9
2917 5
2918 1
2919 4
2920 8
2921 11
2922 5
2923 6
2924 13
2925 5
2926 8
2927 7
2928 9
2929 6
2930 6
2931 3
2932 7
2933 8
2934 1
2935 4
2936 5
2937 6
2938 8
2939 4
2940 3
2941 5
2942 4
2943 3
2944 7
2945 8
2946 6
2947 8
2948 17
2949 12
2950 13
2951 10
2952 7
2953 9
2954 9
2955 10
2956 5
2957 10
2958 6
2959 5
2960 14
2961 4
2962 16
2963 5
2964 18
2965 6
2966 12
2967 5
2968 7
2969 5
2970 9
2971 15
2972 5
2973 8
2974 9
2975 9
2976 5
2977 12
2978 7
2979 19
2980 4
2981 6
2982 10
2983 9
2984 9
2985 12
2986 6
2987 14
2988 13
2989 11
2990 6
2991 12
2992 5
2993 8
2994 8
2995 7
2996 9
2997 13
2998 16
2999 9
3000 11
3001 12
3002 16
3003 3
3004 7
3005 8
3006 6
3007 9
3008 7
3009 5
3010 1
3011 4
3012 3
3013 6
3014 5
3015 10
3016 9
3017 6
3018 2
3019 6
3020 10
3021 6
3022 11
3023 10
3024 15
3025 13
3026 11
3027 6
3028 10
3029 9
3030 13
3031 12
3032 16
3033 10
3034 12
3035 9
3036 9
3037 13
3038 15
3039 5
3040 8
3041 9
3042 7
3043 11
3044 6
3045 13
3046 12
3047 10
3048 14
3049 5
3050 10
3051 8
3052 11
3053 8
3054 4
3055 8
3056 10
3057 10
3058 13
3059 10
3060 10
3061 12
3062 12
3063 8
3064 11
3065 7
3066 6
3067 12
3068 7
3069 8
3070 6
3071 9
3072 11
3073 16
3074 9
3075 9
3076 8
3077 10
3078 4
3079 11
3080 6
3081 9
3082 8
3083 15
3084 7
3085 7
3086 8
3087 7
3088 1
3089 10
3090 7
3091 11
3092 14
3093 14
3094 15
3095 8
3096 8
3097 5
3098 10
3099 15
3100 2
3101 11
3102 8
3103 11
3104 26
3105 13
3106 17
3107 6
3108 16
3109 9
3110 11
3111 5
3112 11
3113 8
3114 11
3115 11
3116 10
3117 6
3118 5
3119 9
3120 6
3121 9
3122 4
3123 8
3124 5
3125 9
3126 13
3127 9
3128 6
3129 14
3130 11
3131 14
3132 11
3133 8
3134 7
3135 8
3136 9
3137 12
3138 10
3139 12
3140 15
3141 13
3142 8
3143 6
3144 9
3145 12
3146 11
3147 6
3148 9
3149 15
3150 13
3151 18
3152 13
3153 10
3154 13
3155 19
3156 14
3157 21
3158 16
3159 19
3160 19
3161 9
3162 12
3163 13
3164 10
3165 11
3166 11
3167 15
3168 14
3169 12
3170 13
3171 16
3172 18
3173 15
3174 8
3175 7
3176 8
3177 5
3178 5
3179 10
3180 15
3181 10
3182 8
3183 7
3184 7
3185 11
3186 9
3187 7
3188 10
3189 10
3190 2
3191 10
3192 2
3193 3
3194 5
3195 3
3196 7
3197 9
3198 6
3199 6
3200 12
3201 12
3202 10
3203 8
3204 5
3205 9
3206 2
3207 6
3208 13
3209 12
3210 8
3211 8
3212 7
3213 11
3214 19
3215 12
3216 9
3217 7
3218 8
3219 8
3220 10
3221 8
3222 5
3223 13
3224 14
3225 9
3226 9
3227 12
3228 7
3229 2
3230 10
3231 11
3232 7
3233 9
3234 7
3235 9
3236 8
3237 7
3238 5
3239 16
3240 6
3241 4
3242 7
3243 9
3244 8
3245 20
3246 3
3247 6
3248 9
3249 5
3250 7
3251 6
3252 8
3253 9
3254 6
3255 9
3256 11
3257 9
3258 4
3259 5
3260 3
3261 5
3262 7
3263 6
3264 8
3265 8
3266 3
3267 6
3268 12
3269 10
3270 9
3271 7
3272 3
3273 5
3274 5
3275 9
3276 6
3277 1
3278 8
3279 9
3280 1
3281 7
3282 1
3283 4
3284 11
3285 7
3286 9
3287 4
3288 4
3289 5
3290 8
3291 10
3292 11
3293 8
3294 7
3295 10
3296 9
3297 3
3298 12
3299 5
3300 8
3301 5
3302 6
3303 9
3304 14
3305 7
3306 17
3307 11
3308 9
3309 8
3310 19
3311 8
3312 9
3313 12
3314 4
3315 8
3316 15
3317 9
3318 4
3319 4
3320 4
3321 14
3322 9
3323 5
3324 8
3325 4
3326 11
3327 14
3328 11
3329 6
3330 14
3331 7
3332 3
3333 6
3334 15
3335 10
3336 4
3337 7
3338 5
3339 5
3340 9
3341 18
3342 12
3343 11
3344 10
3345 15
3346 6
3347 11
3348 5
3349 12
3350 3
3351 7
3352 8
3353 11
3354 5
3355 4
3356 10
3357 8
3358 4
3359 5
3360 3
3361 9
3362 6
3363 6
3364 11
3365 7
3366 13
3367 6
3368 8
3369 7
3370 14
3371 6
3372 13
3373 3
3374 9
3375 7
3376 5
3377 8
3378 4
3379 13
3380 11
3381 7
3382 1
3383 7
3384 2
3385 5
3386 7
3387 4
3388 10
3389 7
3390 7
3391 15
3392 9
3393 11
3394 7
3395 7
3396 11
3397 5
3398 6
3399 13
3400 5
3401 7
3402 12
3403 8
3404 20
3405 7
3406 6
3407 4
3408 1
3409 6
3410 6
3411 11
3412 9
3413 13
3414 9
3415 9
3416 5
3417 5
3418 6
3419 11
3420 7
3421 3
3422 5
3423 10
3424 10
3425 6
3426 8
3427 3
3428 8
3429 5
3430 7
3431 12
3432 8
3433 17
3434 9
3435 5
3436 7
3437 3
3438 8
3439 4
3440 5
3441 10
3442 16
3443 4
3444 6
3445 5
3446 10
3447 10
3448 8
3449 10
3450 29
3451 22
3452 4
3454 5
3455 3
3456 7
3457 5
3458 2
3459 5
3460 14
3461 8
3462 10
3463 3
3464 8
3465 7
3466 10
3467 5
3468 22
3469 6
3470 18
3471 15
3472 8
3473 5
3474 12
3475 7
3476 7
3477 6
3478 11
3479 8
3480 6
3481 6
3482 9
3483 6
3484 11
3485 7
3486 14
3487 5
3488 6
3489 9
3490 8
3491 13
3492 10
3493 2
3494 3
3495 7
3496 7
3497 3
3498 4
3499 4
3500 10
3501 2
3502 6
3503 20
3504 5
3505 9
3506 7
3507 5
3508 7
3509 9
3510 4
3511 8
3512 3
3513 11
3514 11
3515 9
3516 4
3517 8
3518 12
3519 5
3520 6
3521 21
3522 5
3523 3
3524 2
3525 2
3526 3
3527 8
3528 7
3529 9
3530 7
3531 2
3532 3
3533 8
3534 11
3536 2
3537 3
3538 4
3539 2
3540 5
3541 5
3542 3
3543 10
3544 6
3545 11
3546 9
3547 3
3548 12
3549 5
3550 5
3551 7
3552 4
3553 6
3554 7
3555 7
3556 10
3557 7
3558 9
3559 23
3560 18
3561 8
3562 11
3563 8
3564 5
3565 4
3566 12
3567 7
3568 9
3569 8
3570 8
3571 7
3572 20
3573 9
3574 6
3575 11
3576 14
3577 7
3578 1
3579 10
3580 8
3581 6
3582 9
3583 11
3584 14
3585 10
3586 7
3587 11
3588 14
3589 8
3590 6
3591 6
3592 11
3593 9
3594 11
3595 7
3596 8
3597 3
3598 9
3599 5
3600 13
3601 12
3602 12
3603 6
3604 10
3605 12
3606 12
3607 6
3608 4
3609 3
3610 8
3611 7
3612 10
3613 11
3614 10
3615 4
3616 8
3617 10
3618 5
3619 12
3620 13
3621 7
3622 9
3623 3
3624 5
3625 11
3626 8
3627 17
3628 15
3629 5
3630 5
3631 10
3632 10
3633 4
3634 3
3635 2
3636 12
3637 9
3638 18
3639 6
3640 3
3641 1
3642 8
3643 13
3644 7
3645 9
3646 8
3647 5
3648 9
3649 3
3650 11
3651 13
3652 11
3653 6
3654 3
3655 9
3656 10
3657 5
3658 8
3659 17
3660 12
3661 11
3662 10
3663 6
3664 3
3665 6
3666 4
3667 14
3668 7
3669 5
3670 14
3671 15
3672 3
3673 14
3674 5
3675 18
3676 6
3677 2
3678 26
3679 5
3680 11
3681 10
3682 9
3683 7
3684 10
3685 9
3686 8
3687 18
3688 9
3689 1
3690 9
3691 8
3692 8
3693 6
3694 13
3695 8
3696 5
3697 10
3698 6
3699 8
3700 5
3701 7
3702 3
3703 6
3704 8
3705 6
3706 11
3707 7
3708 11
3709 10
3710 5
3711 3
3712 7
3713 3
3714 5
3715 4
3716 3
3717 10
3719 1
3720 4
3721 4
3722 2
3724 6
3725 3
3726 2
3727 4
3728 5
3729 4
3730 3
3731 6
3732 6
3733 1
3734 3
3735 7
3736 3
3737 3
3738 8
3739 8
3740 2
3741 3
3742 3
3743 10
3744 4
3745 5
3747 5
3748 9
3749 2
3750 5
3751 3
3752 1
3753 2
3754 9
3755 2
3756 3
3757 3
3758 4
3759 3
3760 6
3761 6
3762 7
3763 3
3764 2
3765 1
3766 2
3767 3
3768 3
3769 7
3770 4
3771 8
3772 4
3773 8
3774 11
3775 14
3776 2
3777 5
3778 5
3779 4
3780 4
3781 6
3782 5
3783 6
3784 8
3785 10
3786 9
3787 7
3788 3
3789 5
3790 5
3791 6
3792 6
3793 6
3794 8
3795 4
3796 5
3797 7
3798 8
3799 4
3800 7
3801 7
3802 6
3803 5
3804 5
3805 4
3806 3
3807 4
3808 5
3809 1
3810 4
3811 4
3812 5
3813 7
3814 4
3815 6
3816 2
3817 10
3818 12
3819 1
3820 2
3821 9
3822 4
3823 6
3824 3
3825 6
3826 9
3827 11
3828 2
3829 6
3830 10
3831 9
3832 13
3833 5
3834 8
3835 7
3836 6
3837 5
3838 11
3839 6
3840 7
3841 5
3842 4
3843 6
3844 9
3845 8
3846 6
3847 13
3848 6
3849 10
3850 11
3851 8
3852 5
3853 9
3854 8
3855 2
3856 7
3857 6
3858 2
3859 8
3860 11
3861 6
3862 20
3863 8
3864 10
3865 5
3866 6
3867 5
3868 5
3869 7
3870 5
3871 7
3872 1
3873 4
3874 9
3875 7
3876 9
3877 5
3878 7
3879 9
3880 11
3881 10
3882 19
3883 7
3884 6
3885 7
3886 6
3887 6
3888 6
3889 6
3890 11
3891 16
3892 4
3893 8
3894 4
3895 10
3896 9
3897 7
3898 5
3899 6
3900 13
3901 16
3902 8
3903 10
3904 5
3905 3
3906 4
3907 4
3908 2
3909 7
3910 5
3911 5
3912 7
3913 2
3914 5
3915 1
3916 3
3917 6
3918 2
3919 5
3920 3
3921 7
3922 4
3923 6
3924 7
3925 1
3926 4
3927 9
3928 7
3929 8
3930 5
3931 3
3932 5
3933 3
3934 5
3935 5
3936 1
3937 4
3938 8
3939 5
3940 5
3941 4
3942 6
3943 7
3944 6
3945 6
3946 4
3947 7
3948 6
3949 2
3950 7
3951 4
3952 5
3953 4
3954 5
3955 5
3956 6
3957 6
3958 15
3959 5
3960 6
3961 12
3962 2
3963 3
3964 11
3965 8
3966 6
3967 4
3968 6
3969 6
3970 5
3971 8
3972 6
3973 6
3974 8
3975 13
3976 5
3977 7
3978 5
3979 8
3980 4
3981 3
3982 4
3983 6
3984 3
3985 6
3986 2
3987 4
3988 4
3989 10
3990 4
3991 11
3992 4
3993 5
3994 3
3995 7
3996 8
3997 3
3998 5
3999 6
4000 10
4001 4
4002 6
4003 3
4004 7
4005 5
4006 1
4007 3
4008 7
4009 1
4010 4
4011 7
4012 5
4013 3
4014 6
4016 1
4017 5
4018 4
4019 9
4020 2
4021 2
4022 4
4023 1
4024 5
4025 5
4026 2
4027 4
4028 4
4029 4
4030 5
4031 1
4032 1
4033 3
4034 5
4035 7
4036 9
4037 4
4038 4
4039 7
4040 4
4041 3
4042 9
4043 6
4044 10
4045 5
4046 4
4047 2
4048 1
4049 6
4050 3
4051 3
4052 5
4053 5
4054 2
4055 5
4056 8
4057 2
4058 5
4059 6
4060 4
4061 5
4062 3
4063 5
4064 3
4065 6
4066 3
4067 3
4068 3
4070 8
4071 2
4072 5
4073 2
4074 3
4075 3
4076 3
4077 1
4078 4
4079 2
4080 4
4081 4
4082 1
4083 1
4084 3
4085 1
4086 6
4087 3
4088 1
4089 3
4090 5
4091 2
4092 1
4093 4
4094 2
4095 2
4096 3
4097 2
4098 3
4099 4
4100 1
4101 1
4102 4
4103 1
4104 5
4105 6
4106 5
4107 5
4108 3
4109 2
4110 3
4111 3
4112 4
4113 1
4114 6
4116 2
4117 3
4118 7
4119 2
4120 5
4121 10
4123 4
4124 1
4125 7
4126 2
4127 3
4128 1
4129 2
4130 1
4131 2
4132 1
4134 1
4135 2
4136 1
4138 1
4139 4
4140 2
4141 1
4142 1
4143 1
4144 5
4145 2
4146 2
4147 1
4148 1
4149 2
4150 2
4151 2
4152 4
4153 4
4154 1
4155 1
4157 1
4158 2
4159 2
4161 6
4163 4
4164 2
4166 3
4167 3
4168 1
4169 1
4170 3
4171 2
4172 7
4175 7
4176 1
4178 6
4179 2
4180 2
4182 1
4183 1
4184 4
4185 3
4186 1
4187 4
4188 3
4189 4
4191 2
4192 2
4193 3
4194 1
4195 4
4196 11
4197 3
4198 1
4199 2
4200 5
4203 3
4204 1
4205 2
4206 3
4207 2
4208 1
4209 6
4210 1
4211 2
4212 4
4213 5
4214 7
4218 4
4219 3
4220 1
4221 1
4222 2
4224 3
4225 3
4226 3
4227 3
4228 2
4229 2
4230 1
4231 1
4233 4
4235 3
4236 1
4238 3
4239 8
4240 1
4241 3
4243 1
4244 1
4245 3
4246 3
4248 2
4250 1
4251 1
4253 2
4254 3
4255 1
4256 2
4257 5
4260 1
4261 2
4265 1
4266 2
4267 4
4268 1
4269 3
4270 3
4272 1
4273 3
4274 1
4275 2
4276 1
4277 2
4279 2
4280 2
4282 2
4283 2
4284 4
4285 2
4286 2
4287 2
4288 4
4289 1
4290 1
4292 3
4293 1
4295 2
4296 2
4297 2
4298 1
4299 2
4300 1
4301 1
4303 4
4304 2
4307 5
4308 1
4309 1
4311 1
4312 1
4313 1
4314 1
4315 2
4317 2
4318 1
4319 4
4320 3
4321 1
4322 4
4323 1
4324 2
4325 2
4326 3
4327 3
4328 2
4330 4
4331 2
4332 5
4334 2
4335 2
4336 1
4337 5
4341 1
4342 1
4343 1
4344 4
4345 1
4347 2
4348 2
4349 1
4353 2
4354 4
4355 1
4356 1
4359 1
4361 2
4362 1
4363 1
4364 3
4365 1
4366 2
4367 2
4368 1
4369 2
4370 2
4371 3
4372 4
4373 2
4374 2
4376 1
4379 2
4380 4
4381 1
4383 1
4384 1
4385 1
4386 2
4389 1
4390 4
4391 1
4392 3
4393 2
4394 1
4395 3
4397 1
4398 1
4400 1
4401 2
4402 1
4403 2
4404 1
4407 1
4408 4
4410 1
4411 2
4414 2
4415 2
4418 2
4419 3
4420 1
4421 2
4422 2
4423 1
4424 3
4425 2
4426 6
4427 1
4428 3
4430 3
4431 2
4433 1
4434 1
4435 4
4436 1
4438 3
4439 4
4440 1
4442 3
4443 2
4444 2
4446 2
4448 1
4449 2
4450 8
4452 1
4453 5
4454 11
4455 1
4456 3
4457 3
4458 5
4459 1
4460 4
4462 3
4463 1
4464 4
4465 3
4466 2
4467 2
4468 4
4469 2
4470 2
4471 2
4472 1
4475 2
4476 4
4477 1
4478 5
4479 4
4480 2
4481 5
4482 2
4484 1
4485 3
4486 4
4487 2
4488 3
4489 2
4491 2
4492 1
4493 2
4494 1
4495 6
4496 2
4498 1
4500 4
4502 5
4503 3
4504 2
4505 8
4506 2
4507 6
4509 1
4510 1
4512 1
4513 3
4514 4
4515 6
4518 3
4519 3
4520 2
4521 1
4522 1
4523 2
4524 4
4526 1
4527 1
4528 5
4529 1
4530 2
4531 3
4532 1
4533 4
4535 3
4537 2
4539 4
4540 1
4542 1
4543 1
4545 6
4546 4
4547 3
4550 1
4551 4
4552 2
4554 1
4556 2
4557 5
4558 10
4559 5
4560 5
4561 4
4562 1
4564 2
4565 1
4566 3
4567 5
4568 1
4569 1
4571 2
4574 2
4575 6
4576 2
4577 2
4578 6
4581 1
4582 1
4583 3
4585 2
4586 2
4588 2
4589 4
4590 3
4591 1
4592 5
4593 1
4594 1
4595 2
4596 5
4597 1
4599 1
4600 2
4602 6
4603 7
4604 3
4605 8
4606 4
4607 5
4608 3
4609 1
4610 2
4611 3
4612 5
4617 1
4618 3
4619 1
4620 2
4621 1
4622 1
4623 1
4627 3
4628 1
4629 4
4631 2
4632 1
4634 2
4635 2
4638 2
4639 2
4640 1
4641 1
4643 3
4644 2
4645 1
4646 1
4647 1
4649 6
4652 1
4653 7
4654 2
4655 2
4656 4
4657 1
4658 3
4659 3
4660 1
4661 2
4663 1
4664 1
4665 1
4667 1
4668 4
4669 2
4670 2
4671 3
4672 4
4673 1
4675 1
4677 7
4678 3
4679 3
4680 1
4683 1
4684 1
4685 3
4686 2
4688 1
4689 4
4690 1
4692 3
4693 1
4694 5
4695 2
4696 2
4698 4
4699 3
4701 1
4702 2
4703 2
4705 3
4707 6
4708 5
4709 6
4710 1
4711 4
4713 3
4714 2
4715 5
4716 7
4717 9
4718 5
4719 1
4721 1
4722 1
4723 1
4724 3
4725 6
4728 3
4731 3
4732 1
4734 2
4735 1
4736 4
4737 1
4738 1
4740 1
4742 2
4743 2
4744 1
4745 4
4746 1
4747 1
4748 1
4749 3
4750 1
4751 4
4752 8
4753 1
4755 4
4756 3
4757 1
4758 7
4759 3
4760 2
4761 4
4762 3
4763 2
4764 1
4765 3
4766 4
4767 1
4768 4
4769 5
4770 1
4772 4
4773 1
4774 2
4776 3
4777 4
4778 1
4779 2
4780 2
4781 1
4782 1
4783 4
4784 1
4785 1
4786 2
4789 2
4791 1
4792 2
4793 3
4794 4
4795 2
4797 2
4798 1
4799 4
4800 1
4801 2
4804 3
4805 1
4806 1
4807 4
4808 2
4809 2
4810 2
4811 1
4812 2
4813 3
4814 1
4815 1
4816 4
4817 5
4818 2
4819 4
4820 4
4822 2
4825 3
4829 2
4831 1
4832 4
4833 3
4835 5
4836 2
4837 1
4840 1
4841 6
4843 1
4845 1
4846 4
4848 2
4849 2
4850 5
4853 3
4854 2
4855 3
4856 1
4857 3
4858 1
4859 6
4860 3
4863 3
4864 2
4866 7
4867 2
4869 2
4870 5
4871 4
4872 9
4874 1
4875 1
4876 2
4881 1
4882 1
4884 2
4885 2
4887 3
4888 1
4890 3
4891 1
4893 1
4895 3
4896 1
4899 2
4900 2
4901 2
4905 2
4907 1
4909 1
4911 2
4912 1
4914 2
4915 1
4916 2
4917 3
4918 1
4919 1
4921 2
4923 3
4924 1
4925 2
4926 3
4927 3
4928 7
4929 1
4930 4
4931 2
4932 2
4933 1
4934 2
4936 2
4937 2
4940 3
4941 1
4942 3
4943 2
4944 1
4945 6
4946 2
4948 1
4949 2
4952 2
4953 2
4955 2
4956 3
4963 3
4964 1
4965 4
4966 2
4967 1
4970 3
4971 2
4972 2
4973 4
4974 1
4976 1
4977 1
4978 3
4979 2
4980 2
4981 4
4982 1
4984 1
4985 1
4988 2
4990 3
4991 2
4992 1
4993 1
4994 3
4998 1
4999 1
5000 3
5001 7
5002 1
5003 4
5004 1
5005 2
5006 2
5007 1
5011 1
5012 1
5013 3
5014 1
5016 1
5017 2
5018 1
5021 2
5022 1
5023 3
5024 7
5025 1
5029 1
5031 2
5032 3
5036 3
5038 2
5040 2
5042 2
5043 1
5045 1
5046 1
5048 1
5049 1
5050 2
5051 1
5053 4
5055 2
5056 1
5057 4
5058 3
5059 1
5061 4
5062 1
5064 1
5066 1
5069 2
5070 2
5071 2
5073 3
5074 1
5075 2
5077 1
5078 2
5079 5
5084 1
5085 2
5086 2
5087 1
5088 2
5089 2
5090 1
5091 2
5092 5
5093 1
5094 4
5095 2
5096 5
5097 4
5098 7
5099 10
5100 10
5101 13
5102 9
5103 3
5104 3
5105 2
5107 1
5108 1
5109 3
5110 1
5111 4
5112 3
5113 2
5114 6
5115 5
5116 1
5117 5
5118 2
5119 3
5121 2
5122 1
5123 2
5124 1
5125 1
5126 1
5127 3
5128 2
5129 2
5130 2
5131 2
5132 2
5133 5
5134 1
5136 1
5137 4
5138 6
5139 3
5140 1
5141 2
5142 4
5143 1
5144 1
5146 2
5147 1
5148 2
5149 2
5150 2
5151 3
5152 1
5153 2
5156 5
5157 5
5158 3
5159 2
5160 1
5162 4
5164 3
5166 2
5167 3
5168 1
5169 2
5170 1
5171 3
5172 2
5173 1
5174 2
5176 2
5179 2
5180 3
5181 2
5183 2
5184 1
5187 5
5188 1
5189 2
5190 2
5191 3
5192 2
5194 1
5195 2
5196 4
5197 6
5198 2
5199 2
5200 3
5201 3
5202 3
5204 3
5208 1
5209 1
5211 2
5213 5
5214 7
5215 2
5217 1
5218 3
5219 2
5220 5
5224 1
5225 1
5226 2
5227 5
5228 5
5229 6
5230 1
5231 2
5232 2
5234 3
5236 1
5237 1
5238 1
5239 1
5240 1
5242 3
5243 1
5245 2
5248 1
5250 3
5253 1
5254 2
5255 1
5256 1
5262 4
5263 2
5264 3
5265 1
5270 1
5271 3
5272 5
5273 1
5274 1
5275 2
5277 1
5278 1
5281 4
5282 3
5284 2
5290 2
5292 2
5293 1
5294 1
5295 2
5296 4
5301 2
5302 1
5304 7
5305 2
5306 1
5307 5
5308 1
5313 2
5317 1
5318 2
5321 2
5322 1
5324 1
5325 3
5326 6
5328 2
5329 2
5330 1
5331 2
5332 1
5333 4
5334 1
5335 1
5336 2
5337 1
5339 1
5341 2
5343 1
5344 4
5345 1
5346 2
5347 2
5348 5
5350 1
5352 1
5353 2
5356 1
5359 1
5360 3
5362 1
5365 1
5367 2
5368 2
5369 3
5370 1
5371 1
5372 1
5373 1
5375 1
5379 2
5381 2
5382 3
5384 1
5385 2
5387 7
5389 1
5390 1
5391 1
5392 2
5393 3
5394 4
5395 3
5396 1
5399 12
5400 4
5402 2
5403 3
5404 1
5406 2
5409 3
5410 2
5411 8
5412 4
5413 2
5414 3
5415 1
5416 2
5417 2
5419 2
5420 5
5421 3
5422 4
5424 4
5425 1
5428 2
5429 2
5430 1
5431 3
5432 2
5433 2
5434 1
5436 2
5437 2
5438 1
5439 3
5440 1
5441 1
5442 4
5443 2
5445 2
5446 1
5450 2
5451 4
5452 4
5453 4
5454 2
5455 3
5456 4
5457 1
5458 4
5459 2
5460 3
5461 3
5462 1
5463 2
5464 2
5465 3
5466 2
5467 1
5468 1
5469 1
5470 27
5473 3
5474 5
5475 4
5476 3
5477 7
5479 3
5480 1
5482 5
5487 1
5489 2
5490 3
5493 2
5497 1
5498 2
5499 2
5501 2
5509 1
5513 1
5514 2
5516 2
5517 3
5518 2
5519 3
5520 3
5523 3
5525 2
5531 2
5533 1
5534 2
5537 1
5539 2
5540 2
5541 1
5546 4
5547 2
5548 4
5549 1
5550 1
5551 3
5554 1
5558 4
5559 1
5560 1
5561 1
5562 1
5564 3
5566 1
5568 8
5569 2
5575 1
5576 2
5579 1
5582 1
5583 2
5584 1
5586 3
5587 5
5590 5
5594 3
5596 1
5597 3
5598 4
5604 1
5605 1
5607 1
5608 1
5609 3
5610 3
5611 3
5612 4
5615 1
5616 1
5617 1
5618 3
5619 1
5620 1
5621 2
5622 3
5624 3
5626 6
5627 2
5629 7
5630 3
5633 1
5635 2
5637 6
5638 4
5639 2
5641 2
5645 2
5647 1
5649 4
5654 1
5657 3
5658 4
5659 3
5660 1
5661 3
5662 3
5666 1
5667 4
5668 2
5670 2
5672 2
5674 4
5677 4
5680 1
5681 4
5682 9
5683 4
5684 3
5685 1
5686 3
5689 3
5690 2
5691 5
5692 8
5693 2
5694 8
5695 6
5696 4
5697 4
5698 1
5699 4
5700 5
5701 3
5702 6
5703 1
5706 1
5707 1
5708 1
5709 2
5711 1
5712 7
5713 1
5715 2
5716 1
5718 12
5719 1
5721 1
5722 5
5723 3
5724 4
5725 5
5726 2
5728 1
5731 2
5733 1
5735 1
5737 3
5738 2
5740 2
5742 2
5743 2
5744 1
5745 2
5746 1
5753 2
5756 1
5757 3
5758 1
5760 1
5761 5
5762 1
5764 1
5765 3
5767 1
5768 3
5769 2
5770 1
5771 2
5773 2
5774 4
5775 1
5776 3
5780 6
5781 2
5783 1
5785 3
5786 2
5787 2
5788 5
5790 4
5793 1
5794 1
5797 3
5799 2
5800 3
5801 1
5804 3
5805 4
5806 3
5807 3
5808 4
5810 1
5811 4
5812 5
5814 2
5815 4
5816 2
5821 1
5822 2
5825 2
5827 2
5828 2
5829 3
5830 1
5831 1
5832 8
5833 4
5834 2
5835 2
5836 1
5838 1
5840 2
5843 1
5844 1
5845 1
5846 2
5847 1
5850 3
5856 3
5857 1
5858 1
5860 2
5865 2
5870 5
5871 4
5873 2
5874 1
5875 1
5877 3
5878 1
5880 2
5881 4
5882 1
5883 2
5886 1
5887 2
5889 3
5890 2
5892 1
5894 1
5900 3
5902 2
5903 2
5904 1
5905 3
5907 1
5908 1
5913 3
5914 2
5916 1
5917 4
5919 1
5920 2
5921 1
5922 1
5928 3
5929 6
5930 1
5931 1
5932 1
5933 3
5935 2
5936 2
5937 1
5938 2
5939 3
5943 2
5944 1
5945 2
5946 1
5947 3
5948 1
5949 3
5950 2
5952 2
5953 1
5955 2
5956 2
5957 2
5960 1
5963 2
5966 1
5969 1
5970 3
5971 1
5972 2
5973 5
5974 1
5975 1
5979 3
5980 2
5985 2
5986 5
5987 3
5988 2
5989 2
5990 1
5991 2
5993 1
5994 1
5997 1
6000 3
6003 1
6006 4
6009 1
6010 1
6013 1
6015 2
6016 2
6018 1
6024 1
6025 1
6026 1
6027 1
6029 1
6030 1
6031 2
6034 1
6035 2
6038 2
6040 2
6041 2
6042 2
6043 4
6044 2
6045 1
6046 2
6047 2
6048 1
6049 1
6050 2
6053 1
6057 1
6060 1
6061 1
6063 1
6064 3
6067 2
6068 1
6070 2
6072 1
6073 2
6074 2
6075 1
6077 2
6078 1
6082 1
6083 1
6085 1
6086 3
6088 2
6089 2
6094 2
6095 1
6096 2
6097 1
6098 3
6099 2
6101 2
6102 3
6103 2
6104 3
6105 5
6106 3
6111 2
6112 1
6113 1
6114 2
6115 2
6117 1
6118 1
6120 2
6121 1
6125 4
6126 2
6127 1
6129 1
6130 1
6134 1
6136 1
6137 2
6138 1
6141 2
6142 3
6143 1
6144 1
6145 5
6146 4
6150 2
6151 2
6155 1
6157 2
6162 2
6163 2
6165 1
6166 4
6167 1
6169 4
6171 2
6173 1
6175 1
6176 1
6177 2
6180 2
6181 2
6182 3
6185 1
6186 1
6187 2
6188 1
6191 1
6192 1
6193 2
6195 1
6198 1
6201 2
6208 4
6209 2
6210 2
6212 2
6214 1
6215 3
6216 1
6218 1
6220 2
6222 4
6223 1
6224 3
6225 2
6226 2
6228 1
6229 8
6230 2
6232 2
6233 3
6236 2
6238 3
6239 1
6242 1
6245 1
6247 1
6249 4
6250 4
6255 1
6257 1
6259 2
6260 2
6261 4
6267 3
6268 3
6269 1
6270 4
6273 2
6274 1
6275 1
6277 1
6278 1
6279 3
6281 1
6282 1
6283 2
6284 4
6286 7
6288 1
6289 1
6290 1
6293 1
6294 2
6295 3
6298 2
6299 1
6300 1
6304 1
6305 1
6307 1
6317 2
6319 1
6320 2
6322 1
6323 1
6326 1
6327 2
6330 2
6331 1
6332 1
6334 1
6336 2
6337 1
6338 1
6341 1
6342 2
6343 1
6345 1
6348 2
6349 1
6352 2
6354 1
6355 1
6358 3
6360 2
6361 1
6362 1
6363 2
6364 3
6365 4
6366 2
6367 1
6369 3
6370 1
6371 1
6372 2
6373 1
6374 3
6375 1
6376 1
6377 1
6378 1
6379 1
6380 1
6381 3
6382 1
6383 1
6384 1
6387 2
6390 1
6395 3
6397 1
6399 3
6400 2
6402 1
6405 2
6406 1
6408 1
6409 1
6413 1
6416 6
6419 1
6420 1
6421 1
6426 2
6428 1
6436 5
6437 5
6439 7
6440 1
6441 2
6443 1
6445 1
6448 1
6449 2
6450 1
6451 3
6453 1
6455 1
6456 1
6459 1
6461 1
6462 1
6463 2
6467 3
6469 1
6473 1
6474 1
6475 1
6485 1
6492 1
6493 8
6495 1
6497 3
6500 2
6502 1
6503 1
6506 2
6511 3
6512 1
6514 2
6516 1
6517 1
6518 2
6519 3
6520 3
6521 7
6535 2
6536 1
6537 2
6540 1
6541 1
6542 1
6543 1
6549 2
6556 2
6558 2
6561 3
6562 1
6567 1
6569 1
6574 1
6575 3
6577 3
6578 1
6579 2
6586 1
6588 1
6591 1
6599 1
6602 3
6603 1
6607 1
6608 2
6610 1
6611 1
6612 1
6613 2
6620 1
6621 2
6622 1
6623 1
6624 1
6625 3
6626 3
6629 1
6630 1
6631 1
6634 2
6635 6
6637 1
6638 2
6639 2
6640 2
6645 2
6646 3
6647 4
6648 2
6650 6
6651 2
6652 1
6653 2
6655 1
6656 1
6660 2
6661 1
6662 1
6663 1
6668 1
6669 2
6670 1
6671 1
6672 1
6673 6
6674 1
6675 1
6676 1
6677 3
6681 1
6682 8
6683 1
6684 4
6685 5
6686 7
6688 2
6689 1
6690 1
6691 2
6692 2
6694 2
6695 1
6698 2
6699 1
6700 2
6701 3
6702 2
6703 1
6705 3
6706 3
6707 1
6709 3
6714 1
6715 1
6716 2
6717 1
6718 1
6719 4
6722 1
6723 1
6724 1
6727 1
6728 1
6729 3
6730 5
6731 3
6733 1
6735 6
6738 2
6740 2
6741 3
6742 1
6748 1
6749 1
6750 2
6751 1
6752 2
6754 2
6758 2
6759 1
6760 1
6762 1
6763 1
6765 4
6766 1
6769 1
6772 2
6773 1
6774 1
6779 1
6784 3
6785 4
6788 1
6789 2
6790 2
6792 1
6794 1
6795 2
6796 2
6797 3
6800 4
6801 3
6808 1
6814 2
6820 3
6821 2
6826 1
6827 2
6828 2
6830 1
6832 1
6835 2
6836 6
6838 1
6839 1
6840 1
6842 1
6843 1
6844 1
6847 2
6848 3
6851 3
6856 1
6857 2
6858 1
6859 1
6862 2
6863 1
6864 1
6866 1
6867 1
6868 2
6869 3
6870 3
6873 1
6874 1
6876 1
6879 1
6880 1
6881 2
6882 2
6883 1
6884 1
6886 1
6887 2
6897 1
6899 2
6900 1
6901 1
6904 2
6905 2
6906 1
6908 1
6910 1
6917 1
6918 2
6919 1
6920 1
6926 1
6927 1
6931 1
6934 1
6935 1
6936 2
6938 1
6939 1
6940 4
6941 2
6945 2
6946 2
6947 1
6950 1
6952 1
6954 1
6957 1
6958 2
6959 2
6960 1
6961 3
6964 1
6965 1
6966 12
6967 1
6969 2
6970 5
6971 1
6974 1
6975 4
6977 1
6978 2
6979 4
6980 1
6981 3
6982 1
6983 1
6984 1
6985 1
6987 1
6990 1
6991 3
6992 1
6993 4
6994 5
6995 1
6996 3
6997 6
6998 7
6999 3
7000 3
7001 3
7002 2
7003 1
7004 2
7005 2
7006 1
7007 2
7008 2
7009 1
7010 1
7015 1
7016 1
7017 1
7018 2
7020 1
7022 1
7023 2
7025 2
7027 1
7029 1
7030 5
7033 4
7034 1
7040 1
7041 1
7045 3
7046 1
7048 1
7049 1
7052 1
7055 2
7057 1
7059 1
7060 1
7063 1
7067 1
7068 1
7069 1
7071 2
7072 1
7073 1
7074 1
7075 5
7076 6
7077 2
7078 2
7079 1
7080 1
7081 1
7082 2
7083 2
7084 1
7085 3
7086 1
7088 1
7089 4
7090 4
7092 3
7093 3
7094 3
7095 3
7096 2
7097 5
7098 4
7100 3
7101 2
7104 1
7105 1
7106 2
7108 3
7109 2
7110 3
7112 3
7113 1
7116 4
7117 1
7119 1
7120 5
7121 3
7122 2
7123 2
7124 7
7125 2
7126 1
7127 1
7128 1
7129 4
7130 2
7131 4
7132 1
7133 3
7134 3
7135 14
7136 10
7137 3
7138 1
7139 1
7140 1
7141 1
7142 3
7143 4
7144 3
7146 1
7147 2
7149 3
7150 5
7151 6
7152 2
7153 1
7155 1
7156 1
7157 1
7158 2
7159 5
7160 4
7161 2
7163 3
7164 3
7167 2
7168 1
7170 1
7171 3
7172 3
7174 8
7175 2
7178 1
7179 2
7180 2
7181 1
7182 1
7183 5
7184 2
7186 2
7187 1
7189 5
7190 1
7192 5
7194 2
7196 1
7197 3
7198 1
7200 1
7201 1
7203 2
7204 1
7207 2
7208 2
7209 10
7212 1
7215 3
7216 3
7219 3
7220 1
7221 7
7222 2
7223 2
7224 1
7226 1
7227 1
7230 1
7231 3
7232 6
7233 4
7234 1
7236 2
7237 1
7239 1
7240 2
7242 2
7243 1
7244 2
7246 1
7247 1
7248 6
7249 8
7251 4
7252 2
7253 6
7254 4
7255 1
7256 1
7258 1
7259 2
7262 3
7263 1
7264 1
7266 1
7268 1
7270 3
7271 3
7272 4
7275 6
7276 2
7277 3
7280 1
7281 3
7282 1
7283 4
7284 2
7285 2
7288 2
7289 1
7290 5
7291 10
7293 4
7294 2
7295 1
7297 1
7298 5
7300 5
7301 2
7302 1
7303 6
7304 1
7305 3
7306 1
7307 1
7308 1
7309 1
7310 1
7311 1
7312 1
7313 7
7314 8
7315 1
7316 1
7317 7
7318 1
7319 1
7320 6
7324 2
7325 3
7326 1
7327 1
7328 4
7331 2
7332 1
7333 2
7334 2
7335 1
7338 2
7339 1
7341 1
7344 2
7346 1
7350 1
7351 1
7353 3
7354 1
7355 3
7356 2
7357 1
7358 1
7361 1
7362 1
7364 1
7365 1
7366 1
7368 1
7370 4
7371 5
7372 3
7373 2
7374 1
7377 2
7379 5
7380 1
7381 2
7382 1
7384 1
7385 4
7386 5
7387 3
7390 1
7391 1
7393 1
7394 2
7395 2
7396 1
7397 2
7401 2
7403 1
7404 1
7405 1
7409 1
7410 4
7411 2
7412 1
7413 6
7414 1
7415 4
7416 2
7418 3
7419 2
7420 1
7421 2
7422 1
7424 1
7425 1
7426 1
7428 1
7431 3
7433 7
7434 3
7438 2
7439 2
7440 1
7441 4
7442 2
7443 2
7445 1
7446 3
7447 4
7448 5
7450 1
7454 2
7455 2
7456 2
7457 1
7458 2
7462 2
7463 2
7464 1
7465 1
7466 2
7467 3
7468 1
7469 1
7470 2
7473 2
7475 1
7478 4
7479 5
7480 4
7481 1
7483 1
7484 3
7485 3
7486 1
7487 1
7490 3
7491 1
7492 1
7494 5
7497 1
7498 1
7499 1
7501 2
7503 3
7504 2
7505 1
7506 2
7507 1
7508 2
7509 1
7510 2
7512 2
7513 4
7514 1
7515 2
7516 1
7518 5
7519 4
7520 1
7521 7
7522 5
7523 1
7524 2
7525 1
7526 1
7529 1
7533 2
7537 2
7540 1
7544 1
7548 2
7549 1
7551 1
7555 1
7561 1
7566 1
7570 1
7574 1
7578 1
7579 2
7580 2
7582 1
7583 4
7585 2
7587 4
7592 4
7594 1
7597 2
7599 1
7600 2
7601 3
7602 2
7603 1
7604 1
7610 2
7613 3
7615 2
7616 1
7617 2
7619 1
7621 1
7623 1
7624 2
7625 2
7628 2
7630 1
7631 1
7633 2
7635 2
7636 1
7639 5
7643 2
7644 3
7645 1
7646 2
7650 1
7651 1
7653 1
7655 2
7656 1
7657 1
7659 2
7660 1
7661 2
7662 2
7663 2
7666 2
7669 1
7673 2
7674 1
7675 2
7676 5
7677 1
7678 1
7679 1
7680 3
7684 3
7685 2
7686 2
7688 1
7689 1
7690 1
7692 1
7694 1
7696 1
7697 2
7698 1
7699 1
7700 1
7701 1
7702 1
7703 1
7704 1
7708 1
7713 1
7714 4
7715 1
7716 1
7718 2
7719 4
7722 1
7723 3
7724 1
7726 1
7727 1
7732 4
7734 2
7737 1
7739 1
7742 3
7743 2
7749 1
7753 3
7754 2
7755 2
7756 2
7758 3
7759 4
7760 1
7762 5
7764 2
7765 1
7766 2
7770 3
7772 2
7774 1
7775 1
7777 1
7780 1
7783 2
7785 3
7787 1
7790 1
7791 2
7792 2
7794 6
7798 2
7799 2
7800 2
7803 1
7808 2
7809 2
7815 1
7817 1
7819 1
7820 2
7821 2
7822 1
7824 1
7826 1
7827 1
7828 3
7833 1
7835 1
7836 1
7838 1
7839 2
7840 1
7841 1
7842 2
7844 1
7850 2
7851 3
7855 2
7856 1
7860 1
7861 1
7862 2
7864 1
7867 1
7868 1
7873 1
7874 1
7875 2
7876 2
7879 11
7881 5
7882 3
7883 2
7889 1
7891 2
7895 1
7899 1
7901 3
7902 1
7906 1
7909 1
7911 1
7913 2
7915 1
7916 1
7917 4
7918 1
7920 1
7921 3
7922 1
7923 4
7925 1
7926 2
7928 1
7929 2
7930 2
7932 1
7933 5
7934 1
7937 4
7939 1
7940 1
7941 1
7942 5
7943 2
7944 1
7945 4
7946 2
7948 3
7949 2
7950 1
7951 1
7952 3
7953 2
7954 1
7956 1
7957 4
7958 1
7960 1
7961 1
7963 3
7966 3
7967 1
7968 1
7970 3
7971 1
7974 1
7975 3
7976 2
7977 1
7979 1
7980 2
7984 3
7985 2
7986 2
7988 3
7991 1
7992 1
7994 2
7995 3
7996 1
8000 1
8005 2
8006 2
8011 2
8016 2
8017 2
8018 2
8019 2
8020 2
8021 1
8022 2
8023 1
8024 1
8029 3
8030 1
8036 2
8037 2
8042 1
8044 2
8046 1
8048 3
8050 1
8051 1
8053 1
8054 1
8056 1
8057 1
8058 5
8059 2
8060 3
8061 1
8062 1
8066 2
8067 2
8076 1
8080 2
8082 1
8083 1
8084 3
8085 2
8086 1
8087 1
8089 1
8094 2
8096 3
8097 1
8103 1
8104 2
8106 1
8107 1
8110 1
8111 4
8112 1
8113 2
8114 1
8115 1
8116 1
8118 2
8119 2
8120 2
8122 1
8123 1
8124 1
8125 1
8126 1
8129 2
8130 1
8133 2
8137 2
8138 1
8140 2
8141 1
8142 1
8143 2
8147 1
8148 1
8149 1
8151 2
8152 1
8157 1
8164 1
8165 2
8166 3
8169 1
8170 1
8172 1
8174 1
8175 1
8176 1
8180 1
8182 1
8185 2
8186 4
8187 1
8189 1
8191 1
8193 1
8195 2
8198 1
8200 2
8201 1
8202 1
8206 1
8210 1
8212 2
8216 2
8219 1
8221 1
8223 5
8224 1
8225 4
8227 2
8228 1
8229 1
8232 1
8234 1
8242 2
8244 1
8245 1
8246 3
8247 1
8251 1
8252 2
8253 1
8254 1
8256 1
8257 1
8258 4
8261 2
8262 1
8263 2
8265 2
8266 1
8267 2
8270 1
8271 1
8272 1
8273 2
8274 2
8275 4
8281 2
8282 1
8283 1
8286 1
8287 3
8292 3
8293 4
8294 1
8296 1
8301 1
8304 2
8306 3
8307 2
8308 5
8316 2
8317 1
8321 1
8323 2
8326 6
8327 1
8328 3
8332 1
8338 1
8340 1
8349 1
8350 1
8351 1
8352 2
8354 2
8355 1
8357 2
8358 2
8363 2
8364 2
8370 2
8371 1
8374 1
8375 3
8378 1
8381 1
8387 1
8388 5
8389 1
8390 2
8391 1
8394 2
8398 1
8400 1
8404 3
8405 1
8406 1
8407 2
8410 1
8413 1
8417 1
8419 2
8421 1
8427 1
8428 1
8429 1
8432 1
8433 1
8437 2
8438 2
8439 2
8447 1
8448 3
8449 1
8454 3
8457 3
8460 1
8462 1
8467 1
8468 1
8469 1
8477 1
8479 1
8483 1
8488 2
8490 1
8491 2
8492 2
8494 2
8495 1
8498 1
8499 1
8503 2
8504 1
8505 1
8507 1
8510 1
8512 1
8513 3
8514 2
8515 1
8517 2
8518 4
8519 1
8520 2
8521 1
8523 1
8524 1
8527 1
8529 2
8531 1
8534 1
8536 1
8537 1
8540 1
8545 1
8546 1
8548 2
8549 1
8551 4
8552 2
8553 1
8556 1
8560 1
8562 1
8564 4
8566 1
8568 1
8569 1
8571 1
8574 1
8578 2
8579 2
8580 1
8581 2
8582 1
8584 1
8585 1
8586 1
8587 2
8593 1
8596 1
8597 2
8599 2
8600 2
8601 2
8605 1
8606 1
8610 1
8611 1
8615 1
8616 4
8617 1
8619 2
8622 1
8625 2
8629 2
8632 1
8633 1
8637 2
8638 3
8642 1
8644 1
8645 2
8647 1
8649 2
8650 2
8652 1
8654 1
8655 2
8656 1
8657 1
8658 1
8659 4
8660 1
8661 1
8662 1
8663 3
8664 1
8665 1
8668 1
8675 2
8677 3
8678 1
8679 1
8680 1
8681 3
8686 1
8687 3
8688 5
8689 1
8690 3
8691 1
8693 1
8694 3
8695 5
8697 2
8701 1
8708 3
8709 1
8710 1
8715 2
8716 1
8717 1
8719 2
8721 1
8722 2
8723 1
8728 1
8734 1
8736 2
8737 1
8738 1
8743 1
8746 2
8747 1
8750 1
8751 1
8752 2
8754 3
8756 1
8761 1
8765 1
8766 2
8768 1
8769 2
8770 1
8771 5
8776 4
8781 1
8783 1
8784 2
8785 2
8787 2
8789 2
8790 3
8791 1
8792 1
8797 1
8798 1
8810 1
8829 1
8833 3
8834 1
8835 1
8838 1
8840 1
8845 1
8847 1
8848 2
8853 2
8856 3
8858 4
8859 1
8873 1
8875 1
8877 1
8878 4
8879 1
8880 1
8881 1
8882 2
8884 1
8885 1
8886 2
8892 1
8893 1
8896 4
8898 1
8900 2
8901 1
8916 1
8917 1
8918 1
8923 1
8924 1
8926 1
8931 1
8933 1
8935 1
8939 2
8940 1
8941 1
8945 4
8947 2
8948 1
8950 1
8952 1
8955 2
8960 1
8962 1
8963 5
8965 1
8966 2
8967 2
8972 2
8977 1
8981 1
8982 1
8983 2
8988 1
8990 1
8998 2
8999 1
9000 1
9005 2
9006 2
9011 8
9012 4
9013 3
9016 1
9018 1
9020 1
9022 1
9023 1
9024 1
9027 1
9034 1
9036 1
9039 2
9041 2
9043 3
9045 1
9046 1
9047 1
9048 1
9049 1
9050 1
9052 1
9053 1
9054 3
9055 1
9056 1
9057 2
9059 1
9060 2
9061 1
9062 1
9064 1
9066 1
9068 1
9069 1
9070 2
9071 2
9074 1
9079 1
9080 3
9081 3
9085 1
9086 1
9087 1
9088 5
9089 2
9091 3
9092 1
9095 2
9096 1
9097 1
9101 1
9104 2
9105 1
9107 1
9108 1
9112 1
9115 1
9117 1
9120 2
9121 1
9122 1
9123 1
9124 2
9130 1
9131 1
9132 2
9133 3
9135 2
9136 1
9138 1
9141 1
9142 2
9144 3
9145 1
9147 3
9148 1
9149 2
9156 1
9158 1
9159 1
9160 1
9163 1
9166 1
9168 1
9175 2
9179 2
9180 2
9181 4
9184 3
9186 1
9187 2
9188 1
9189 2
9190 1
9192 2
9193 2
9194 1
9196 1
9199 1
9200 1
9202 2
9203 2
9204 1
9209 1
9210 1
9212 1
9215 1
9216 1
9226 1
9227 2
9228 2
9229 2
9231 1
9232 1
9233 1
9234 1
9235 2
9236 2
9238 2
9242 1
9243 1
9244 5
9245 1
9246 2
9247 1
9250 2
9251 1
9252 1
9253 4
9254 3
9256 2
9257 1
9259 1
9260 1
9261 1
9262 2
9263 1
9264 1
9266 1
9267 1
9268 2
9269 3
9272 1
9274 1
9275 1
9276 1
9279 2
9280 2
9281 2
9282 1
9284 1
9285 2
9286 1
9288 2
9289 1
9290 1
9294 2
9296 1
9297 1
9298 1
9299 1
9300 1
9302 1
9305 2
9306 1
9307 1
9312 1
9315 1
9317 2
9319 2
9323 1
9325 2
9327 1
9332 1
9333 1
9335 1
9337 2
9338 1
9340 1
9341 1
9342 1
9343 2
9345 2
9347 1
9351 2
9352 1
9353 1
9354 1
9355 2
9357 1
9358 1
9361 1
9368 2
9370 1
9371 1
9376 1
9380 2
9381 1
9382 1
9387 1
9392 1
9393 4
9394 1
9395 1
9398 3
9401 1
9402 1
9405 1
9407 1
9409 1
9414 2
9416 2
9417 2
9419 2
9420 1
9425 2
9426 1
9428 3
9430 1
9433 1
9437 1
9438 1
9440 1
9444 1
9445 1
9447 1
9448 9
9449 3
9451 1
9454 1
9455 1
9456 1
9458 2
9461 1
9464 1
9468 2
9469 1
9474 1
9475 1
9476 1
9478 3
9479 3
9482 1
9483 2
9484 1
9487 2
9488 2
9489 1
9490 1
9491 1
9492 1
9494 5
9495 2
9497 2
9499 1
9500 2
9507 3
9513 2
9514 1
9515 1
9518 1
9519 2
9521 1
9523 1
9524 1
9539 2
9542 1
9552 1
9556 1
9559 1
9560 1
9562 2
9566 1
9571 1
9572 1
9576 2
9577 1
9580 1
9583 1
9585 1
9586 1
9593 1
9594 2
9601 1
9604 1
9608 1
9611 1
9613 1
9622 1
9624 2
9629 1
9638 1
9648 5
9662 1
9665 1
9666 1
9667 1
9669 3
9670 1
9673 1
9675 1
9677 1
9682 1
9683 1
9692 1
9697 1
9701 1
9705 1
9708 1
9710 1
9720 1
9722 1
9724 1
9725 1
9726 1
9731 2
9738 1
9741 1
9742 1
9756 1
9772 1
9773 1
9776 1
9779 1
9785 1
9791 2
9797 1
9804 1
9806 1
9809 1
9810 1
9820 1
9821 1
9822 1
9826 1
9831 1
9832 4
9838 1
9839 1
9842 1
9851 1
9856 1
9862 1
9876 2
9882 1
9892 1
9893 3
9898 1
9900 1
9904 1
9917 1
9922 1
9935 2
9945 1
9956 1
9963 2
9964 1
9965 1
9969 1
9984 2
9996 1
9999 4
10000 2
10001 2
10025 1
10033 2
10048 1
10054 1
10057 1
10068 1
10074 2
10076 1
10096 1
10105 1
10107 1
10109 1
10129 1
10130 1
10133 1
10137 1
10140 1
10148 1
10160 1
10169 1
10171 1
10174 1
10176 1
10177 1
10191 1
10198 1
10202 1
10203 1
10205 1
10214 1
10224 1
10226 1
10232 1
10236 1
10239 1
10258 1
10260 1
10268 1
10273 1
10279 3
10280 2
10290 1
10292 1
10296 1
10299 1
10343 1
10344 1
10347 1
10353 1
10356 1
10357 1
10376 1
10378 1
10380 2
10401 1
10415 1
10416 1
10421 1
10424 1
10426 1
10441 1
10447 1
10452 1
10463 1
10471 1
10474 2
10477 4
10478 3
10479 2
10482 3
10485 2
10511 1
10518 2
10520 2
10525 1
10526 2
10529 1
10530 2
10534 3
10535 2
10538 1
10540 1
10542 2
10550 1
10552 2
10554 2
10558 1
10559 2
10561 1
10564 3
10579 1
10591 1
10597 2
10598 1
10605 1
10612 1
10615 1
10618 1
10620 1
10623 2
10624 3
10630 1
10636 1
10644 1
10650 3
10651 1
10658 1
10662 1
10666 1
10674 1
10676 1
10677 2
10680 4
10686 1
10689 1
10709 1
10718 1
10720 1
10721 1
10727 1
10730 1
10737 1
10738 1
10740 1
10749 3
10751 1
10760 2
10770 1
10772 4
10773 2
10774 1
10779 1
10780 3
10788 1
10789 1
10794 1
10796 1
10800 1
10801 1
10803 1
10809 1
10810 1
10824 1
10825 1
10831 1
10832 1
10836 1
10838 1
10844 1
10845 2
10850 1
10852 2
10853 1
10857 1
10864 1
10865 1
10868 1
10875 1
10880 1
10881 2
10883 1
10885 1
10887 2
10888 1
10889 1
10896 1
10898 1
10906 1
10908 1
10917 2
10921 2
10922 2
10925 1
10928 2
10930 3
10935 1
10936 3
10944 2
10951 2
10952 1
10957 1
10958 1
10960 1
10964 1
10968 1
10970 1
10975 1
10977 2
10987 1
10995 1
10996 1
11004 1
11006 1
11008 1
11023 1
11038 1
11040 2
11049 1
11058 1
11065 1
11067 1
11072 1
11073 1
11084 1
11086 1
11087 1
11095 5
11096 1
11097 2
11101 1
11102 1
11104 1
11105 1
11119 1
11121 1
11127 2
11131 4
11137 1
11143 2
11150 3
11153 1
11157 1
11165 1
11166 2
11168 1
11180 1
11181 1
11185 1
11188 3
11199 1
11200 4
11201 1
11202 1
11205 1
11206 2
11212 1
11214 1
11216 1
11220 2
11229 1
11232 1
11238 2
11240 2
11243 1
11245 1
11246 1
11249 1
11251 2
11259 1
11265 1
11266 1
11268 2
11269 3
11271 1
11276 1
11277 1
11279 1
11280 1
11288 1
11291 3
11293 1
11294 2
11297 1
11300 1
11302 1
11305 1
11306 1
11321 1
11322 1
11325 1
11328 1
11329 1
11332 1
11335 1
11336 1
11340 3
11343 2
11344 1
11348 1
11350 1
11351 1
11355 2
11364 2
11368 1
11369 1
11373 1
11374 2
11376 1
11388 1
11393 2
11396 1
11402 1
11408 2
11415 1
11417 2
11424 1
11427 1
11428 1
11441 1
11449 1
11452 2
11455 1
11461 1
11463 1
11466 1
11467 1
11468 1
11474 1
11482 2
11483 1
11504 1
11506 1
11508 1
11516 1
11517 1
11531 2
11532 1
11539 2
11540 1
11546 1
11547 1
11549 1
11552 1
11553 2
11554 1
11558 1
11561 1
11563 1
11566 1
11574 1
11576 1
11580 1
11589 1
11599 1
11612 1
11628 1
11632 2
11633 2
11647 1
11649 1
11651 1
11667 2
11672 1
11675 1
11681 2
11688 1
11691 2
11692 1
11698 1
11701 1
11708 1
11723 1
11724 1
11725 1
11728 2
11731 1
11732 1
11736 1
11739 1
11743 1
11760 1
11761 1
11764 1
11766 1
11769 2
11774 1
11775 1
11782 2
11786 2
11787 2
11789 1
11799 1
11813 1
11817 1
11826 1
11836 2
11837 1
11851 2
11867 6
11871 1
11874 1
11880 1
11884 1
11886 3
11891 1
11913 2
11915 1
11922 1
11924 2
11925 1
11928 1
11929 1
11932 1
11933 1
11934 1
11937 1
11943 1
11944 2
11945 2
11946 1
11948 1
11950 1
11951 2
11952 1
11956 7
11957 1
11963 2
11964 1
11965 3
11968 1
11970 2
11971 2
11973 1
11974 1
11975 1
11977 1
11979 1
11982 2
11984 1
11993 1
11996 1
12001 1
12015 1
12016 1
12018 1
12028 1
12031 1
12035 3
12040 1
12042 2
12061 2
12073 1
12077 2
12080 1
12084 1
12085 1
12087 1
12088 2
12093 1
12094 1
12097 1
12100 1
12102 1
12108 2
12109 1
12115 1
12121 1
12122 1
12131 1
12135 1
12137 1
12139 1
12140 1
12141 1
12145 2
12146 1
12150 1
12151 2
12155 1
12159 1
12162 1
12164 2
12165 3
12167 2
12170 1
12171 2
12173 2
12174 1
12182 1
12189 1
12192 1
12203 1
12204 1
12225 2
12241 2
12243 2
12249 1
12251 1
12266 2
12267 1
12270 3
12275 1
12277 1
12279 2
12280 2
12283 4
12290 1
12291 1
12294 1
12341 1
12342 1
12343 1
12344 1
12348 1
12350 2
12372 1
12380 1
12394 1
12396 4
12397 1
12399 1
12403 1
12411 1
12413 1
12420 1
12422 1
12423 1
12425 1
12426 1
12435 1
12437 1
12439 2
12440 1
12442 1
12446 1
12448 2
12451 1
12453 1
12474 1
12494 1
12500 1
12527 1
12573 1
12574 1
12601 1
12605 1
12609 1
12610 1
12620 1
12630 1
12631 2
12640 2
12645 1
12649 1
12650 1
12654 1
12658 1
12664 2
12665 1
12668 1
12672 1
12674 1
12678 1
12686 1
12698 1
12702 1
12709 1
12714 2
12719 2
12723 1
12726 2
12728 1
12734 1
12737 1
12748 1
12750 1
12780 1
12792 1
12812 1
12814 1
12832 2
12837 1
12841 1
12859 1
12862 1
12863 1
12904 2
12916 1
12922 1
12933 1
12943 1
12945 1
12946 1
12950 1
12951 2
12953 1
12955 1
12963 2
12981 1
12992 2
12999 1
13002 2
13021 1
13032 1
13033 1
13044 1
13047 1
13061 1
13062 1
13089 1
13090 1
13106 1
13125 1
13126 1
13176 1
13184 1
13195 1
13201 1
13210 1
13211 1
13219 2
13220 1
13224 1
13227 1
13228 4
13230 1
13231 1
13232 2
13233 1
13260 1
13264 1
13266 1
13278 1
13280 2
13285 1
13299 1
13313 1
13321 1
13326 1
13334 3
13340 1
13341 3
13356 1
13365 1
13375 1
13379 1
13381 1
13392 1
13409 1
13410 1
13417 1
13420 3
13433 4
13448 1
13450 3
13460 1
13467 1
13475 1
13476 1
13484 2
13485 1
13486 1
13487 1
13489 1
13492 1
13494 1
13496 1
13498 1
13500 2
13508 1
13516 1
13528 2
13529 1
13530 1
13532 1
13533 1
13543 1
13544 2
13557 1
13562 1
13580 1
13594 1
13602 1
13604 1
13622 3
13643 1
13644 1
13646 1
13650 1
13656 1
13660 1
13662 2
13663 2
13666 1
13668 1
13677 1
13678 1
13679 1
13681 1
13690 1
13694 2
13696 3
13697 1
13707 1
13726 1
13728 1
13737 1
13744 1
13748 1
13755 1
13767 1
13772 1
13773 1
13786 1
13800 1
13818 1
13820 1
13831 1
13835 1
13836 4
13837 4
13839 1
13840 1
13858 1
13865 1
13869 1
13874 1
13876 1
13877 1
13878 1
13881 1
13887 1
13901 1
13906 1
13912 1
13913 1
13928 1
13945 1
13951 1
13954 1
13957 1
13969 1
13971 1
13972 1
13974 1
13992 1
13993 1
14006 1
14020 1
14031 1
14039 1
14047 1
14048 1
14050 1
14071 1
14073 1
14087 2
14088 1
14090 1
14092 1
14099 1
14111 2
14113 1
14116 1
14126 2
14130 1
14134 1
14140 1
14142 3
14153 1
14171 2
14178 2
14180 2
14192 1
14195 1
14201 1
14202 2
14204 2
14235 1
14243 1
14245 1
14246 1
14263 1
14271 1
14273 1
14280 1
14281 1
14283 1
14284 1
14296 1
14300 2
14306 1
14313 1
14315 1
14316 1
14318 1
14319 1
14323 1
14326 1
14328 1
14330 2
14331 1
14343 1
14365 1
14366 1
14373 2
14382 2
14394 1
14404 1
14414 1
14421 1
14428 1
14429 2
14431 1
14435 3
14436 1
14442 2
14443 1
14450 1
14458 2
14459 1
14460 1
14463 1
14479 1
14480 1
14481 4
14482 3
14497 2
14499 2
14506 2
14507 1
14511 2
14512 1
14515 1
14518 1
14519 1
14520 1
14524 1
14530 1
14535 2
14547 1
14548 1
14555 2
14571 1
14575 2
14580 1
14581 2
14584 1
14590 1
14593 1
14621 1
14630 1
14632 2
14637 1
14638 1
14642 1
14648 2
14651 1
14660 1
14663 1
14665 1
14672 1
14676 1
14679 1
14683 1
14688 1
14690 2
14694 1
14696 1
14711 1
14717 1
14721 1
14723 1
14724 1
14726 2
14735 1
14738 1
14742 2
14753 1
14781 1
14790 1
14798 2
14816 1
14820 1
14829 3
14830 1
14831 1
14832 2
14835 1
14840 1
14846 1
14847 1
14863 1
14869 1
14878 1
14883 1
14886 1
14892 1
14894 1
14895 1
14897 1
14900 2
14904 2
14907 2
14909 4
14925 1
14926 2
14927 1
14932 1
14939 2
14945 1
14947 1
14948 1
14949 2
14954 1
14959 1
14973 1
14976 1
14989 1
14991 1
15014 1
15025 1
15027 1
15033 1
15041 2
15046 1
15061 1
15062 1
15088 1
15089 1
15093 1
15097 1
15101 1
15103 1
15114 1
15115 1
15117 1
15118 2
15124 1
15136 1
15137 1
15138 2
15143 1
15145 1
15146 2
15147 1
15149 1
15150 1
15151 1
15158 1
15160 1
15164 1
15174 1
15175 1
15182 1
15185 1
15196 1
15198 1
15199 1
15210 2
15215 1
15217 1
15225 1
15229 1
15230 1
15231 1
15233 3
15238 1
15250 1
15255 2
15258 1
15264 2
15268 1
15272 1
15280 1
15290 1
15294 1
15297 1
15305 1
15307 2
15308 1
15314 1
15316 1
15321 2
15335 1
15348 1
15366 3
15369 1
15370 2
15371 1
15372 1
15382 1
15383 1
15384 1
15394 1
15395 1
15396 2
15423 1
15428 1
15432 1
15448 2
15449 1
15452 1
15479 2
15490 1
15495 1
15497 1
15499 1
15500 1
15506 1
15512 1
15517 1
15533 1
15536 1
15540 1
15545 2
15546 2
15551 2
15560 1
15568 1
15570 1
15572 1
15581 2
15588 2
15607 1
15613 2
15623 1
15627 2
15629 1
15644 2
15645 1
15649 1
15650 1
15670 1
15671 1
15699 1
15704 1
15707 1
15711 2
15717 1
15721 1
15734 1
15735 1
15737 1
15781 1
15796 1
15807 1
15808 1
15811 1
15813 1
15826 1
15828 1
15845 1
15868 1
15869 1
15873 1
15875 1
15895 1
15910 1
15913 1
15924 1
15925 1
15926 1
15940 1
15941 1
15946 1
15957 1
15962 3
15963 1
15964 1
15969 1
15970 1
15975 1
15978 2
15979 1
15980 1
15981 1
15984 2
15987 1
16000 1
16006 2
16021 4
16022 1
16026 1
16042 1
16043 2
16045 1
16046 1
16047 1
16048 1
16049 1
16052 2
16053 3
16054 1
16055 2
16062 2
16063 2
16064 2
16070 1
16071 1
16089 1
16095 1
16096 1
16101 1
16111 1
16116 1
16133 1
16134 1
16137 1
16152 1
16162 2
16166 1
16167 3
16169 1
16186 1
16189 1
16202 1
16205 2
16282 1
16292 2
16913 1
16914 1
16917 1
16938 2
16995 1
17268 1
17417 1
17421 1
17719 1
18293 1
18612 1
18824 1
18828 1
19141 1
19173 1
19341 2
19744 1
19841 3
20001 2
20427 1
20432 1
20436 1
20454 1
20457 1
20582 1
20631 3
20635 24
20636 8
20637 1
20638 8
20641 2
20649 1
20659 2
20681 5
20682 8
20684 2
20685 4
20687 2
20693 1
20930 1
20965 1
20980 1
20983 1
20984 1
21023 1
21025 1
21026 2
21096 1
21108 1
21110 1
21118 1
21187 1
21241 1
21264 1
21279 2
21280 1
21282 2
21294 1
21335 1
21343 1
21361 1
21378 1
21383 1
21385 1
21391 1
21399 1
21404 1
21406 1
21413 2
21414 1
21432 1
21447 1
21453 1
21462 1
21474 1
21477 1
21481 1
21498 1
21499 1
21515 1
21518 1
21527 1
21539 1
21540 1
21552 1
21579 1
21591 1
21638 2
21646 1
21673 1
21702 1
21711 1
21717 1
21722 1
21725 1
21737 1
21738 1
21781 1
21800 1
21817 1
21818 1
21823 1
21834 1
21855 1
21856 1
21883 1
21887 1
21888 1
21936 1
21963 1
21965 1
21971 1
21994 3
22010 1
22019 1
22040 1
22068 1
22101 1
22192 1
22253 1
22259 1
22270 1
22326 1
22348 1
22362 1
22369 1
22370 1
22384 1
22391 2
22392 1
22400 1
22401 1
22402 1
22420 1
22447 1
22634 1
22814 1
22937 1
23351 2
23635 1
23833 1
24045 1
24156 1
24930 1
25397 1
25502 1
25541 1
25587 1
25654 1
25655 1
25755 1
25765 1
25799 1
25818 1
25827 1
25878 1
25901 1
25911 1
25929 1
25932 1
25969 1
26076 1
26082 1
26114 1
26115 1
26118 1
26419 1
27730 1
30001 7
30029 1
34174 1
36412 1
36413 1
37491 1
39944 1
39965 2
40904 1
40981 1
41280 1
41442 1
41454 1
41469 1
41536 1
41551 1
41555 1
41568 1
41570 1
41592 1
41627 1
41631 1
41641 1
41654 1
41659 2
41662 1
41670 1
41672 1
41677 1
41680 1
41688 1
41691 1
41692 1
41701 1
41702 1
41707 1
41710 1
41711 1
41718 1
41728 1
41821 1
41825 1
41831 1
41849 1
41850 1
41855 1
41862 2
41864 1
41865 1
41866 2
41874 1
41878 1
41880 1
41883 1
41897 1
41911 1
41914 1
41916 1
41922 1
41929 1
41935 1
41947 1
41951 1
41953 1
41964 1
41967 1
41974 1
42053 1
43112 1
45203 2
45414 2
45609 1
46568 1
46791 3
47222 1
47383 2
49455 2
51948 1
51991 2
52813 1
54193 2
55590 1
56010 1
60674 1
62342 1
64312 1
69911 1
72862 1
73758 1
74292 1
95235 1
96254 1
96552 1
