0 1
1 13326888
2 8231443
3 1304869
4 537518
5 288181
6 175725
7 115767
8 83581
9 62554
10 49796
11 40327
12 32231
13 26693
14 22374
15 18373
16 15831
17 13656
18 11870
19 10505
20 9360
21 8464
22 7632
23 6828
24 6273
25 5763
26 5345
27 4849
28 4472
29 4243
30 4049
31 3635
32 3304
33 3195
34 2959
35 2805
36 2662
37 2528
38 2347
39 2182
40 2108
41 1992
42 1925
43 1893
44 1738
45 1673
46 1641
47 1500
48 1509
49 1397
50 1323
51 1274
52 1296
53 1162
54 1113
55 1131
56 1099
57 1071
58 989
59 934
60 976
61 886
62 867
63 806
64 835
65 789
66 729
67 732
68 755
69 672
70 663
71 704
72 618
73 616
74 604
75 601
76 577
77 568
78 573
79 517
80 542
81 531
82 501
83 502
84 460
85 488
86 471
87 447
88 389
89 476
90 408
91 439
92 437
93 361
94 376
95 359
96 398
97 354
98 354
99 360
100 321
101 348
102 329
103 289
104 333
105 290
106 313
107 282
108 282
109 291
110 250
111 254
112 288
113 261
114 252
115 262
116 218
117 226
118 247
119 211
120 249
121 232
122 215
123 204
124 219
125 203
126 220
127 202
128 196
129 185
130 188
131 181
132 168
133 192
134 154
135 189
136 174
137 176
138 169
139 162
140 171
141 154
142 142
143 171
144 171
145 165
146 138
147 149
148 158
149 141
150 141
151 133
152 138
153 144
154 125
155 141
156 144
157 138
158 127
159 133
160 116
161 133
162 123
163 117
164 137
165 112
166 121
167 122
168 115
169 129
170 104
171 113
172 98
173 116
174 98
175 120
176 95
177 91
178 109
179 99
180 103
181 99
182 88
183 96
184 99
185 104
186 94
187 75
188 91
189 86
190 83
191 94
192 82
193 81
194 84
195 92
196 72
197 87
198 60
199 83
200 71
201 67
202 79
203 86
204 75
205 59
206 74
207 81
208 83
209 84
210 68
211 55
212 78
213 78
214 61
215 63
216 68
217 79
218 76
219 63
220 74
221 56
222 64
223 69
224 62
225 63
226 64
227 57
228 77
229 66
230 62
231 60
232 59
233 59
234 48
235 54
236 57
237 52
238 47
239 60
240 50
241 56
242 64
243 49
244 60
245 48
246 47
247 43
248 46
249 46
250 58
251 37
252 49
253 53
254 49
255 47
256 51
257 44
258 48
259 55
260 44
261 50
262 46
263 51
264 56
265 43
266 37
267 45
268 43
269 42
270 53
271 51
272 37
273 39
274 41
275 47
276 37
277 59
278 44
279 39
280 36
281 36
282 36
283 39
284 41
285 50
286 38
287 50
288 35
289 32
290 28
291 38
292 42
293 26
294 32
295 41
296 34
297 42
298 31
299 39
300 29
301 37
302 22
303 27
304 31
305 29
306 40
307 40
308 33
309 24
310 22
311 35
312 34
313 21
314 25
315 38
316 25
317 33
318 37
319 31
320 30
321 36
322 36
323 40
324 32
325 41
326 35
327 26
328 27
329 28
330 24
331 20
332 28
333 34
334 26
335 28
336 26
337 23
338 22
339 22
340 27
341 30
342 26
343 24
344 29
345 35
346 27
347 24
348 23
349 25
350 22
351 19
352 25
353 20
354 28
355 17
356 14
357 17
358 25
359 30
360 10
361 19
362 22
363 17
364 19
365 26
366 17
367 30
368 24
369 22
370 30
371 16
372 19
373 20
374 26
375 21
376 20
377 15
378 22
379 16
380 27
381 30
382 21
383 17
384 24
385 22
386 16
387 19
388 22
389 21
390 20
391 25
392 18
393 12
394 16
395 21
396 20
397 15
398 16
399 13
400 20
401 27
402 22
403 16
404 21
405 16
406 24
407 14
408 19
409 18
410 19
411 22
412 23
413 15
414 15
415 14
416 12
417 20
418 17
419 18
420 12
421 20
422 16
423 21
424 16
425 18
426 16
427 20
428 23
429 13
430 12
431 18
432 17
433 11
434 8
435 13
436 15
437 15
438 12
439 17
440 11
441 13
442 13
443 9
444 20
445 12
446 13
447 11
448 20
449 8
450 19
451 7
452 9
453 12
454 13
455 6
456 6
457 16
458 15
459 9
460 13
461 14
462 18
463 8
464 11
465 13
466 15
467 9
468 19
469 13
470 15
471 18
472 11
473 15
474 11
475 12
476 14
477 15
478 7
479 11
480 15
481 9
482 11
483 12
484 11
485 19
486 16
487 15
488 19
489 10
490 14
491 11
492 8
493 16
494 11
495 9
496 10
497 12
498 13
499 17
500 10
501 9
502 11
503 11
504 12
505 15
506 9
507 10
508 10
509 14
510 13
511 17
512 10
513 10
514 13
515 11
516 8
517 7
518 10
519 10
520 10
521 6
522 8
523 10
524 12
525 9
526 9
527 11
528 15
529 11
530 7
531 11
532 5
533 7
534 6
535 5
536 11
537 10
538 10
539 7
540 9
541 14
542 10
543 8
544 13
545 10
546 8
547 5
548 9
549 6
550 12
551 10
552 9
553 7
554 7
555 8
556 14
557 7
558 7
559 6
560 15
561 10
562 15
563 7
564 6
565 7
566 12
567 7
568 9
569 8
570 13
571 6
572 6
573 9
574 10
575 10
576 8
577 12
578 13
579 3
580 9
581 10
582 7
583 4
584 9
585 2
586 9
587 8
588 9
589 10
590 11
591 10
592 8
593 4
594 5
595 5
596 4
597 12
598 5
599 8
600 5
601 6
602 12
603 4
604 7
605 7
606 3
607 11
608 8
609 11
610 11
611 9
612 7
613 8
614 7
615 3
616 6
617 7
618 8
619 11
620 8
621 7
622 6
623 5
624 4
625 3
626 5
627 8
628 11
629 3
630 3
631 9
632 8
633 4
634 5
635 6
636 10
637 5
638 5
639 5
640 7
641 12
642 11
643 8
644 9
645 3
646 11
647 6
648 8
649 5
650 5
651 6
652 6
653 6
654 5
655 6
656 6
657 7
658 10
659 7
660 5
661 3
662 4
663 9
664 4
665 7
666 6
667 7
668 3
669 9
670 1
671 10
672 3
673 5
674 4
675 6
676 3
677 2
678 8
679 6
680 7
681 5
682 9
683 2
684 6
685 6
686 4
687 6
688 6
689 5
690 2
691 5
693 4
694 1
695 10
696 5
697 4
698 9
699 3
700 3
701 2
702 9
703 4
704 6
705 4
706 9
707 5
708 2
709 3
710 5
711 3
712 11
713 7
714 4
715 5
716 4
717 8
718 9
719 2
720 6
721 4
722 7
723 3
724 5
725 6
726 6
727 7
728 6
729 7
730 3
731 6
732 4
733 3
734 4
735 4
736 2
737 2
738 6
739 9
740 6
741 6
742 7
743 5
744 13
745 13
746 7
747 8
748 2
749 3
750 7
751 5
752 5
753 6
754 6
755 2
756 4
757 4
758 3
759 3
760 8
761 7
762 4
763 5
764 7
765 9
766 6
767 3
768 2
769 7
770 9
771 6
772 2
773 5
774 4
775 8
776 10
777 2
778 1
779 6
780 3
781 5
782 7
783 4
784 5
785 4
786 9
787 7
788 7
789 6
790 5
791 3
792 3
793 3
794 5
795 7
796 4
797 5
798 7
799 5
800 2
801 1
802 4
803 5
804 5
805 2
806 4
807 8
808 5
809 5
810 3
811 2
812 8
813 2
814 5
816 2
817 5
818 3
819 5
821 4
822 4
823 2
824 5
825 4
826 3
828 3
829 8
830 4
831 3
832 3
833 4
834 9
835 5
836 1
837 4
838 5
839 2
840 4
841 7
842 5
843 4
844 5
845 1
846 1
847 5
848 1
849 6
850 6
851 3
853 4
854 8
855 2
856 2
857 8
858 4
859 2
860 6
861 4
862 2
863 5
864 7
865 3
866 3
867 4
868 1
869 2
870 5
871 5
872 2
873 2
874 2
875 4
876 3
877 3
878 2
879 2
880 2
881 1
882 1
883 2
884 4
885 4
886 4
887 7
888 6
889 4
890 4
891 6
892 1
893 3
894 2
895 4
896 6
897 2
898 2
900 3
901 1
902 2
903 3
904 3
905 3
906 3
907 1
908 4
909 2
910 3
911 2
912 1
913 3
914 1
915 5
916 3
917 4
918 3
919 1
921 1
922 6
923 5
924 2
925 5
926 4
928 3
929 2
930 5
931 1
932 1
933 1
934 5
935 1
936 2
937 3
938 2
939 1
940 2
941 1
942 3
943 4
944 4
945 7
946 3
947 2
948 3
949 5
950 3
951 2
952 4
953 5
954 4
955 9
956 2
957 1
958 3
959 3
960 3
961 2
962 4
963 6
965 5
967 5
968 6
969 1
970 4
971 1
972 2
973 3
974 3
975 3
976 4
977 1
979 2
980 2
981 2
983 5
984 2
985 3
986 2
987 1
988 3
989 1
990 2
991 4
992 4
993 4
994 4
995 2
996 1
997 4
998 4
999 3
1000 6
1001 2
1002 3
1003 4
1004 1
1005 1
1006 3
1007 1
1008 3
1009 3
1010 4
1011 1
1012 2
1013 1
1014 4
1015 4
1016 2
1017 4
1018 3
1019 2
1020 2
1021 2
1022 4
1023 3
1024 3
1025 2
1026 3
1027 4
1028 2
1029 3
1030 6
1032 2
1033 2
1034 3
1036 1
1037 1
1039 4
1040 3
1041 4
1042 1
1043 1
1044 1
1045 1
1046 3
1047 2
1048 1
1049 3
1051 3
1052 4
1053 3
1054 2
1055 2
1056 1
1057 2
1058 2
1059 2
1060 5
1061 2
1062 1
1063 2
1064 3
1065 2
1066 6
1067 2
1068 3
1069 2
1070 1
1072 4
1073 3
1074 1
1075 1
1076 3
1077 4
1079 2
1080 1
1081 2
1082 1
1083 6
1084 2
1085 2
1086 1
1087 1
1088 1
1089 2
1090 4
1091 2
1092 2
1093 1
1094 2
1095 2
1096 3
1097 1
1098 4
1099 3
1100 4
1101 2
1103 2
1104 2
1105 2
1106 2
1107 1
1108 3
1109 3
1110 1
1112 4
1113 2
1114 1
1116 2
1117 3
1118 1
1119 1
1120 1
1121 1
1122 1
1123 2
1124 3
1125 1
1126 1
1128 1
1129 2
1130 1
1132 1
1134 3
1135 4
1137 2
1138 3
1139 1
1140 2
1141 2
1142 1
1144 4
1146 2
1147 1
1148 4
1152 1
1154 1
1155 2
1156 4
1157 2
1159 3
1160 1
1161 3
1163 1
1164 1
1165 2
1166 3
1167 2
1168 2
1170 3
1171 3
1172 1
1173 3
1174 3
1175 3
1176 3
1177 2
1178 1
1179 2
1180 1
1181 1
1182 3
1183 1
1184 1
1185 3
1186 3
1187 6
1188 2
1189 1
1190 5
1192 2
1193 1
1195 1
1196 5
1197 1
1200 2
1201 3
1202 2
1203 1
1204 2
1205 2
1206 3
1207 1
1209 1
1210 2
1211 1
1212 3
1214 2
1215 2
1216 3
1217 4
1218 3
1219 4
1220 2
1223 1
1224 2
1225 3
1226 2
1227 1
1228 2
1230 2
1231 1
1232 3
1233 5
1234 1
1235 1
1236 1
1237 5
1238 1
1240 3
1241 3
1242 5
1248 1
1250 2
1251 1
1252 4
1253 1
1254 1
1256 1
1257 3
1258 1
1259 1
1260 2
1261 1
1262 3
1263 2
1264 3
1266 3
1267 1
1269 4
1270 1
1271 3
1272 1
1273 3
1277 2
1278 2
1279 1
1280 1
1282 1
1284 2
1285 1
1287 1
1288 1
1289 1
1290 2
1291 3
1293 1
1294 2
1297 2
1298 5
1300 2
1301 5
1303 3
1304 2
1305 2
1308 2
1309 1
1311 1
1312 1
1316 2
1317 2
1321 1
1322 1
1323 2
1324 1
1325 1
1327 1
1328 1
1329 1
1330 2
1331 2
1332 2
1334 1
1335 1
1336 1
1337 3
1338 3
1340 1
1341 5
1343 1
1345 3
1346 2
1347 1
1348 1
1349 2
1350 1
1351 4
1352 2
1353 2
1354 2
1355 2
1356 3
1357 1
1359 1
1361 1
1363 5
1364 1
1365 4
1367 1
1369 3
1370 2
1372 2
1373 1
1375 1
1376 2
1377 2
1379 2
1380 2
1381 1
1382 3
1383 1
1384 1
1386 2
1387 2
1388 1
1389 4
1391 1
1392 3
1393 2
1395 3
1399 1
1402 1
1403 1
1404 1
1406 2
1407 1
1408 2
1409 2
1410 1
1414 1
1418 1
1422 2
1423 1
1424 1
1427 1
1428 2
1429 1
1430 3
1431 1
1432 2
1433 1
1434 1
1435 2
1436 1
1437 1
1438 1
1440 2
1441 1
1442 1
1443 1
1444 1
1445 1
1447 1
1448 1
1450 1
1451 1
1458 1
1459 5
1460 2
1461 1
1463 1
1464 2
1465 2
1466 2
1467 1
1468 2
1470 2
1471 1
1472 2
1473 1
1474 2
1476 2
1477 1
1478 2
1482 1
1483 1
1484 1
1485 1
1486 1
1487 1
1488 1
1489 1
1490 1
1491 1
1492 1
1496 2
1497 1
1499 1
1503 2
1505 1
1506 1
1507 1
1509 1
1510 2
1513 1
1514 2
1516 1
1517 1
1522 3
1524 1
1526 1
1527 2
1529 1
1530 3
1532 2
1533 2
1534 1
1539 2
1542 2
1543 1
1546 1
1551 2
1552 2
1553 1
1555 1
1556 1
1557 1
1558 2
1560 1
1563 1
1564 1
1565 1
1567 1
1568 1
1569 1
1571 1
1572 2
1573 1
1574 1
1575 2
1576 2
1579 4
1581 2
1582 1
1583 2
1585 1
1586 1
1589 1
1590 2
1592 1
1593 3
1595 1
1596 1
1599 1
1600 1
1603 1
1605 1
1608 2
1609 4
1611 1
1613 3
1614 1
1615 1
1616 1
1618 1
1619 1
1620 1
1623 1
1626 2
1628 1
1629 3
1630 2
1632 4
1633 1
1635 1
1636 3
1637 1
1640 1
1641 2
1644 1
1645 1
1646 1
1647 1
1648 1
1649 4
1650 3
1651 1
1652 1
1653 1
1654 1
1658 3
1659 1
1660 3
1661 3
1662 1
1663 2
1666 1
1667 2
1668 3
1669 2
1670 2
1671 1
1672 1
1673 1
1674 3
1675 2
1676 1
1677 2
1678 1
1679 2
1682 2
1683 1
1684 2
1686 1
1687 1
1688 1
1689 2
1690 1
1696 3
1697 1
1699 1
1701 1
1703 1
1704 1
1705 2
1706 1
1708 4
1709 2
1710 1
1711 2
1712 1
1713 1
1716 2
1717 1
1718 2
1719 4
1720 1
1722 1
1723 2
1725 2
1726 1
1728 3
1729 1
1731 1
1733 1
1735 2
1736 1
1737 1
1741 1
1742 3
1743 1
1746 1
1747 2
1748 2
1749 1
1750 1
1752 1
1753 2
1755 1
1760 1
1761 1
1766 1
1767 1
1768 1
1772 3
1773 2
1774 1
1776 1
1777 1
1778 1
1779 1
1781 2
1784 1
1785 1
1786 1
1787 2
1789 1
1791 1
1794 2
1795 2
1796 1
1797 1
1804 2
1807 2
1808 2
1810 1
1811 1
1813 1
1814 2
1817 1
1819 1
1820 1
1822 3
1823 1
1824 1
1825 2
1827 1
1828 2
1830 1
1831 1
1834 1
1836 1
1837 2
1838 2
1841 2
1844 1
1845 2
1850 1
1852 2
1853 1
1855 1
1856 1
1857 1
1861 3
1862 1
1863 2
1868 1
1869 2
1871 1
1873 1
1874 1
1879 1
1881 2
1882 1
1890 1
1892 3
1893 2
1903 1
1905 1
1908 2
1909 1
1910 2
1912 2
1914 2
1916 2
1918 1
1922 1
1926 1
1927 1
1931 2
1932 1
1933 1
1938 1
1941 1
1942 1
1944 2
1947 1
1949 1
1950 3
1953 1
1954 2
1955 2
1958 1
1961 2
1962 1
1963 2
1965 1
1966 1
1967 1
1970 3
1971 2
1972 1
1973 1
1977 2
1978 1
1979 1
1985 2
1986 1
1987 2
1990 2
1991 3
1994 1
1996 1
2000 2
2001 1
2002 1
2005 2
2011 1
2012 1
2013 1
2015 2
2018 3
2020 1
2021 1
2028 1
2030 1
2031 2
2032 1
2033 2
2037 1
2038 2
2040 1
2041 2
2042 1
2047 2
2050 1
2057 1
2059 2
2061 2
2062 1
2063 1
2064 1
2065 1
2074 3
2075 2
2078 1
2079 1
2080 3
2083 1
2084 2
2085 1
2086 1
2087 1
2093 2
2097 1
2100 2
2101 1
2103 2
2104 1
2110 2
2111 2
2112 1
2113 1
2118 3
2123 1
2124 1
2132 1
2133 1
2136 1
2138 1
2139 2
2141 1
2144 2
2147 2
2150 3
2154 1
2156 1
2157 1
2162 1
2166 2
2168 2
2171 1
2172 1
2173 1
2176 1
2180 1
2182 1
2185 1
2188 1
2190 1
2194 1
2196 1
2197 2
2203 1
2204 1
2206 1
2210 1
2212 1
2213 1
2214 1
2217 1
2218 1
2219 1
2221 1
2222 1
2223 1
2230 1
2237 1
2243 1
2245 1
2248 2
2250 1
2259 1
2263 1
2264 2
2269 1
2278 1
2279 1
2287 2
2311 1
2312 1
2316 1
2317 1
2321 1
2333 2
2344 1
2347 1
2348 1
2350 1
2351 1
2370 1
2385 1
2387 1
2392 1
2393 1
2394 1
2395 1
2397 1
2406 1
2409 1
2413 1
2414 1
2415 1
2417 2
2419 1
2424 2
2432 1
2440 1
2442 1
2443 1
2445 1
2446 1
2452 1
2456 1
2457 1
2459 1
2460 1
2463 1
2471 1
2472 1
2476 1
2482 1
2483 1
2484 2
2496 2
2498 1
2501 1
2510 1
2512 1
2513 1
2515 1
2518 3
2523 1
2529 2
2536 1
2541 1
2546 1
2547 1
2549 1
2555 1
2559 1
2568 1
2569 1
2583 2
2587 1
2588 1
2589 1
2593 1
2596 1
2599 1
2600 1
2601 1
2603 1
2607 1
2610 1
2619 2
2620 2
2623 1
2636 1
2640 1
2642 1
2647 1
2653 1
2656 1
2657 1
2658 1
2661 1
2662 1
2663 1
2665 1
2670 3
2671 1
2676 1
2678 1
2684 1
2696 2
2698 2
2699 1
2701 2
2712 1
2720 1
2722 2
2726 1
2734 1
2735 1
2742 2
2743 1
2746 1
2747 1
2748 1
2751 1
2752 1
2760 1
2761 1
2763 2
2770 1
2772 2
2773 1
2779 2
2787 1
2791 1
2792 1
2793 1
2794 1
2803 1
2815 1
2824 1
2830 1
2849 1
2851 1
2857 1
2858 1
2871 1
2873 1
2874 1
2883 1
2889 2
2896 1
2899 1
2902 2
2903 1
2904 1
2905 1
2906 1
2920 2
2923 2
2927 1
2943 1
2945 1
2949 1
2950 1
2963 1
2984 1
2987 1
2991 1
2994 1
2995 1
3001 1
3005 1
3010 1
3014 1
3019 1
3032 1
3037 1
3042 1
3043 1
3045 1
3046 1
3055 1
3058 1
3061 1
3070 1
3074 1
3077 1
3079 1
3083 1
3095 1
3099 1
3102 1
3109 1
3112 1
3113 1
3115 1
3119 1
3127 1
3129 1
3136 1
3141 1
3146 1
3152 1
3154 1
3156 1
3161 1
3170 1
3173 1
3176 1
3177 1
3191 1
3219 1
3231 1
3234 1
3239 1
3244 1
3258 1
3273 1
3277 1
3280 1
3290 1
3292 1
3295 1
3312 1
3323 1
3348 1
3387 1
3397 1
3401 1
3411 1
3413 1
3414 1
3416 1
3419 1
3432 1
3435 1
3437 1
3441 1
3470 1
3474 1
3478 1
3479 1
3507 1
3509 1
3527 2
3536 1
3546 2
3548 1
3549 1
3551 1
3552 1
3553 1
3554 1
3555 1
3560 2
3565 2
3567 1
3576 1
3578 1
3580 1
3581 1
3582 1
3585 1
3605 1
3617 1
3642 1
3660 1
3664 1
3670 1
3671 1
3690 1
3695 1
3701 1
3704 1
3714 1
3719 1
3775 1
3777 1
3778 1
3787 1
3788 1
3789 1
3814 1
3828 1
3837 1
3854 1
3861 1
3863 1
3874 1
3889 1
3909 1
3913 1
3917 1
3939 1
3947 1
3950 1
3983 1
3991 1
4005 1
4025 1
4036 1
4046 1
4058 1
4068 1
4085 1
4097 1
4100 1
4110 1
4120 2
4126 1
4140 1
4146 1
4149 1
4154 1
4155 1
4157 1
4176 1
4183 1
4215 1
4236 1
4239 1
4276 1
4280 1
4297 1
4301 1
4308 1
4329 1
4340 1
4359 1
4456 1
4465 1
4477 1
4485 1
4504 1
4536 1
4543 1
4578 1
4593 1
4603 1
4606 1
4648 1
4671 1
4679 1
4701 1
4712 1
4741 1
4745 2
4796 1
4805 1
4815 1
4863 1
4869 1
4957 1
5002 1
5014 1
5097 1
5112 1
5128 1
5130 1
5132 1
5154 1
5164 1
5193 1
5208 1
5236 1
5281 1
5294 1
5302 1
5350 1
5359 1
5433 1
5505 2
5537 1
5544 1
5552 1
5555 1
5563 1
5569 1
5587 1
5597 1
5606 1
5607 1
5672 1
5696 1
5714 1
5732 1
5735 1
5824 1
5893 1
5927 1
5940 1
5962 1
5972 1
5998 1
6050 1
6074 1
6089 1
6099 1
6116 1
6153 1
6161 1
6207 1
6235 1
6238 2
6239 1
6248 1
6261 1
6275 1
6314 1
6323 1
6370 1
6385 1
6398 1
6558 1
6560 1
6757 1
6811 1
6817 1
6854 1
6876 1
6956 1
7004 1
7051 1
7059 1
7072 1
7118 1
7165 1
7219 1
7245 1
7293 1
7304 1
7315 1
7446 1
7541 1
7629 1
7639 1
7662 1
7900 1
7974 1
7981 1
8055 1
8111 1
8192 1
8455 1
8477 1
8665 1
8682 1
8698 1
8970 1
9061 1
9213 1
9223 1
9230 1
9715 1
9879 1
9912 1
10051 1
10104 1
10122 1
10207 1
10374 1
10377 1
10378 1
10471 1
10500 1
10531 1
10535 1
11216 1
11220 1
11375 1
11552 1
11726 1
11955 1
12018 1
12149 1
12217 1
12405 1
12453 1
12825 1
14566 1
14658 1
14666 1
14687 1
15011 1
15751 1
15867 1
16203 1
16204 1
17505 1
18618 1
18837 1
19126 1
20088 1
22773 1
24044 1
24238 1
24859 1
34093 1
35662 1
35668 1
36582 1
40889 1
44760 1
44813 1
83014 1
92467 1
