0 8451
1 3261034728
2 31948158889
3 161665668601
4 131610222540
5 92290877536
6 59947044257
7 43094297014
8 25183812450
9 14889680776
10 9241019961
11 5518750943
12 3688488608
13 1889510913
14 989598581
15 524613671
16 264186177
17 188256455
18 109727180
19 33017819
20 10223832
21 5856199
22 1374411
23 4229306
24 332146
25 303979
26 120717
27 89765
28 59319
29 38864
30 11412
31 17419
32 8568
33 6380
34 15894
35 43055
36 4255
37 1017
38 1298
39 1331
40 465
41 123406
42 442
43 338
44 777664
45 394
46 408
47 466
48 993
49 208
50 1579
51 571
52 180
53 209
54 226
55 150
56 342
57 193
58 648
59 879
60 2304
61 224
62 276
63 142
64 170
65 226
66 218
67 520
68 308
69 511
70 549
71 90
72 234
73 391
74 320
75 151
76 335
77 139
78 66
79 131
80 104
81 323
82 206
83 84
84 58
85 71
86 79
87 188
88 79
89 524
90 121
91 142
92 178
93 124
94 2828
95 2819
96 7908
97 6167
98 9066
99 2022
100 190
101 53
102 30
103 35
104 21
105 47
106 48
107 104
108 49
109 182
110 41
111 46
112 52
113 220
114 163
115 211
116 208
117 197
118 325
119 343
120 330
121 310
122 165
123 121
124 71
125 27
126 27
127 22
128 31
129 31
130 36
131 211
132 41
133 80
134 17
135 11
136 108
137 53
138 26
139 9
140 29
141 16
142 24
143 17
144 12
145 19
146 23
147 26
148 10
149 15
150 26
151 3
152 11
153 16
154 20
155 72
156 1
157 15
158 4
159 26
160 28
161 12
162 7
163 7
164 8
165 18
167 15
168 17
169 4
170 7
171 12
172 66
173 15
174 25
175 38
176 11
177 65
178 11
180 2
181 23
182 5
183 8
184 8
185 15
186 70
187 15
188 9
189 5
190 2
191 76
192 5
195 24
196 5
197 60
198 14
199 14
200 3
201 8
203 4
204 1
205 5
206 64
207 9
209 4
210 10
211 1
212 4
213 9
214 25
215 13
216 12
217 6
219 9
220 9
221 8
222 12
223 3
224 13
225 4
227 38
228 24
229 14
230 57
231 6
232 17
233 9
235 13
236 4
237 7
238 2
239 1
240 9
241 21
243 10
244 8
245 1
246 3
247 4
248 8
249 12
250 57
251 12
252 8
253 5
254 6
255 16
257 64
258 1
259 8
260 6
261 8
262 60
263 5
264 8
265 9
267 12
268 5
269 64
270 5
272 1
273 5
275 1
276 8
277 5
278 64
279 57
280 64
281 9
282 2
283 6
284 1
285 6
286 12
287 4
288 6
289 60
290 60
291 5
292 12
293 9
294 5
295 8
296 2
297 2
298 5
299 2
301 2
302 2
304 9
305 4
306 17
307 13
308 6
309 60
310 10
311 13
312 6
313 13
314 6
315 9
316 57
318 9
319 2
320 7
321 11
322 9
324 7
325 8
326 3
327 4
328 8
329 4
330 4
331 5
332 8
334 10
335 8
336 2
337 4
338 2
339 4
340 60
341 5
342 4
343 2
344 2
345 7
346 10
347 11
348 5
349 57
350 4
351 1
352 65
353 8
354 8
355 4
356 4
357 8
358 4
359 1
360 12
361 4
362 4
364 8
365 9
366 8
367 5
368 4
370 8
373 4
374 4
375 4
376 4
377 4
378 4
379 60
380 1
381 4
384 8
386 1
388 4
390 4
391 8
392 1
393 8
395 4
396 4
397 60
399 12
400 4
401 4
403 8
404 4
405 56
407 1
410 1
412 1
415 1
416 1
433 1
468 56
469 56
475 56
476 56
477 56
479 56
482 56
483 56
502 56
510 56
514 56
