1 22768378
2 47130325
3 24866066
4 8231428
5 2252942
6 918221
7 545684
8 352935
9 245804
10 173807
11 126824
12 97577
13 78560
14 64320
15 54080
16 45704
17 38717
18 32395
19 27521
20 23757
21 20522
22 17687
23 15333
24 13893
25 12429
26 11077
27 10016
28 9058
29 8395
30 7520
31 6859
32 6399
33 5929
34 5385
35 5009
36 4746
37 4359
38 4243
39 3938
40 3657
41 3466
42 3296
43 2974
44 2858
45 2751
46 2634
47 2481
48 2310
49 2180
50 2064
51 1913
52 1806
53 1814
54 1721
55 1729
56 1566
57 1539
58 1427
59 1308
60 1358
61 1271
62 1236
63 1148
64 1114
65 1079
66 1038
67 929
68 956
69 962
70 962
71 802
72 848
73 799
74 818
75 751
76 775
77 709
78 731
79 665
80 613
81 642
82 604
83 560
84 567
85 543
86 541
87 491
88 521
89 486
90 441
91 441
92 426
93 417
94 386
95 402
96 394
97 356
98 391
99 392
100 332
101 362
102 318
103 361
104 339
105 306
106 332
107 301
108 303
109 303
110 255
111 270
112 272
113 280
114 228
115 235
116 213
117 216
118 241
119 257
120 225
121 222
122 215
123 194
124 193
125 186
126 204
127 170
128 182
129 184
130 179
131 185
132 170
133 158
134 141
135 160
136 151
137 152
138 155
139 164
140 182
141 235
142 172
143 158
144 137
145 126
146 147
147 157
148 171
149 128
150 106
151 104
152 102
153 126
154 113
155 126
156 115
157 94
158 114
159 108
160 92
161 102
162 104
163 91
164 96
165 95
166 92
167 76
168 94
169 65
170 81
171 89
172 81
173 85
174 69
175 65
176 71
177 72
178 90
179 94
180 84
181 90
182 104
183 83
184 76
185 69
186 63
187 75
188 61
189 75
190 62
191 74
192 65
193 61
194 66
195 64
196 61
197 60
198 64
199 43
200 51
201 45
202 56
203 57
204 56
205 44
206 47
207 47
208 42
209 50
210 31
211 48
212 44
213 46
214 47
215 47
216 48
217 43
218 42
219 49
220 37
221 44
222 41
223 48
224 41
225 39
226 41
227 40
228 37
229 39
230 30
231 33
232 34
233 39
234 30
235 29
236 36
237 26
238 37
239 36
240 34
241 31
242 34
243 29
244 30
245 26
246 33
247 28
248 30
249 28
250 23
251 24
252 17
253 38
254 24
255 28
256 29
257 30
258 29
259 31
260 15
261 24
262 29
263 27
264 18
265 23
266 26
267 14
268 18
269 26
270 27
271 31
272 35
273 20
274 24
275 34
276 17
277 24
278 19
279 24
280 24
281 20
282 16
283 17
284 19
285 11
286 17
287 21
288 14
289 12
290 16
291 20
292 11
293 20
294 18
295 15
296 17
297 24
298 18
299 21
300 16
301 17
302 19
303 11
304 9
305 15
306 21
307 15
308 9
309 11
310 17
311 18
312 12
313 18
314 11
315 12
316 13
317 15
318 21
319 17
320 17
321 11
322 12
323 8
324 18
325 12
326 15
327 16
328 13
329 11
330 16
331 13
332 14
333 22
334 11
335 13
336 9
337 7
338 9
339 15
340 17
341 12
342 10
343 12
344 13
345 8
346 12
347 14
348 12
349 12
350 9
351 10
352 3
353 10
354 12
355 11
356 14
357 12
358 5
359 9
360 14
361 14
362 6
363 5
364 6
365 10
366 5
367 9
368 11
369 11
370 12
371 11
372 7
373 6
374 10
375 11
376 5
377 9
378 11
379 12
380 9
381 7
382 3
383 6
384 12
385 7
386 11
387 8
388 5
389 7
390 7
391 15
392 6
393 7
394 10
395 4
396 4
397 7
398 9
399 2
400 6
401 3
402 6
403 15
404 7
405 6
406 5
407 4
408 9
409 6
410 9
411 9
412 4
413 5
414 11
415 3
416 8
417 7
418 6
419 3
420 2
421 3
422 5
423 5
424 5
425 11
426 4
427 11
428 5
429 3
430 10
431 5
432 6
433 6
434 2
435 3
436 7
437 5
438 4
439 1
440 8
441 5
442 9
443 4
444 9
445 2
446 6
447 7
448 5
449 7
450 6
451 8
452 6
453 6
454 3
455 6
456 4
457 3
458 5
459 7
460 5
461 3
462 6
463 4
464 5
466 5
467 7
468 7
469 5
470 3
471 4
472 10
473 4
474 6
475 4
476 3
477 5
478 5
479 7
480 4
481 3
482 2
483 5
484 2
485 5
486 6
487 3
488 3
489 6
490 4
491 3
492 2
493 1
494 5
495 3
496 4
497 2
498 7
499 5
500 4
501 5
502 2
503 5
504 5
505 2
506 3
507 3
508 5
509 5
510 4
511 3
512 2
513 7
514 3
515 6
516 4
517 10
518 4
519 5
520 4
521 3
522 6
523 6
524 3
525 5
526 4
527 6
528 4
529 3
530 4
531 1
532 1
533 5
534 3
535 2
536 5
537 3
538 2
539 5
540 1
541 2
542 1
543 5
544 8
545 1
546 4
547 1
548 3
549 1
550 4
551 2
552 4
553 4
554 5
555 3
556 2
557 7
558 2
559 4
560 2
561 5
562 3
563 3
564 1
565 4
566 3
567 4
568 2
569 5
570 1
571 3
572 2
573 1
574 1
575 3
576 4
578 1
579 2
580 3
581 3
582 1
583 1
584 1
585 3
586 2
587 3
588 1
590 1
591 3
592 1
593 3
594 3
595 3
596 4
597 2
599 5
600 1
601 4
602 2
603 1
604 1
605 3
606 1
607 3
608 1
609 1
610 1
611 1
612 2
613 3
614 3
615 1
617 2
618 3
619 1
620 3
621 2
622 3
624 1
625 2
626 2
627 2
628 1
629 3
630 1
631 2
632 4
633 1
634 4
636 2
637 2
638 5
639 1
640 4
641 2
642 2
644 1
645 3
647 5
648 5
649 4
650 2
651 4
652 1
653 2
655 3
656 1
657 1
658 2
659 1
660 4
663 3
664 1
665 3
666 1
667 1
668 1
669 1
670 1
671 4
672 3
674 2
675 1
676 2
678 2
679 1
680 2
681 1
682 1
683 3
685 1
686 2
687 3
689 1
690 6
691 1
692 3
693 1
694 2
696 3
697 2
698 1
699 2
700 2
701 1
702 1
703 1
704 3
705 1
706 2
707 1
708 1
709 1
710 3
711 2
712 1
713 2
714 2
716 3
717 2
718 5
719 1
720 1
721 2
722 3
723 2
724 2
725 1
726 3
731 1
732 1
733 2
734 1
735 3
737 4
738 1
741 1
744 2
745 1
746 1
747 1
749 1
751 3
752 3
753 2
754 1
755 2
756 2
757 3
759 1
761 2
764 3
765 1
766 1
767 1
768 1
769 3
770 2
771 1
772 1
773 4
774 1
776 1
777 5
778 2
779 1
782 2
784 3
785 1
786 4
792 3
793 1
795 1
799 1
800 1
803 1
806 2
807 1
809 1
811 3
812 1
813 1
814 2
816 1
817 1
818 2
819 1
820 1
821 2
823 1
824 1
825 2
828 2
829 2
831 1
832 1
834 1
835 1
838 1
839 1
840 1
841 2
842 1
843 1
846 2
848 1
849 1
852 1
854 1
858 3
859 1
860 1
862 3
863 1
864 2
865 1
868 1
873 2
875 1
876 1
878 1
880 2
881 1
886 1
891 1
892 2
893 2
896 1
901 1
905 1
906 1
907 1
908 1
909 3
912 1
914 1
917 1
919 2
925 1
931 2
932 1
936 2
937 1
938 2
940 1
941 1
942 2
945 1
949 1
950 2
951 1
953 1
959 1
960 1
963 2
964 2
965 1
966 1
967 1
968 1
969 1
971 1
974 1
975 1
978 2
981 1
984 1
986 1
987 1
998 1
1001 2
1005 2
1008 2
1009 1
1011 1
1017 1
1025 1
1027 1
1028 1
1029 1
1034 1
1037 1
1042 1
1045 1
1046 1
1050 2
1053 1
1059 1
1062 2
1064 2
1065 1
1069 1
1070 1
1073 1
1074 1
1077 1
1079 1
1081 1
1083 1
1095 1
1096 1
1097 1
1101 1
1106 1
1109 1
1110 1
1112 1
1121 1
1124 1
1125 1
1130 1
1136 1
1144 1
1145 1
1146 1
1148 1
1149 1
1151 1
1153 1
1155 2
1159 1
1162 1
1171 1
1173 1
1177 1
1180 1
1190 1
1191 1
1196 1
1203 1
1207 1
1211 2
1217 1
1218 1
1219 1
1220 1
1221 2
1222 1
1228 1
1231 1
1232 1
1234 1
1235 1
1247 1
1251 1
1255 1
1258 1
1261 1
1262 1
1276 1
1277 1
1284 1
1289 1
1291 1
1294 1
1295 1
1296 2
1301 1
1313 1
1314 1
1318 1
1320 1
1326 1
1329 1
1337 1
1340 2
1346 1
1349 1
1352 1
1354 1
1355 1
1359 1
1360 1
1362 1
1364 1
1366 1
1371 1
1375 1
1379 1
1388 1
1389 1
1400 1
1401 1
1405 1
1414 1
1415 1
1417 2
1424 1
1426 1
1435 1
1449 1
1455 1
1456 2
1471 1
1474 1
1485 1
1487 1
1511 1
1514 1
1517 1
1519 1
1526 1
1527 1
1534 1
1539 1
1540 1
1541 1
1553 1
1575 1
1589 1
1609 1
1618 1
1656 1
1665 1
1676 1
1684 1
1697 1
1743 2
1758 1
1760 1
1796 1
1817 1
1831 1
1836 1
1842 1
1858 1
1862 1
1863 1
1864 1
1877 1
1937 1
1946 1
1960 1
1961 1
1963 1
1972 1
1994 1
1996 1
2051 1
2180 2
2185 1
2212 1
2327 1
2375 1
2388 1
2393 1
2547 1
2576 1
2720 1
2766 1
2801 1
2853 1
2911 1
2916 1
3159 1
3182 1
3341 1
3675 1
3725 1
3868 1
3998 1
5742 1
6746 1
13841855 1
