1 22906040
2 1362851
3 361800
4 167073
5 97840
6 64779
7 46413
8 35239
9 27480
10 22695
11 18490
12 15651
13 13508
14 11757
15 10264
16 9107
17 8029
18 7119
19 6516
20 6037
21 5490
22 4913
23 4456
24 4194
25 3749
26 3469
27 3317
28 3063
29 2841
30 2645
31 2360
32 2279
33 2144
34 2046
35 1888
36 1786
37 1627
38 1583
39 1485
40 1424
41 1429
42 1278
43 1274
44 1181
45 1122
46 1055
47 1047
48 1009
49 1009
50 966
51 908
52 872
53 879
54 735
55 798
56 756
57 653
58 696
59 667
60 652
61 602
62 585
63 569
64 561
65 523
66 490
67 571
68 481
69 493
70 521
71 445
72 415
73 405
74 430
75 437
76 403
77 369
78 384
79 355
80 354
81 360
82 343
83 315
84 341
85 340
86 313
87 322
88 288
89 281
90 269
91 298
92 251
93 279
94 238
95 247
96 252
97 234
98 214
99 248
100 254
101 224
102 238
103 213
104 221
105 195
106 179
107 199
108 189
109 154
110 184
111 161
112 196
113 166
114 184
115 184
116 166
117 160
118 148
119 155
120 146
121 151
122 156
123 125
124 151
125 138
126 136
127 130
128 131
129 129
130 130
131 129
132 116
133 125
134 123
135 132
136 129
137 126
138 135
139 113
140 101
141 122
142 105
143 96
144 99
145 116
146 114
147 107
148 107
149 100
150 76
151 86
152 92
153 99
154 104
155 81
156 97
157 90
158 89
159 90
160 92
161 71
162 89
163 83
164 75
165 84
166 74
167 65
168 80
169 72
170 77
171 77
172 68
173 59
174 80
175 66
176 80
177 55
178 75
179 56
180 65
181 66
182 55
183 53
184 70
185 63
186 66
187 58
188 50
189 67
190 61
191 57
192 56
193 50
194 64
195 64
196 53
197 57
198 55
199 53
200 52
201 71
202 61
203 46
204 42
205 54
206 41
207 41
208 55
209 57
210 47
211 46
212 48
213 51
214 45
215 42
216 41
217 44
218 38
219 46
220 44
221 39
222 44
223 39
224 39
225 44
226 36
227 48
228 44
229 33
230 41
231 38
232 35
233 32
234 42
235 45
236 31
237 33
238 36
239 29
240 34
241 35
242 48
243 28
244 32
245 36
246 25
247 34
248 39
249 40
250 48
251 25
252 32
253 47
254 24
255 32
256 33
257 19
258 38
259 30
260 27
261 36
262 32
263 25
264 19
265 24
266 23
267 22
268 23
269 38
270 29
271 26
272 29
273 37
274 37
275 25
276 33
277 27
278 28
279 26
280 19
281 16
282 29
283 26
284 28
285 30
286 25
287 25
288 28
289 31
290 21
291 23
292 17
293 26
294 24
295 18
296 25
297 19
298 20
299 23
300 22
301 31
302 24
303 22
304 21
305 21
306 23
307 29
308 23
309 22
310 18
311 25
312 27
313 25
314 25
315 12
316 16
317 34
318 27
319 20
320 19
321 19
322 23
323 19
324 20
325 13
326 21
327 14
328 13
329 24
330 23
331 17
332 15
333 18
334 14
335 13
336 15
337 18
338 18
339 13
340 15
341 24
342 23
343 18
344 12
345 21
346 20
347 12
348 16
349 12
350 14
351 21
352 9
353 15
354 10
355 12
356 17
357 18
358 17
359 14
360 13
361 16
362 16
363 12
364 10
365 21
366 12
367 16
368 8
369 13
370 14
371 16
372 14
373 15
374 16
375 18
376 6
377 16
378 17
379 12
380 16
381 15
382 19
383 11
384 12
385 20
386 11
387 9
388 17
389 13
390 11
391 14
392 11
393 9
394 8
395 12
396 13
397 21
398 15
399 15
400 13
401 14
402 17
403 9
404 9
405 20
406 11
407 15
408 14
409 17
410 15
411 12
412 13
413 18
414 14
415 15
416 12
417 11
418 12
419 13
420 6
421 10
422 16
423 7
424 14
425 10
426 9
427 18
428 14
429 12
430 9
431 6
432 10
433 9
434 9
435 12
436 6
437 12
438 9
439 9
440 7
441 12
442 9
443 15
444 13
445 11
446 9
447 18
448 5
449 9
450 10
451 8
452 8
453 9
454 17
455 10
456 11
457 7
458 7
459 10
460 8
461 12
462 9
463 7
464 7
465 10
466 11
467 10
468 8
469 10
470 11
471 14
472 8
473 8
474 8
475 8
476 9
477 8
478 10
479 7
480 9
481 7
482 3
483 9
484 7
485 10
486 3
487 6
488 10
489 5
490 6
491 6
492 15
493 6
494 13
495 8
496 9
497 4
498 9
499 4
500 10
501 6
502 9
503 4
504 5
505 4
506 3
507 3
508 7
509 4
510 9
511 7
512 10
513 6
514 5
515 7
516 6
517 11
518 5
519 3
520 9
521 3
522 6
523 8
524 3
525 6
526 3
527 7
528 2
529 9
530 8
531 6
532 7
533 4
534 5
535 9
536 6
537 7
538 6
539 1
540 5
541 3
542 7
543 8
544 4
545 10
546 8
547 4
548 7
549 5
550 5
551 6
552 3
553 7
554 4
555 8
556 9
557 6
558 5
559 10
560 3
561 5
562 9
563 11
564 3
565 6
566 5
567 8
568 11
569 7
570 8
571 6
572 9
573 2
574 5
575 4
576 9
577 1
578 5
579 5
580 2
581 2
582 11
583 5
584 4
585 3
586 4
587 5
588 5
589 5
590 7
591 4
592 3
593 7
594 6
595 6
596 7
597 10
598 10
599 11
600 5
601 5
602 8
603 8
604 7
605 7
606 3
607 8
608 3
609 4
610 3
611 5
612 3
613 4
614 4
615 8
616 5
617 2
618 6
619 7
620 2
621 5
622 7
623 4
624 6
625 2
626 4
627 6
628 2
629 4
630 6
631 6
632 2
633 3
634 4
635 2
636 2
637 4
638 5
639 2
640 3
641 3
642 5
643 2
644 2
645 3
646 2
647 4
648 8
649 6
650 3
651 6
652 4
653 6
654 3
655 2
656 8
657 4
658 7
659 5
660 4
661 1
662 10
663 1
664 2
665 4
666 5
668 1
669 6
670 4
671 3
672 5
673 5
674 1
675 2
676 3
677 4
678 7
679 4
680 3
681 2
682 2
683 6
684 4
685 8
686 5
687 3
688 2
689 1
690 3
691 2
692 5
694 1
695 4
696 7
697 3
698 2
699 4
700 1
701 6
702 4
703 2
704 4
705 4
706 3
707 3
708 2
709 3
710 5
711 2
712 3
713 3
714 1
715 1
716 1
717 2
718 5
719 4
720 6
721 3
722 3
723 3
724 3
725 7
726 5
727 5
728 4
729 2
730 3
731 2
732 5
733 1
734 6
735 1
736 2
737 5
738 6
739 4
740 3
741 3
742 2
743 4
744 3
745 4
746 3
747 5
748 5
749 3
750 2
751 2
752 3
753 1
754 4
755 3
756 4
757 3
758 1
759 3
760 6
761 2
762 4
763 1
764 4
765 2
766 4
767 3
768 1
769 1
770 1
771 3
772 6
773 4
774 2
775 2
776 2
777 3
778 3
779 1
780 2
781 2
782 5
783 3
784 6
785 2
786 1
787 4
788 3
789 5
790 2
791 3
792 5
793 2
794 1
797 2
798 2
799 9
800 2
801 1
802 1
805 2
806 3
807 3
808 2
809 2
810 3
811 1
812 6
813 2
814 1
815 5
817 3
818 3
819 1
820 1
821 1
822 2
825 2
826 2
828 1
829 3
830 3
831 1
832 3
833 2
834 5
835 1
836 2
837 1
838 2
840 2
842 2
844 3
845 3
846 1
848 2
849 2
850 3
851 2
852 1
853 1
854 2
855 5
856 2
858 1
859 2
860 1
861 4
863 3
864 2
865 2
866 3
867 1
868 2
870 1
871 4
874 2
875 1
876 4
877 3
878 6
879 2
880 3
881 2
882 1
883 3
884 2
885 2
886 1
888 2
890 3
891 3
893 3
894 1
895 2
896 1
897 2
898 2
900 3
901 1
902 2
903 1
904 2
906 1
908 1
909 2
910 2
911 1
912 2
913 1
915 4
916 5
918 3
919 4
920 1
922 5
923 2
924 1
925 1
927 3
929 1
931 1
933 1
935 2
936 1
937 1
938 2
939 4
940 1
941 2
942 3
943 4
945 1
947 1
948 2
949 1
950 3
951 1
952 1
953 4
954 3
955 3
956 1
957 2
958 3
961 1
962 3
964 1
965 1
966 1
967 1
969 4
970 2
972 1
974 3
975 1
976 3
978 2
979 1
980 1
983 3
984 1
985 3
986 1
988 1
989 2
990 3
991 1
992 1
993 1
994 3
995 2
996 2
999 1
1000 3
1001 2
1002 1
1003 4
1004 3
1005 1
1006 1
1007 2
1008 4
1009 1
1010 2
1011 1
1012 1
1014 1
1015 1
1016 1
1018 1
1019 2
1022 1
1023 2
1024 1
1025 1
1026 1
1027 2
1029 1
1030 2
1032 1
1034 1
1035 1
1036 3
1037 1
1041 4
1043 2
1044 3
1045 2
1046 2
1047 1
1048 1
1049 3
1050 1
1051 1
1053 1
1054 1
1055 3
1056 1
1057 1
1058 1
1059 1
1060 2
1061 2
1062 2
1064 3
1067 2
1069 2
1070 1
1071 1
1073 2
1075 3
1076 1
1078 1
1080 2
1081 3
1083 1
1084 2
1086 1
1088 1
1090 1
1091 3
1092 2
1093 2
1094 2
1095 2
1096 1
1097 1
1100 2
1102 1
1103 1
1104 1
1105 1
1106 4
1107 2
1108 2
1110 1
1111 3
1116 1
1117 2
1121 1
1122 2
1124 2
1125 2
1126 2
1127 2
1129 1
1130 2
1131 2
1132 4
1134 1
1136 1
1139 2
1143 1
1146 1
1147 1
1148 2
1150 1
1151 2
1152 1
1154 2
1155 1
1156 2
1159 2
1160 1
1161 1
1162 2
1163 2
1164 1
1165 1
1166 1
1168 2
1169 1
1170 2
1171 3
1172 2
1173 1
1174 2
1175 3
1176 1
1183 2
1184 2
1186 1
1187 3
1191 1
1192 2
1193 1
1194 2
1195 1
1196 2
1197 2
1199 1
1202 2
1205 2
1206 2
1210 1
1211 1
1212 1
1213 2
1215 3
1216 1
1219 2
1221 2
1222 1
1223 3
1224 3
1226 1
1227 2
1228 1
1229 1
1231 1
1232 1
1235 1
1237 1
1239 1
1240 1
1241 1
1242 1
1243 1
1244 1
1250 3
1252 1
1253 1
1255 2
1257 1
1258 1
1259 1
1261 3
1263 1
1264 1
1266 1
1267 1
1270 2
1271 2
1272 1
1274 1
1275 1
1277 1
1279 1
1282 1
1283 1
1284 3
1285 1
1286 1
1287 1
1288 1
1291 1
1292 1
1293 1
1295 1
1302 2
1303 4
1305 1
1306 1
1310 2
1311 1
1312 1
1313 1
1316 1
1317 2
1318 1
1319 1
1320 1
1322 1
1323 1
1325 1
1326 2
1329 1
1330 1
1331 2
1333 2
1334 1
1335 1
1336 1
1339 1
1341 1
1342 1
1343 1
1344 1
1346 1
1348 1
1349 1
1350 3
1352 1
1353 2
1354 1
1355 1
1356 2
1359 4
1361 1
1362 1
1364 1
1366 1
1367 1
1368 2
1370 3
1371 1
1374 1
1376 1
1378 2
1380 1
1381 1
1382 1
1383 2
1387 2
1390 1
1391 2
1392 2
1397 1
1398 1
1399 1
1400 1
1401 2
1403 1
1406 2
1408 1
1418 1
1420 1
1421 1
1422 1
1429 1
1431 1
1432 2
1435 1
1436 1
1437 1
1438 3
1443 1
1444 2
1447 2
1448 1
1449 2
1452 1
1453 1
1454 1
1455 1
1457 2
1459 1
1461 2
1465 1
1467 1
1468 1
1469 2
1470 2
1474 1
1477 1
1478 1
1483 2
1487 1
1492 3
1493 1
1496 1
1497 1
1499 1
1502 1
1503 1
1506 1
1511 1
1513 1
1515 1
1517 1
1518 2
1521 1
1522 1
1528 2
1534 2
1538 1
1540 1
1543 1
1549 1
1556 1
1557 1
1558 1
1560 1
1561 3
1562 1
1566 1
1569 1
1572 1
1574 1
1581 1
1585 2
1586 1
1587 1
1588 1
1589 1
1597 1
1598 3
1599 1
1602 1
1603 1
1605 2
1607 2
1609 1
1610 1
1614 1
1615 1
1617 1
1622 2
1628 1
1631 2
1634 1
1636 1
1637 2
1643 1
1659 1
1660 1
1664 2
1665 2
1667 1
1670 2
1677 1
1679 1
1684 1
1690 2
1693 3
1694 1
1698 3
1699 1
1702 1
1704 1
1708 1
1709 1
1710 1
1712 1
1716 1
1717 1
1721 2
1722 1
1723 1
1724 1
1725 1
1730 2
1741 1
1742 3
1745 2
1751 1
1755 2
1757 1
1767 1
1772 2
1783 1
1784 1
1787 2
1788 1
1791 1
1794 1
1796 2
1799 1
1802 1
1808 2
1809 1
1813 1
1815 1
1819 1
1824 2
1839 1
1845 1
1846 1
1847 1
1848 1
1852 1
1856 1
1857 1
1862 2
1863 1
1864 1
1866 1
1871 2
1872 1
1873 1
1880 1
1883 1
1885 1
1886 2
1890 1
1912 1
1913 2
1920 1
1927 1
1928 4
1931 2
1932 1
1936 1
1940 1
1945 1
1946 2
1948 1
1949 1
1956 2
1958 2
1959 1
1973 1
1975 1
1976 1
1978 1
1979 1
1981 1
2009 1
2010 1
2011 1
2017 2
2018 1
2026 1
2027 1
2036 1
2037 1
2039 1
2045 1
2050 1
2052 1
2060 1
2072 1
2076 1
2077 1
2080 1
2082 1
2085 1
2087 1
2091 1
2097 1
2100 1
2106 1
2107 1
2111 1
2120 1
2124 1
2131 1
2135 1
2139 1
2145 1
2156 1
2162 1
2163 1
2167 1
2169 1
2173 1
2204 1
2206 1
2209 1
2211 1
2222 1
2225 1
2245 1
2255 1
2269 1
2272 1
2277 2
2279 1
2281 1
2282 1
2289 1
2291 1
2296 1
2298 1
2307 1
2312 2
2323 1
2326 1
2332 1
2337 1
2343 1
2345 1
2350 1
2357 2
2359 1
2360 1
2403 1
2404 1
2405 1
2415 1
2427 1
2429 1
2442 1
2446 1
2449 2
2456 1
2457 1
2458 1
2460 1
2463 1
2466 1
2474 1
2476 1
2478 1
2481 2
2487 1
2514 1
2520 1
2521 1
2529 1
2535 1
2553 1
2573 1
2581 1
2586 2
2597 2
2599 1
2601 2
2606 1
2610 1
2622 1
2630 1
2631 1
2640 1
2646 1
2661 1
2665 1
2672 1
2683 1
2706 1
2715 1
2740 1
2743 1
2748 1
2757 1
2766 1
2798 2
2816 1
2822 1
2827 1
2833 1
2844 1
2845 1
2852 1
2868 1
2869 1
2870 1
2888 2
2910 1
2912 1
2915 1
2932 3
2934 1
2940 1
2950 1
2951 1
2952 1
2953 1
2972 1
2995 1
3004 1
3013 1
3017 1
3021 1
3035 1
3046 1
3062 1
3074 1
3079 1
3143 1
3145 1
3155 1
3184 1
3233 1
3235 1
3252 1
3280 1
3290 1
3296 1
3319 1
3334 1
3347 1
3369 1
3377 1
3382 1
3390 1
3406 1
3427 1
3450 1
3460 1
3463 1
3495 1
3502 1
3526 1
3534 1
3577 1
3590 1
3599 1
3613 1
3634 1
3644 1
3701 1
3710 1
3765 1
3834 1
3846 1
3857 1
3908 1
3944 1
3954 1
3974 1
3981 1
4006 1
4023 1
4025 1
4036 1
4095 1
4132 1
4190 1
4204 1
4205 1
4208 1
4233 1
4234 1
4421 1
4437 1
4458 1
4521 1
4529 1
4581 1
4625 1
4633 1
4641 1
4645 1
4668 1
4796 1
5053 1
5238 1
5389 1
5409 1
5430 1
5452 1
5495 1
5515 1
5527 1
5573 1
5708 1
5763 1
5815 1
5824 1
5828 1
5841 1
5926 1
5951 1
5994 1
6303 1
6439 1
6495 1
6715 1
6743 1
6792 1
6887 1
6956 1
7140 1
7155 1
7191 1
7219 1
7275 1
7299 1
7354 1
7412 1
7417 1
7614 1
7983 1
7988 1
8041 1
8367 1
8436 1
8974 1
9470 1
9488 1
9546 1
9753 1
9781 1
9796 1
9952 1
10156 1
10922 1
11100 1
11312 1
12395 1
13703 1
13842 1
14135 1
14351 1
14867 1
15595 1
15656 1
18264 1
23671 1
32341 1
35222 1
55473 1
81754 1
90255 1
