1 21394717
2 1574253
3 395682
4 177340
5 101703
6 66998
7 47374
8 35850
9 27916
10 22974
11 18559
12 15803
13 13503
14 11861
15 10266
16 9094
17 8033
18 7039
19 6528
20 5873
21 5423
22 4718
23 4463
24 4137
25 3784
26 3535
27 3256
28 3024
29 2797
30 2684
31 2423
32 2289
33 2101
34 2054
35 1980
36 1803
37 1659
38 1598
39 1542
40 1480
41 1471
42 1372
43 1265
44 1241
45 1211
46 1073
47 1072
48 1004
49 1026
50 991
51 910
52 843
53 904
54 791
55 767
56 823
57 724
58 677
59 651
60 670
61 608
62 614
63 577
64 582
65 516
66 535
67 532
68 505
69 513
70 484
71 484
72 423
73 385
74 435
75 409
76 423
77 369
78 406
79 371
80 347
81 348
82 369
83 327
84 301
85 344
86 365
87 323
88 297
89 300
90 291
91 260
92 267
93 266
94 282
95 271
96 268
97 240
98 242
99 239
100 244
101 234
102 239
103 226
104 218
105 211
106 188
107 221
108 166
109 176
110 173
111 198
112 183
113 166
114 170
115 210
116 172
117 159
118 151
119 178
120 161
121 158
122 143
123 151
124 148
125 136
126 151
127 110
128 141
129 121
130 123
131 119
132 125
133 130
134 132
135 129
136 115
137 117
138 126
139 124
140 109
141 123
142 111
143 106
144 127
145 107
146 129
147 130
148 96
149 101
150 108
151 90
152 110
153 110
154 76
155 95
156 93
157 94
158 110
159 97
160 70
161 83
162 89
163 89
164 75
165 100
166 81
167 80
168 79
169 89
170 70
171 79
172 82
173 74
174 69
175 73
176 61
177 66
178 72
179 67
180 67
181 57
182 79
183 51
184 70
185 67
186 53
187 60
188 59
189 58
190 57
191 49
192 58
193 67
194 59
195 57
196 52
197 66
198 60
199 50
200 69
201 52
202 61
203 44
204 44
205 44
206 53
207 42
208 53
209 59
210 57
211 68
212 51
213 46
214 42
215 58
216 40
217 50
218 41
219 42
220 42
221 37
222 40
223 40
224 33
225 36
226 26
227 49
228 32
229 51
230 37
231 41
232 33
233 34
234 42
235 53
236 40
237 42
238 27
239 33
240 39
241 29
242 49
243 42
244 34
245 36
246 44
247 32
248 34
249 34
250 37
251 42
252 33
253 42
254 43
255 43
256 34
257 33
258 35
259 25
260 28
261 43
262 28
263 38
264 41
265 24
266 21
267 22
268 27
269 27
270 43
271 20
272 30
273 30
274 35
275 25
276 25
277 32
278 30
279 30
280 27
281 21
282 27
283 28
284 22
285 26
286 30
287 28
288 22
289 34
290 29
291 28
292 21
293 18
294 18
295 25
296 26
297 18
298 22
299 25
300 21
301 29
302 27
303 27
304 31
305 25
306 24
307 29
308 18
309 16
310 33
311 20
312 24
313 30
314 24
315 18
316 18
317 20
318 18
319 29
320 20
321 16
322 16
323 26
324 20
325 17
326 12
327 12
328 18
329 20
330 21
331 16
332 19
333 17
334 15
335 18
336 22
337 14
338 12
339 14
340 21
341 19
342 15
343 23
344 16
345 18
346 12
347 15
348 19
349 17
350 14
351 14
352 18
353 9
354 16
355 14
356 16
357 15
358 23
359 14
360 20
361 17
362 14
363 19
364 14
365 12
366 22
367 13
368 14
369 12
370 16
371 12
372 7
373 9
374 18
375 15
376 18
377 20
378 12
379 14
380 19
381 9
382 12
383 7
384 16
385 16
386 16
387 14
388 13
389 9
390 17
391 14
392 12
393 9
394 13
395 13
396 7
397 16
398 9
399 10
400 18
401 11
402 19
403 11
404 11
405 14
406 5
407 22
408 10
409 14
410 10
411 13
412 10
413 14
414 11
415 13
416 14
417 15
418 12
419 11
420 14
421 12
422 17
423 11
424 11
425 9
426 16
427 15
428 13
429 13
430 8
431 10
432 10
433 8
434 6
435 15
436 12
437 7
438 11
439 13
440 10
441 7
442 9
443 6
444 6
445 6
446 11
447 15
448 8
449 6
450 2
451 16
452 11
453 10
454 14
455 9
456 13
457 9
458 12
459 9
460 8
461 13
462 7
463 8
464 6
465 5
466 9
467 13
468 13
469 10
470 12
471 13
472 14
473 7
474 9
475 10
476 9
477 10
478 3
479 8
480 10
481 12
482 5
483 9
484 4
485 6
486 9
487 8
488 5
489 9
490 17
491 9
492 4
493 5
494 8
495 10
496 9
497 9
498 5
499 7
500 12
501 9
502 4
503 8
504 5
505 4
506 7
507 6
508 9
509 6
510 5
511 5
512 6
513 10
514 10
515 8
516 3
517 3
518 10
519 8
520 7
521 7
522 8
523 7
524 8
525 3
526 4
527 3
528 6
529 10
530 3
531 6
532 3
533 5
534 3
535 7
536 5
537 2
538 12
539 7
540 10
541 4
542 8
543 4
544 5
545 4
546 10
547 4
548 11
549 9
550 3
551 4
552 8
553 4
554 7
555 4
556 4
557 3
558 7
559 3
560 7
561 6
562 9
563 4
564 8
565 1
566 8
567 4
568 8
569 3
570 6
571 7
572 6
573 13
574 9
575 3
576 3
577 10
578 5
579 8
580 4
581 5
582 4
583 5
584 3
585 4
586 5
587 8
588 8
589 5
590 5
591 4
592 4
593 5
594 4
595 9
596 6
597 7
598 5
599 10
600 6
601 8
602 4
603 5
604 8
605 3
606 8
607 6
608 4
609 6
610 4
611 4
612 4
613 6
614 5
615 4
616 4
617 4
618 3
619 6
620 6
621 6
622 8
623 2
624 3
625 4
626 6
627 3
628 3
629 2
630 3
631 5
632 3
633 4
634 6
635 5
636 3
637 2
638 6
639 6
640 3
641 2
642 3
643 3
644 4
645 2
646 2
647 3
648 9
649 6
650 1
651 2
652 5
653 4
654 4
655 2
656 3
657 2
658 4
659 4
660 5
661 6
662 4
663 7
664 3
665 4
666 5
667 5
668 3
669 2
670 3
671 2
672 1
673 2
674 4
675 2
676 5
677 3
678 3
679 4
680 4
681 8
682 3
683 8
684 4
685 4
686 2
687 5
688 5
689 9
690 4
691 8
692 3
694 3
695 2
696 5
697 3
698 3
699 4
700 2
701 7
702 8
703 2
704 4
705 3
706 2
707 6
708 8
709 6
710 4
711 7
713 2
714 3
715 3
716 4
717 3
718 7
719 5
720 3
721 2
722 2
723 3
724 4
725 3
726 2
727 3
728 6
729 4
730 3
731 2
732 7
733 7
734 7
735 3
736 6
737 4
738 2
739 2
740 2
741 3
742 3
743 1
744 4
745 2
746 3
747 3
748 9
749 2
750 3
751 5
752 5
753 4
754 3
755 1
756 1
757 1
758 5
759 6
760 2
761 3
762 6
763 2
764 7
765 5
766 4
767 2
768 2
769 2
770 2
771 2
773 2
774 1
775 3
776 1
777 4
778 5
779 2
780 2
781 7
782 7
783 4
784 3
785 4
786 3
787 5
788 5
789 4
790 1
791 2
792 2
793 2
794 1
795 3
796 2
797 3
798 5
799 2
801 3
802 2
803 1
804 4
805 3
806 4
807 2
808 5
809 3
810 5
811 1
812 2
813 5
815 4
816 5
817 1
818 4
820 2
821 1
822 2
823 2
824 2
825 1
827 2
828 2
829 6
830 2
831 3
832 8
833 3
834 2
835 1
836 2
837 1
838 4
839 6
840 3
841 3
842 1
843 2
844 1
845 2
846 1
847 2
848 4
849 2
850 1
851 1
852 5
853 1
854 2
855 2
856 3
857 1
858 2
859 1
860 4
861 1
863 2
864 1
866 3
867 3
868 2
869 2
870 3
872 1
874 4
875 3
876 2
877 4
878 2
879 2
880 4
881 5
882 2
883 1
884 5
885 2
886 4
887 1
888 1
889 2
890 2
891 1
893 1
894 5
895 2
896 3
897 4
898 1
899 5
900 1
902 2
903 3
904 1
905 2
907 2
908 3
909 3
910 1
911 3
912 3
913 2
914 5
916 4
917 2
918 2
919 1
920 4
921 2
922 5
923 3
924 2
926 1
927 4
928 2
929 1
930 2
931 2
932 2
933 1
934 2
935 2
936 1
937 2
938 3
939 1
940 1
941 1
942 2
943 1
945 1
946 2
947 1
948 2
950 4
951 2
952 1
953 1
954 5
955 3
956 2
958 2
959 1
960 2
961 2
962 3
963 1
964 2
966 1
967 2
968 3
969 2
970 1
971 1
972 2
973 2
974 1
975 2
976 2
977 1
978 1
979 3
980 3
982 3
983 3
984 1
985 4
987 2
988 1
989 6
991 1
992 1
993 2
994 2
995 1
996 3
997 2
998 2
999 1
1000 3
1001 1
1002 2
1003 1
1004 2
1005 2
1007 3
1010 3
1011 2
1012 2
1013 2
1015 1
1017 3
1018 1
1019 1
1022 1
1023 2
1024 3
1025 3
1026 1
1027 3
1028 2
1029 3
1030 1
1031 1
1033 3
1034 1
1035 1
1036 3
1037 1
1038 1
1039 2
1041 3
1042 2
1044 1
1045 2
1046 2
1047 1
1048 1
1051 1
1053 1
1054 2
1055 3
1056 4
1057 2
1058 1
1059 3
1060 1
1062 2
1063 2
1064 2
1065 1
1066 2
1067 3
1069 1
1070 1
1071 1
1072 2
1073 2
1074 5
1076 4
1077 1
1079 4
1080 1
1081 1
1082 1
1083 1
1084 2
1088 2
1089 1
1090 1
1091 1
1092 1
1094 1
1095 3
1096 1
1097 2
1098 3
1100 4
1103 2
1104 1
1105 2
1106 1
1107 2
1108 1
1110 1
1111 2
1113 1
1114 1
1115 1
1117 1
1118 1
1119 3
1120 1
1121 1
1123 2
1124 3
1128 1
1129 1
1131 1
1132 1
1133 3
1134 2
1135 2
1138 2
1139 2
1140 5
1142 1
1143 1
1144 4
1145 1
1146 1
1150 1
1151 1
1152 3
1154 1
1155 1
1156 4
1157 2
1158 2
1160 1
1161 2
1163 1
1164 3
1166 1
1168 4
1170 1
1176 4
1177 1
1179 1
1180 2
1181 2
1182 1
1183 2
1185 1
1186 2
1187 2
1189 2
1193 1
1195 5
1196 1
1197 1
1198 3
1203 1
1204 2
1206 3
1208 2
1209 1
1210 1
1211 2
1213 1
1214 1
1216 3
1217 2
1218 1
1219 1
1220 1
1221 1
1222 2
1223 1
1224 2
1225 1
1226 1
1228 2
1229 2
1231 1
1232 2
1233 1
1234 3
1235 2
1239 2
1241 1
1243 1
1245 1
1246 1
1248 1
1250 3
1254 1
1259 1
1260 2
1262 1
1263 1
1265 2
1267 1
1268 1
1269 1
1270 1
1271 1
1272 2
1275 1
1276 1
1278 2
1279 3
1280 1
1284 1
1285 1
1287 1
1290 1
1293 2
1294 1
1295 1
1297 4
1298 2
1300 2
1302 1
1305 1
1306 1
1308 1
1311 1
1312 1
1314 1
1315 3
1316 1
1318 2
1320 1
1321 1
1322 1
1323 1
1325 1
1326 2
1328 2
1329 1
1330 3
1333 3
1334 1
1335 1
1336 3
1337 1
1338 1
1339 1
1342 1
1345 1
1346 3
1347 2
1350 4
1352 1
1353 1
1354 2
1360 1
1361 1
1364 2
1365 1
1366 3
1368 2
1370 2
1372 1
1374 1
1377 2
1378 2
1382 1
1383 1
1385 1
1386 1
1389 1
1390 1
1391 1
1392 1
1393 1
1394 1
1395 1
1396 2
1400 2
1401 2
1404 1
1406 1
1408 1
1409 3
1411 3
1412 1
1414 1
1415 1
1416 2
1418 3
1422 1
1427 3
1429 2
1431 1
1437 1
1438 3
1441 1
1442 2
1446 1
1447 1
1449 1
1450 2
1451 1
1452 1
1454 2
1455 2
1460 2
1461 2
1463 1
1464 1
1465 2
1469 1
1473 2
1474 2
1475 1
1484 1
1485 1
1487 1
1488 1
1491 1
1493 2
1495 1
1496 1
1497 1
1498 1
1500 1
1502 2
1504 1
1506 1
1508 2
1509 2
1510 1
1512 1
1513 1
1515 2
1516 1
1517 2
1522 2
1525 1
1526 2
1528 3
1531 1
1541 1
1542 2
1543 1
1545 2
1546 1
1554 1
1555 1
1556 1
1558 1
1559 1
1560 1
1561 1
1563 2
1567 1
1569 1
1570 1
1572 1
1579 1
1583 1
1585 3
1586 1
1588 1
1589 1
1590 2
1592 1
1593 2
1595 1
1596 1
1602 1
1606 1
1607 2
1608 1
1610 1
1611 1
1612 1
1615 3
1616 1
1617 1
1619 1
1621 1
1623 2
1625 1
1627 1
1628 1
1630 1
1631 1
1633 1
1635 1
1636 1
1641 1
1643 2
1644 1
1645 1
1649 2
1650 1
1656 1
1658 1
1660 1
1665 1
1666 1
1669 1
1671 1
1673 2
1674 1
1681 1
1682 1
1685 1
1689 1
1690 2
1693 1
1695 3
1697 1
1700 1
1701 1
1703 1
1706 1
1708 1
1709 2
1710 1
1712 1
1714 2
1719 1
1720 1
1724 1
1725 1
1729 2
1730 1
1732 1
1733 1
1737 3
1739 1
1740 1
1742 2
1744 1
1746 1
1749 1
1755 2
1756 1
1757 3
1763 1
1769 1
1770 2
1779 2
1781 1
1784 1
1786 1
1789 1
1791 1
1794 1
1796 1
1798 1
1800 1
1801 2
1803 1
1804 1
1806 1
1812 1
1814 1
1818 1
1819 1
1820 1
1827 1
1833 1
1836 2
1837 1
1842 1
1847 1
1850 2
1855 1
1856 1
1859 1
1864 1
1869 3
1870 2
1871 1
1874 1
1875 1
1878 1
1880 1
1882 1
1888 1
1889 1
1890 1
1891 1
1892 1
1903 1
1928 2
1935 1
1936 2
1937 1
1938 2
1939 1
1940 1
1942 3
1949 1
1952 1
1957 2
1959 3
1961 1
1965 2
1968 1
1975 1
1985 2
1987 2
1989 1
1994 1
1995 1
1996 1
2001 1
2003 1
2004 1
2014 1
2017 2
2022 1
2023 1
2028 1
2029 1
2031 1
2037 1
2040 1
2041 1
2044 1
2051 2
2059 1
2065 2
2066 2
2070 1
2073 1
2074 1
2075 1
2082 2
2085 1
2086 1
2090 1
2092 1
2104 1
2109 1
2114 1
2125 1
2126 1
2138 1
2141 1
2144 1
2151 1
2163 1
2167 1
2170 1
2174 1
2178 1
2181 1
2184 1
2197 1
2200 1
2202 1
2203 1
2210 1
2218 1
2229 1
2247 1
2262 1
2267 1
2295 1
2299 1
2301 2
2302 1
2303 1
2313 1
2315 1
2316 1
2318 1
2329 1
2334 1
2339 1
2348 1
2353 2
2359 1
2361 1
2362 1
2367 1
2369 2
2370 1
2371 1
2374 1
2382 1
2399 1
2404 1
2406 1
2408 1
2411 1
2419 1
2420 1
2424 1
2427 1
2437 1
2453 1
2455 1
2456 1
2460 1
2472 1
2473 1
2478 1
2482 1
2487 1
2496 1
2502 1
2511 1
2520 1
2527 1
2547 1
2548 1
2557 1
2560 1
2564 2
2568 1
2585 2
2587 1
2590 1
2592 1
2593 2
2601 1
2602 1
2612 1
2614 1
2617 1
2620 1
2626 1
2629 1
2635 1
2643 1
2672 1
2677 1
2681 1
2682 1
2693 1
2694 1
2706 1
2709 1
2715 1
2725 1
2728 1
2731 2
2739 1
2752 1
2767 1
2771 1
2775 1
2777 1
2786 1
2822 1
2830 2
2844 2
2857 1
2869 1
2873 1
2881 1
2895 1
2898 1
2899 1
2907 1
2914 1
2937 1
2938 2
2941 1
2957 1
2961 1
2966 1
2973 1
2981 1
2984 1
2985 1
3010 1
3011 1
3019 1
3030 1
3043 1
3047 1
3057 1
3061 1
3063 1
3084 1
3092 1
3108 1
3114 1
3131 1
3145 1
3191 1
3200 1
3215 1
3237 1
3244 1
3250 1
3268 1
3281 1
3285 1
3299 2
3315 1
3322 1
3349 1
3356 1
3360 1
3384 1
3385 1
3402 1
3415 1
3430 1
3458 1
3467 1
3468 1
3472 1
3516 1
3518 1
3526 1
3527 1
3536 1
3538 1
3546 1
3548 1
3563 1
3584 1
3587 2
3591 1
3600 1
3606 1
3612 1
3626 1
3656 1
3658 1
3666 1
3671 1
3714 1
3751 1
3758 1
3775 1
3810 1
3819 1
3840 1
3865 1
3889 1
3901 1
3913 1
3914 1
3960 1
3967 1
3982 1
3985 1
3996 1
4029 2
4040 1
4047 1
4051 1
4057 1
4064 1
4066 1
4089 1
4129 1
4138 1
4154 1
4217 1
4255 1
4258 1
4260 1
4263 1
4288 1
4301 1
4342 1
4372 1
4380 1
4488 1
4503 1
4524 1
4558 1
4574 1
4609 1
4617 1
4658 1
4659 1
4663 1
4685 1
4697 1
4769 1
4920 1
5042 1
5059 1
5069 1
5074 1
5097 1
5195 1
5202 1
5321 1
5341 1
5413 1
5442 1
5468 1
5493 1
5513 1
5520 1
5567 1
5576 1
5592 1
5728 1
5800 1
5831 1
5840 1
5871 1
5873 1
5909 1
5981 1
6009 1
6084 1
6089 1
6171 1
6291 1
6439 1
6748 1
6858 1
6881 1
7078 1
7224 1
7235 1
7408 1
7429 1
7485 1
7663 1
7721 1
8109 1
8405 1
8425 1
8569 1
8749 1
8920 1
9051 1
9082 1
9474 1
9514 1
9545 1
9585 1
9825 1
9911 1
10016 1
10185 1
10436 1
10817 1
11251 1
11417 1
11431 1
11653 1
11684 1
11901 1
12395 1
12685 1
12852 1
13649 1
13830 1
14037 1
14340 1
14375 1
14550 1
15390 1
15562 1
15920 1
18357 1
18914 1
19910 1
23216 1
23712 1
32308 1
33335 1
35256 1
35570 1
40511 1
82285 1
91370 1
