0 13044287
2 339837
4 239639
6 59261
8 29806
10 14742
12 12353
14 7667
16 6001
18 5095
20 4238
22 3145
24 2690
26 1984
28 1651
30 1376
32 1350
34 1033
36 1063
38 738
40 842
42 741
44 743
46 499
48 590
50 479
52 528
54 426
56 382
58 308
60 381
62 274
64 264
66 245
68 236
70 194
72 271
74 181
76 189
78 165
80 171
82 122
84 168
86 119
88 164
90 121
92 115
94 103
96 132
98 95
100 110
102 93
104 93
106 86
108 116
110 102
112 74
114 71
116 68
118 75
120 89
122 69
124 75
126 60
128 45
130 51
132 73
134 44
136 57
138 54
140 50
142 55
144 57
146 34
148 92
150 47
152 34
154 37
156 52
158 34
160 42
162 45
164 85
166 32
168 41
170 24
172 34
174 29
176 51
178 38
180 33
182 31
184 41
186 25
188 29
190 24
192 21
194 15
196 34
198 27
200 29
202 27
204 25
206 16
208 24
210 22
212 30
214 17
216 22
218 18
220 17
222 17
224 21
226 25
228 23
230 20
232 20
234 38
236 54
238 27
240 28
242 15
244 19
246 13
248 11
250 21
252 20
254 18
256 23
258 14
260 19
262 10
264 15
266 10
268 27
270 14
272 16
274 18
276 19
278 11
280 15
282 17
284 16
286 10
288 13
290 14
292 19
294 11
296 18
298 6
300 11
302 12
304 5
306 10
308 12
310 12
312 9
314 5
316 13
318 9
320 14
322 8
324 12
326 11
328 8
330 14
332 8
334 5
336 7
338 7
340 10
342 5
344 9
346 10
348 10
350 10
352 6
354 7
356 8
358 10
360 8
362 5
364 7
366 15
368 6
370 11
372 12
374 4
376 7
378 10
380 8
382 10
384 7
386 5
388 10
390 5
392 7
394 3
396 5
398 4
400 5
402 8
404 8
406 4
408 8
410 2
412 11
414 5
416 5
418 3
420 5
422 4
424 4
426 6
428 4
430 7
432 3
434 4
436 4
438 8
440 2
442 7
444 3
446 7
448 3
450 6
452 3
454 4
456 6
458 6
460 3
462 3
464 2
466 3
468 5
470 10
472 7
474 3
476 3
478 6
480 6
482 3
484 3
486 1
488 4
490 2
494 4
496 5
498 1
500 5
502 5
504 9
506 4
508 2
510 3
512 1
514 4
516 3
518 3
520 4
522 1
524 6
526 3
530 1
532 8
534 4
536 3
538 3
540 1
542 3
544 3
546 3
548 2
550 1
552 5
554 2
556 6
558 3
560 5
564 2
566 1
568 3
570 6
572 1
574 2
576 4
578 8
580 3
582 3
584 4
588 2
590 6
592 5
594 4
596 4
598 4
600 3
602 4
604 3
606 4
608 1
610 2
614 2
616 1
618 1
620 4
622 1
626 5
628 2
630 2
632 3
634 1
636 1
638 2
640 5
642 2
644 4
646 4
648 4
650 6
652 4
654 1
656 3
660 4
662 2
664 3
670 1
672 1
674 1
676 3
678 2
680 1
682 5
684 4
686 5
688 3
690 3
692 4
694 1
696 1
698 3
700 1
702 1
704 8
706 1
712 3
714 2
718 4
720 4
722 4
724 3
726 1
728 1
730 2
732 3
734 1
736 1
738 1
740 1
742 4
744 2
748 2
754 1
756 4
760 1
762 1
768 2
770 1
772 2
776 3
780 2
782 2
784 1
786 1
788 3
790 1
792 1
794 3
796 2
798 1
800 4
804 5
806 2
808 1
810 4
812 1
816 1
818 1
820 1
826 1
828 3
832 2
838 1
840 4
842 1
844 2
850 2
854 1
856 1
864 2
868 1
872 2
874 2
876 2
878 1
880 2
884 1
888 2
890 2
892 3
896 2
898 1
900 2
904 1
906 2
914 1
920 1
924 2
928 1
930 1
932 1
934 1
936 4
938 1
944 2
946 2
948 3
950 3
952 3
954 3
956 1
962 1
964 2
968 4
970 1
974 1
982 3
984 1
986 1
988 7
990 2
996 1
998 1
1000 2
1006 1
1008 2
1012 2
1016 1
1018 1
1020 1
1022 1
1032 1
1034 1
1036 2
1042 2
1046 3
1048 3
1050 1
1056 2
1058 1
1064 2
1070 1
1076 2
1080 1
1082 1
1084 2
1088 1
1092 1
1094 1
1096 1
1098 1
1102 2
1104 1
1106 1
1108 2
1116 1
1118 2
1124 2
1128 2
1136 2
1140 1
1142 1
1144 1
1146 2
1148 5
1150 1
1152 3
1154 1
1158 1
1160 2
1162 2
1164 2
1168 1
1172 1
1180 1
1182 1
1184 2
1188 1
1190 1
1194 1
1196 2
1198 1
1200 2
1202 2
1204 2
1210 1
1212 1
1216 2
1224 2
1232 3
1234 2
1238 1
1244 2
1248 1
1254 1
1256 1
1264 1
1270 1
1272 1
1276 1
1280 1
1282 2
1284 2
1288 1
1292 1
1294 1
1296 1
1298 3
1300 1
1306 1
1308 1
1318 1
1322 1
1326 1
1328 1
1334 1
1336 3
1346 1
1350 1
1352 1
1354 1
1356 1
1370 1
1374 1
1378 1
1380 3
1392 1
1396 1
1400 1
1414 1
1430 1
1448 1
1450 1
1454 1
1460 1
1462 1
1468 1
1476 1
1480 1
1488 2
1490 1
1498 1
1508 1
1512 1
1514 1
1516 1
1530 1
1542 1
1544 2
1546 1
1550 2
1558 1
1564 1
1570 1
1592 1
1594 1
1598 1
1600 1
1610 1
1614 1
1616 1
1618 3
1620 1
1630 2
1644 1
1660 1
1668 1
1684 1
1690 1
1696 2
1716 3
1724 1
1728 2
1736 1
1744 1
1760 1
1776 2
1786 1
1790 1
1794 1
1814 1
1830 1
1840 1
1846 1
1850 1
1878 1
1884 1
1896 1
1924 1
1928 1
1930 1
1932 1
1938 1
1942 3
1962 2
1964 1
1984 1
1986 1
1998 1
2016 1
2028 1
2032 2
2034 1
2038 1
2040 1
2044 1
2046 1
2074 2
2084 1
2100 1
2102 1
2104 1
2108 1
2120 1
2128 1
2132 1
2140 1
2148 1
2180 2
2188 1
2196 1
2208 2
2210 1
2214 1
2218 1
2230 1
2242 1
2264 1
2272 1
2276 1
2292 1
2308 1
2344 1
2346 1
2352 1
2360 1
2396 1
2400 2
2404 1
2432 1
2444 1
2454 1
2466 1
2476 1
2480 1
2490 1
2494 1
2500 1
2518 1
2520 1
2532 1
2548 1
2554 1
2564 1
2572 1
2584 1
2590 1
2598 1
2606 1
2634 1
2668 1
2678 2
2716 1
2726 1
2778 1
2820 1
2822 1
2824 1
2834 1
2848 1
2850 3
2874 1
2882 1
2958 1
3018 1
3048 1
3078 1
3090 1
3094 1
3110 1
3116 1
3174 1
3182 1
3186 1
3206 1
3234 1
3238 1
3260 1
3270 1
3278 1
3280 11
3282 9
3286 1
3296 2
3318 1
3322 1
3338 1
3356 1
3362 1
3392 1
3412 1
3442 1
3462 1
3508 1
3512 1
3530 2
3532 1
3554 1
3618 1
3632 1
3668 1
3710 1
3740 1
3754 1
3784 1
3908 1
3922 1
4038 1
4078 1
4094 1
4110 1
4114 1
4170 1
4188 1
4214 1
4250 1
4268 1
4376 1
4414 1
4440 1
4470 1
4556 1
4580 1
4658 1
4704 1
4732 1
4750 1
4778 1
4784 1
4800 1
4828 1
4872 1
4966 1
4980 1
4990 1
5026 1
5074 1
5112 1
5140 1
5220 1
5398 1
5414 1
5520 1
5616 1
5712 1
5766 1
5800 1
5832 1
5932 1
5948 1
5962 1
6006 1
6120 1
6180 1
6374 1
6418 2
6588 1
6638 1
6878 1
7012 1
7028 1
7138 1
7270 1
7284 1
7296 1
7414 1
7482 2
7610 1
8094 1
8180 1
8224 1
8350 1
8662 1
8864 1
9106 1
9424 1
9632 1
9648 1
9830 1
9976 2
9996 1
10314 3
10532 1
11774 1
11796 1
12672 1
14890 1
14914 1
15004 1
15220 1
17774 1
18276 1
18330 1
18348 1
19234 1
20232 1
21088 1
24104 1
29168 1
34468 1
36014 1
75132 1
179648 1
