0 13399729
2 189043
4 74433
6 41230
8 23194
10 11691
12 10003
14 6582
16 5030
18 4432
20 3636
22 2732
24 2178
26 1524
28 1234
30 1091
32 991
34 846
36 840
38 584
40 680
42 608
44 615
46 413
48 497
50 409
52 415
54 371
56 303
58 266
60 309
62 221
64 211
66 210
68 163
70 168
72 220
74 143
76 138
78 134
80 125
82 99
84 128
86 100
88 107
90 100
92 92
94 81
96 104
98 72
100 77
102 68
104 79
106 66
108 90
110 90
112 56
114 56
116 54
118 62
120 70
122 58
124 55
126 52
128 34
130 44
132 55
134 34
136 38
138 43
140 31
142 37
144 46
146 34
148 66
150 34
152 28
154 31
156 37
158 25
160 34
162 36
164 77
166 25
168 30
170 14
172 23
174 23
176 39
178 31
180 24
182 26
184 31
186 21
188 22
190 18
192 16
194 12
196 30
198 19
200 23
202 16
204 19
206 10
208 17
210 16
212 22
214 10
216 15
218 12
220 11
222 13
224 13
226 19
228 21
230 13
232 17
234 35
236 50
238 23
240 23
242 13
244 14
246 13
248 9
250 18
252 19
254 16
256 20
258 12
260 13
262 7
264 12
266 8
268 19
270 11
272 14
274 14
276 15
278 9
280 10
282 15
284 13
286 9
288 8
290 12
292 6
294 10
296 9
298 3
300 9
302 9
304 4
306 8
308 9
310 10
312 7
314 4
316 9
318 5
320 11
322 7
324 10
326 9
328 7
330 10
332 6
334 5
336 5
338 6
340 6
342 4
344 6
346 7
348 7
350 8
352 6
354 5
356 5
358 7
360 7
362 3
364 6
366 10
368 6
370 10
372 7
374 4
376 7
378 7
380 4
382 7
384 7
386 3
388 5
390 3
392 7
394 3
396 4
398 3
400 4
402 2
404 4
406 2
408 7
410 2
412 7
414 5
416 5
418 2
420 5
422 2
424 3
426 5
428 3
430 6
432 2
434 3
436 4
438 6
440 1
442 4
444 1
446 5
448 3
450 2
452 1
454 2
456 3
458 5
460 2
462 2
464 2
466 2
468 3
470 8
472 6
474 2
476 1
478 4
480 4
482 1
484 2
486 1
488 3
490 2
494 4
496 5
498 1
500 3
502 3
504 6
506 2
508 1
512 1
514 4
516 2
518 2
520 2
522 1
524 5
526 3
530 1
532 6
534 4
536 3
538 3
542 2
544 3
546 2
548 1
550 1
552 4
554 1
556 4
558 2
560 2
564 1
566 1
568 2
570 5
572 1
576 2
578 8
580 1
582 2
584 3
590 5
592 4
594 3
596 2
598 4
600 2
602 3
604 3
606 2
608 1
610 1
614 2
616 1
620 2
622 1
626 4
628 1
630 2
632 1
634 1
636 1
640 3
642 2
644 2
646 3
648 3
650 6
652 3
654 1
656 3
660 3
662 2
664 2
670 1
672 1
676 1
678 1
680 1
682 3
684 2
686 4
690 3
692 1
694 1
696 1
698 2
702 1
704 6
706 1
712 1
714 2
716 1
718 3
720 4
722 3
724 2
726 1
730 1
732 1
738 1
740 1
742 4
744 2
756 2
762 1
768 2
770 1
776 1
780 2
782 2
784 1
786 1
788 2
790 1
794 3
796 1
798 1
800 3
804 3
806 1
808 1
810 4
812 1
818 1
820 1
826 1
828 1
832 1
840 2
854 1
862 1
864 1
868 1
872 1
874 1
880 2
884 1
888 1
890 2
892 4
896 1
898 1
900 2
906 2
914 1
920 1
924 1
928 1
930 1
934 1
936 3
944 1
946 1
948 3
950 1
952 2
954 3
962 1
964 1
968 3
974 1
982 2
984 1
986 1
988 7
990 2
998 1
1000 1
1006 1
1008 2
1012 2
1034 1
1042 2
1046 2
1048 2
1050 1
1056 1
1058 1
1070 1
1076 1
1088 1
1096 1
1102 1
1106 1
1116 1
1118 2
1124 1
1136 1
1142 1
1146 2
1148 2
1150 1
1152 3
1154 1
1156 1
1158 1
1160 1
1162 1
1164 1
1168 1
1182 1
1184 1
1188 1
1194 1
1196 2
1198 1
1200 1
1202 2
1204 1
1212 1
1216 1
1224 2
1232 1
1238 1
1244 1
1256 1
1282 1
1288 1
1294 1
1296 1
1298 2
1306 1
1308 1
1318 1
1322 1
1326 1
1346 1
1350 1
1352 1
1356 1
1374 1
1378 1
1380 1
1400 1
1414 1
1430 1
1454 1
1460 1
1462 1
1480 1
1488 2
1490 1
1498 1
1508 1
1512 1
1514 1
1544 1
1546 1
1550 1
1570 1
1592 1
1598 1
1614 1
1616 1
1618 2
1620 1
1630 1
1644 1
1660 1
1668 1
1690 1
1696 2
1716 2
1724 1
1744 1
1760 1
1776 2
1790 1
1794 1
1814 1
1830 1
1840 1
1842 1
1874 1
1884 1
1896 1
1928 1
1938 2
1942 1
1954 1
1962 1
1964 1
1984 1
1986 1
2016 1
2032 2
2034 1
2038 2
2044 1
2074 2
2084 1
2100 1
2102 1
2104 1
2108 1
2128 1
2180 1
2188 1
2196 1
2208 1
2210 1
2218 1
2230 1
2264 1
2276 1
2308 1
2344 1
2404 1
2444 1
2466 1
2476 1
2480 1
2494 1
2500 1
2518 1
2520 1
2590 1
2598 1
2606 1
2668 1
2678 1
2716 1
2726 1
2778 1
2822 1
2848 1
2850 3
2882 1
2958 1
3018 1
3048 1
3078 1
3090 1
3110 1
3116 1
3186 1
3206 1
3238 1
3260 1
3270 1
3278 1
3280 10
3282 9
3286 1
3296 2
3318 1
3338 1
3356 1
3392 1
3412 1
3442 1
3462 1
3530 2
3554 1
3632 1
3668 1
3710 1
3754 1
3784 1
3922 1
4038 1
4078 1
4094 1
4110 1
4170 1
4376 1
4414 1
4440 1
4470 1
4580 1
4658 1
4750 1
4778 1
4784 1
4800 1
4828 1
4872 1
4980 1
4990 1
5026 1
5140 1
5220 1
5398 1
5414 1
5520 1
5616 1
5766 1
5800 1
5832 1
5932 1
5962 1
6006 1
6120 1
6180 1
6374 1
6418 1
6588 1
6638 1
7028 1
7138 1
7284 1
7296 1
7414 1
7610 1
8094 1
8350 1
8662 1
8864 1
9106 1
9424 1
9648 1
9830 1
9996 1
10314 3
11774 1
11796 1
12672 1
14890 1
15004 1
15220 1
17774 1
18276 1
18330 1
20232 1
21088 1
24104 1
29168 1
34468 1
75132 1
179648 1
