1 22710547
2 200393
3 33928
4 19422
5 1918054
6 987915
7 476627
8 765871
9 604553
10 375003
11 434250
12 328145
13 242226
14 290277
15 224291
16 179936
17 208416
18 166605
19 137182
20 153449
21 126437
22 108441
23 117470
24 99808
25 87313
26 94079
27 80659
28 70346
29 75248
30 66013
31 58746
32 62624
33 55195
34 49752
35 52253
36 46184
37 42450
38 44246
39 39448
40 36272
41 37884
42 33863
43 31460
44 32428
45 29612
46 27663
47 28059
48 25862
49 24155
50 24767
51 22785
52 21234
53 21462
54 20125
55 19054
56 19172
57 17963
58 17369
59 17374
60 16391
61 15312
62 15587
63 15010
64 13731
65 13969
66 13257
67 12250
68 12699
69 12132
70 11492
71 11410
72 11128
73 10383
74 10804
75 10142
76 9515
77 9659
78 9263
79 8828
80 8804
81 8463
82 7983
83 8208
84 7772
85 7281
86 7742
87 7253
88 6893
89 6981
90 6836
91 6191
92 6498
93 6153
94 5904
95 6079
96 5953
97 5582
98 5657
99 5409
100 5100
101 5213
102 5136
103 4829
104 4786
105 4849
106 4574
107 4614
108 4604
109 4392
110 4189
111 4123
112 4109
113 4052
114 3985
115 3715
116 3752
117 3769
118 3479
119 3619
120 3611
121 3277
122 3402
123 3375
124 3128
125 3084
126 3163
127 2989
128 2951
129 2877
130 2850
131 2922
132 2742
133 2717
134 2654
135 2608
136 2519
137 2588
138 2518
139 2391
140 2490
141 2365
142 2183
143 2256
144 2279
145 2125
146 2182
147 2166
148 1963
149 2066
150 2109
151 2008
152 1959
153 1936
154 1900
155 1784
156 1958
157 1783
158 1772
159 1785
160 1671
161 1701
162 1698
163 1628
164 1682
165 1693
166 1560
167 1531
168 1542
169 1478
170 1523
171 1533
172 1448
173 1466
174 1456
175 1440
176 1352
177 1372
178 1256
179 1303
180 1385
181 1331
182 1274
183 1345
184 1234
185 1274
186 1246
187 1169
188 1178
189 1243
190 1120
191 1154
192 1160
193 1113
194 1083
195 1104
196 1072
197 1021
198 1051
199 1035
200 995
201 1027
202 983
203 1008
204 1006
205 941
206 936
207 913
208 904
209 901
210 877
211 825
212 883
213 858
214 827
215 918
216 843
217 773
218 880
219 845
220 847
221 792
222 831
223 757
224 781
225 787
226 721
227 721
228 740
229 717
230 724
231 715
232 679
233 662
234 726
235 707
236 691
237 714
238 637
239 680
240 684
241 568
242 613
243 689
244 669
245 615
246 608
247 553
248 582
249 602
250 631
251 537
252 527
253 566
254 549
255 560
256 570
257 564
258 574
259 545
260 532
261 515
262 520
263 507
264 596
265 503
266 527
267 541
268 513
269 499
270 477
271 481
272 495
273 478
274 469
275 482
276 494
277 397
278 446
279 507
280 415
281 405
282 454
283 402
284 419
285 439
286 393
287 401
288 437
289 370
290 391
291 416
292 403
293 411
294 425
295 391
296 380
297 418
298 360
299 327
300 359
301 330
302 366
303 369
304 360
305 319
306 378
307 299
308 345
309 352
310 315
311 376
312 384
313 302
314 323
315 353
316 318
317 293
318 315
319 297
320 326
321 341
322 315
323 296
324 321
325 305
326 305
327 338
328 281
329 270
330 338
331 286
332 277
333 279
334 297
335 280
336 297
337 269
338 277
339 315
340 240
341 292
342 286
343 269
344 276
345 293
346 267
347 256
348 260
349 272
350 231
351 248
352 224
353 235
354 238
355 245
356 239
357 251
358 204
359 223
360 243
361 239
362 214
363 255
364 201
365 210
366 261
367 200
368 227
369 206
370 217
371 217
372 215
373 225
374 208
375 231
376 222
377 197
378 218
379 211
380 196
381 210
382 212
383 194
384 186
385 200
386 202
387 197
388 189
389 187
390 205
391 187
392 152
393 228
394 192
395 182
396 212
397 186
398 188
399 179
400 185
401 150
402 201
403 183
404 170
405 181
406 176
407 161
408 173
409 198
410 139
411 160
412 176
413 158
414 159
415 160
416 166
417 176
418 149
419 146
420 152
421 165
422 144
423 170
424 136
425 157
426 165
427 168
428 147
429 174
430 151
431 124
432 125
433 138
434 118
435 146
436 130
437 162
438 142
439 151
440 135
441 171
442 127
443 140
444 153
445 157
446 135
447 137
448 140
449 125
450 131
451 139
452 152
453 123
454 133
455 124
456 133
457 128
458 120
459 123
460 132
461 109
462 136
463 116
464 120
465 128
466 122
467 122
468 131
469 112
470 121
471 99
472 92
473 117
474 103
475 127
476 106
477 119
478 99
479 109
480 132
481 101
482 114
483 112
484 115
485 98
486 117
487 108
488 108
489 108
490 103
491 94
492 106
493 116
494 84
495 78
496 99
497 114
498 138
499 82
500 110
501 145
502 76
503 104
504 140
505 101
506 108
507 93
508 93
509 91
510 122
511 96
512 91
513 94
514 89
515 105
516 104
517 99
518 103
519 97
520 78
521 82
522 93
523 78
524 91
525 94
526 89
527 73
528 94
529 99
530 107
531 75
532 79
533 82
534 98
535 68
536 89
537 90
538 76
539 73
540 105
541 85
542 94
543 99
544 72
545 78
546 97
547 79
548 63
549 88
550 70
551 77
552 83
553 80
554 70
555 66
556 90
557 76
558 80
559 83
560 73
561 73
562 81
563 67
564 82
565 76
566 83
567 75
568 51
569 67
570 90
571 68
572 77
573 68
574 75
575 73
576 85
577 69
578 61
579 70
580 63
581 75
582 90
583 62
584 65
585 57
586 64
587 76
588 86
589 66
590 68
591 69
592 62
593 66
594 76
595 64
596 71
597 65
598 55
599 50
600 66
601 68
602 64
603 58
604 48
605 63
606 70
607 77
608 54
609 77
610 68
611 67
612 81
613 59
614 68
615 69
616 54
617 58
618 71
619 62
620 56
621 54
622 63
623 52
624 80
625 60
626 49
627 65
628 40
629 54
630 64
631 63
632 47
633 62
634 62
635 71
636 68
637 55
638 44
639 67
640 40
641 53
642 56
643 57
644 40
645 47
646 61
647 51
648 54
649 50
650 39
651 57
652 61
653 43
654 47
655 51
656 42
657 75
658 47
659 57
660 47
661 57
662 47
663 67
664 54
665 39
666 51
667 49
668 40
669 45
670 48
671 39
672 48
673 58
674 53
675 54
676 47
677 48
678 42
679 49
680 39
681 43
682 52
683 38
684 43
685 28
686 43
687 45
688 40
689 44
690 48
691 39
692 50
693 45
694 36
695 45
696 51
697 35
698 43
699 38
700 46
701 52
702 43
703 48
704 38
705 62
706 36
707 55
708 46
709 46
710 44
711 46
712 30
713 31
714 52
715 46
716 35
717 37
718 34
719 43
720 34
721 36
722 40
723 41
724 43
725 43
726 48
727 31
728 42
729 44
730 36
731 33
732 32
733 26
734 39
735 39
736 25
737 36
738 45
739 34
740 37
741 48
742 32
743 41
744 40
745 31
746 38
747 28
748 32
749 49
750 37
751 41
752 40
753 38
754 45
755 25
756 22
757 27
758 32
759 30
760 30
761 27
762 30
763 33
764 29
765 44
766 33
767 34
768 37
769 34
770 284
771 43
772 31
773 40
774 42
775 34
776 35
777 39
778 42
779 25
780 29
781 22
782 35
783 21
784 28
785 35
786 45
787 36
788 37
789 35
790 28
791 35
792 28
793 27
794 36
795 27
796 19
797 27
798 33
799 26
800 28
801 36
802 27
803 29
804 27
805 29
806 20
807 32
808 23
809 38
810 29
811 22
812 27
813 36
814 32
815 22
816 23
817 28
818 22
819 40
820 27
821 44
822 28
823 29
824 28
825 31
826 22
827 32
828 28
829 22
830 26
831 22
832 25
833 23
834 27
835 21
836 36
837 41
838 20
839 25
840 19
841 26
842 26
843 27
844 16
845 24
846 27
847 16
848 21
849 24
850 23
851 23
852 22
853 32
854 19
855 43
856 20
857 22
858 16
859 24
860 16
861 30
862 22
863 28
864 25
865 21
866 23
867 28
868 22
869 26
870 24
871 20
872 26
873 16
874 25
875 22
876 30
877 20
878 23
879 14
880 21
881 14
882 24
883 26
884 24
885 25
886 17
887 18
888 18
889 20
890 24
891 26
892 15
893 20
894 29
895 19
896 14
897 24
898 24
899 28
900 21
901 25
902 26
903 23
904 20
905 22
906 16
907 23
908 21
909 22
910 23
911 18
912 18
913 21
914 20
915 11
916 24
917 21
918 24
919 25
920 19
921 18
922 20
923 16
924 23
925 19
926 14
927 18
928 24
929 22
930 15
931 17
932 15
933 23
934 25
935 28
936 16
937 25
938 18
939 24
940 18
941 29
942 26
943 11
944 25
945 18
946 12
947 29
948 18
949 16
950 19
951 19
952 21
953 24
954 25
955 14
956 16
957 15
958 23
959 22
960 16
961 10
962 13
963 20
964 23
965 22
966 16
967 17
968 17
969 23
970 15
971 21
972 17
973 18
974 24
975 21
976 14
977 13
978 27
979 13
980 13
981 15
982 24
983 24
984 20
985 12
986 14
987 22
988 17
989 26
990 20
991 17
992 20
993 15
994 17
995 15
996 12
997 9
998 15
999 22
1000 16
1001 17
1002 16
1003 18
1004 18
1005 27
1006 23
1007 18
1008 26
1009 18
1010 18
1011 21
1012 14
1013 30
1014 17
1015 19
1016 15
1017 19
1018 18
1019 14
1020 21
1021 9
1022 17
1023 15
1024 22
1025 16
1026 15
1027 27
1028 15
1029 21
1030 12
1031 20
1032 20
1033 17
1034 17
1035 19
1036 16
1037 15
1038 20
1039 18
1040 13
1041 18
1042 13
1043 18
1044 11
1045 18
1046 19
1047 18
1048 12
1049 16
1050 16
1051 18
1052 11
1053 13
1054 17
1055 12
1056 17
1057 12
1058 11
1059 19
1060 14
1061 7
1062 15
1063 25
1064 14
1065 17
1066 15
1067 13
1068 6
1069 10
1070 9
1071 14
1072 11
1073 17
1074 13
1075 16
1076 17
1077 24
1078 15
1079 13
1080 14
1081 11
1082 16
1083 17
1084 12
1085 8
1086 24
1087 8
1088 12
1089 17
1090 8
1091 16
1092 20
1093 17
1094 13
1095 12
1096 16
1097 12
1098 13
1099 11
1100 17
1101 13
1102 8
1103 11
1104 15
1105 16
1106 16
1107 15
1108 12
1109 13
1110 9
1111 14
1112 9
1113 11
1114 12
1115 17
1116 13
1117 7
1118 16
1119 12
1120 13
1121 11
1122 12
1123 7
1124 19
1125 16
1126 13
1127 12
1128 12
1129 17
1130 11
1131 13
1132 11
1133 10
1134 13
1135 17
1136 16
1137 12
1138 10
1139 10
1140 9
1141 8
1142 16
1143 11
1144 13
1145 10
1146 10
1147 13
1148 15
1149 10
1150 10
1151 9
1152 17
1153 9
1154 8
1155 16
1156 5
1157 13
1158 14
1159 6
1160 9
1161 15
1162 8
1163 13
1164 13
1165 5
1166 11
1167 11
1168 11
1169 5
1170 16
1171 8
1172 13
1173 9
1174 12
1175 12
1176 12
1177 4
1178 10
1179 13
1180 13
1181 11
1182 12
1183 13
1184 11
1185 18
1186 9
1187 10
1188 12
1189 5
1190 13
1191 7
1192 9
1193 9
1194 16
1195 9
1196 14
1197 13
1198 10
1199 16
1200 16
1201 11
1202 9
1203 11
1204 15
1205 12
1206 17
1207 11
1208 8
1209 9
1210 16
1211 9
1212 10
1213 8
1214 8
1215 13
1216 15
1217 14
1218 11
1219 10
1220 11
1221 5
1222 11
1223 8
1224 10
1225 12
1226 11
1227 10
1228 9
1229 13
1230 13
1231 11
1232 11
1233 11
1234 11
1235 9
1236 13
1237 5
1238 4
1239 13
1240 9
1241 11
1242 11
1243 5
1244 16
1245 11
1246 9
1247 15
1248 13
1249 12
1250 8
1251 6
1252 7
1253 7
1254 7
1255 8
1256 12
1257 8
1258 6
1259 9
1260 14
1261 13
1262 7
1263 13
1264 11
1265 10
1266 12
1267 7
1268 5
1269 10
1270 8
1271 6
1272 9
1273 10
1274 10
1275 14
1276 10
1277 6
1278 11
1279 13
1280 11
1281 13
1282 7
1283 10
1284 15
1285 6
1286 11
1287 9
1288 8
1289 7
1290 13
1291 7
1292 7
1293 9
1294 11
1295 9
1296 11
1297 6
1298 8
1299 9
1300 11
1301 12
1302 13
1303 7
1304 4
1305 11
1306 8
1307 8
1308 11
1309 12
1310 11
1311 9
1312 12
1313 7
1314 13
1315 9
1316 6
1317 8
1318 12
1319 6
1320 22
1321 10
1322 5
1323 12
1324 8
1325 7
1326 9
1327 11
1328 5
1329 15
1330 8
1331 8
1332 11
1333 13
1334 12
1335 13
1336 12
1337 9
1338 16
1339 11
1340 4
1341 15
1342 7
1343 11
1344 15
1345 9
1346 11
1347 14
1348 14
1349 4
1350 11
1351 9
1352 8
1353 12
1354 9
1355 6
1356 13
1357 9
1358 10
1359 16
1360 10
1361 10
1362 10
1363 7
1364 8
1365 11
1366 9
1367 6
1368 7
1369 11
1370 8
1371 12
1372 9
1373 8
1374 9
1375 6
1376 2
1377 7
1378 8
1379 9
1380 10
1381 4
1382 7
1383 6
1384 13
1385 8
1386 12
1387 5
1388 10
1389 8
1390 11
1391 8
1392 11
1393 6
1394 9
1395 9
1396 7
1397 6
1398 6
1399 10
1400 7
1401 7
1402 10
1403 11
1404 16
1405 1
1406 9
1407 8
1408 9
1409 6
1410 15
1411 12
1412 7
1413 11
1414 7
1415 8
1416 11
1417 8
1418 6
1419 8
1420 15
1421 9
1422 8
1423 8
1424 2
1425 12
1426 7
1427 5
1428 8
1429 5
1430 5
1431 5
1432 9
1433 9
1434 8
1435 9
1436 5
1437 7
1438 4
1439 13
1440 3
1441 7
1442 5
1443 4
1444 9
1445 4
1446 4
1447 7
1448 7
1449 5
1450 5
1451 7
1452 5
1453 9
1454 9
1455 7
1456 6
1457 8
1458 4
1459 4
1460 5
1461 7
1462 9
1463 7
1464 2
1465 6
1466 10
1467 7
1468 8
1469 2
1470 9
1471 5
1472 5
1473 4
1474 4
1475 11
1476 6
1477 5
1478 8
1479 8
1480 7
1481 8
1482 7
1483 7
1484 4
1485 5
1486 12
1487 6
1488 11
1489 8
1490 7
1491 3
1492 7
1493 11
1494 2
1495 3
1496 4
1497 6
1498 7
1499 8
1500 6
1501 5
1502 5
1503 4
1504 4
1505 11
1506 9
1507 5
1508 4
1509 6
1510 6
1511 6
1512 11
1513 7
1514 5
1515 6
1516 7
1517 3
1518 7
1519 3
1520 9
1521 8
1522 8
1523 6
1524 5
1525 5
1526 6
1527 5
1528 4
1529 3
1530 6
1531 9
1532 7
1533 6
1534 8
1535 7
1536 5
1537 5
1538 5
1539 6
1540 3
1541 5
1542 8
1543 6
1544 3
1545 6
1546 8
1547 6
1548 3
1549 11
1550 8
1551 10
1552 4
1553 6
1554 7
1555 8
1556 4
1557 7
1558 6
1559 9
1560 5
1561 5
1562 3
1563 5
1564 6
1565 4
1566 6
1567 5
1568 8
1569 5
1570 7
1571 2
1572 2
1573 4
1574 6
1575 5
1576 8
1577 3
1578 5
1579 4
1580 6
1581 2
1582 3
1583 7
1584 7
1585 5
1586 13
1587 7
1589 4
1590 7
1591 5
1592 3
1593 8
1594 9
1595 7
1596 6
1597 8
1598 8
1599 5
1600 6
1601 5
1602 7
1603 2
1604 8
1605 4
1606 6
1607 7
1608 14
1609 6
1610 7
1611 2
1612 2
1613 6
1614 4
1615 4
1616 7
1617 4
1618 4
1619 4
1620 7
1621 7
1622 4
1623 5
1624 3
1625 5
1626 6
1627 1
1628 2
1629 7
1630 4
1631 5
1632 3
1633 7
1634 2
1635 9
1636 5
1637 7
1638 8
1639 2
1640 1
1641 2
1642 7
1643 6
1644 5
1645 6
1646 5
1647 3
1648 3
1649 4
1650 5
1651 6
1652 8
1653 10
1654 4
1655 4
1656 7
1657 4
1658 4
1659 4
1660 7
1661 6
1662 2
1663 9
1664 2
1665 3
1666 3
1667 3
1668 5
1669 6
1670 3
1671 2
1672 2
1673 3
1674 7
1675 5
1676 2
1677 4
1678 4
1679 6
1680 8
1681 3
1682 5
1683 3
1684 4
1685 3
1686 10
1687 5
1688 7
1689 7
1690 4
1692 3
1693 3
1694 4
1695 6
1696 7
1697 4
1698 3
1699 4
1700 6
1701 7
1702 7
1703 5
1704 2
1705 6
1706 8
1707 2
1708 6
1709 4
1710 4
1711 5
1712 4
1713 3
1714 6
1715 4
1716 4
1717 5
1718 4
1719 3
1720 3
1721 2
1722 3
1723 5
1724 4
1725 3
1726 5
1727 2
1728 1
1729 5
1730 6
1731 2
1732 5
1733 2
1734 5
1735 6
1736 7
1737 6
1738 4
1739 8
1740 4
1741 5
1742 4
1743 2
1744 4
1745 6
1746 3
1747 7
1749 3
1750 5
1751 10
1752 3
1753 3
1754 6
1755 4
1756 4
1757 6
1758 6
1759 8
1760 5
1761 7
1762 2
1763 5
1764 4
1765 5
1766 5
1767 6
1768 3
1769 6
1770 13
1771 8
1772 4
1773 3
1774 2
1775 6
1776 5
1777 7
1778 6
1779 3
1780 5
1781 5
1782 4
1783 4
1784 6
1785 5
1786 4
1787 11
1788 6
1789 2
1790 5
1791 1
1792 1
1793 5
1794 3
1795 4
1796 7
1797 2
1798 4
1799 2
1800 3
1801 1
1802 2
1803 6
1804 6
1806 2
1807 2
1808 2
1809 7
1810 4
1811 4
1812 5
1813 1
1814 6
1815 4
1816 6
1817 3
1818 3
1819 5
1820 3
1821 1
1822 3
1823 7
1824 3
1825 5
1826 3
1827 4
1828 4
1829 2
1830 3
1831 2
1832 6
1833 5
1834 4
1835 6
1836 4
1837 5
1838 4
1839 6
1840 6
1841 3
1842 5
1843 4
1844 4
1845 5
1846 3
1847 4
1848 5
1849 3
1850 6
1851 2
1852 2
1853 3
1854 2
1855 3
1856 2
1857 3
1858 3
1859 6
1860 3
1861 2
1862 2
1863 1
1864 2
1865 4
1866 2
1867 3
1868 3
1869 3
1870 3
1871 3
1872 2
1874 2
1875 2
1876 3
1877 1
1878 3
1879 2
1880 8
1881 5
1882 4
1883 4
1884 6
1885 4
1886 5
1887 4
1888 6
1889 3
1890 7
1891 2
1892 4
1893 5
1894 2
1895 3
1896 4
1897 3
1898 1
1899 2
1900 7
1901 3
1902 3
1903 5
1904 4
1905 3
1906 3
1907 3
1908 4
1909 3
1910 1
1911 3
1912 6
1913 3
1914 4
1915 5
1916 3
1917 2
1918 1
1919 4
1920 1
1921 1
1922 2
1923 3
1924 5
1925 5
1926 2
1927 4
1928 2
1929 2
1930 1
1931 3
1932 5
1933 6
1934 1
1935 3
1936 5
1937 1
1938 4
1939 5
1940 2
1941 2
1942 2
1943 5
1944 7
1945 3
1946 3
1948 3
1949 3
1950 4
1951 2
1952 3
1953 5
1954 1
1955 3
1956 3
1957 3
1958 1
1959 2
1960 4
1961 3
1962 2
1963 1
1964 4
1965 6
1967 4
1968 3
1969 5
1970 3
1971 3
1972 3
1973 4
1974 1
1975 5
1976 3
1977 2
1978 3
1979 5
1980 3
1981 2
1982 2
1983 5
1984 6
1985 3
1986 5
1987 3
1988 3
1989 6
1990 5
1991 7
1992 2
1993 5
1994 5
1995 6
1996 5
1997 7
1998 3
2000 5
2001 8
2002 3
2003 3
2004 6
2005 2
2006 4
2007 7
2008 6
2009 3
2010 3
2011 2
2012 3
2013 5
2014 2
2015 4
2016 1
2017 3
2018 6
2019 6
2020 6
2022 5
2023 4
2024 6
2025 4
2027 2
2028 3
2029 3
2031 3
2032 2
2033 2
2034 1
2035 1
2036 2
2037 9
2038 5
2039 5
2040 3
2041 3
2042 3
2043 4
2044 5
2045 2
2046 2
2047 5
2048 2
2049 3
2052 3
2054 1
2055 5
2056 4
2057 2
2058 1
2059 4
2060 2
2061 4
2063 6
2064 1
2065 5
2067 3
2068 2
2069 3
2070 3
2071 7
2072 4
2073 6
2074 2
2075 5
2076 5
2077 2
2078 5
2079 4
2080 3
2081 2
2082 2
2083 5
2084 2
2085 3
2086 3
2087 2
2088 5
2089 1
2090 6
2091 2
2092 3
2093 2
2094 2
2095 1
2096 1
2097 2
2098 2
2100 1
2101 4
2102 1
2103 3
2104 3
2105 3
2106 1
2107 2
2108 4
2109 1
2110 2
2112 3
2113 2
2114 1
2115 2
2116 2
2117 3
2118 5
2120 4
2121 4
2122 4
2123 5
2124 2
2125 1
2126 3
2127 4
2128 4
2129 4
2130 1
2131 1
2132 2
2133 2
2134 1
2135 1
2136 5
2137 1
2138 3
2139 4
2141 3
2142 1
2143 1
2144 3
2145 2
2146 7
2147 1
2148 5
2149 1
2150 7
2151 4
2152 3
2154 1
2155 3
2157 1
2158 6
2159 4
2161 2
2162 5
2163 3
2164 2
2165 1
2166 1
2167 2
2168 2
2169 3
2170 3
2171 2
2172 1
2173 3
2174 3
2175 1
2178 1
2179 3
2181 2
2182 4
2183 6
2184 2
2185 2
2186 4
2187 1
2188 3
2189 3
2190 3
2191 2
2192 1
2193 3
2194 2
2195 3
2196 4
2197 3
2198 3
2200 3
2201 5
2202 1
2203 3
2204 4
2205 4
2206 1
2207 3
2208 3
2209 1
2210 3
2211 2
2212 1
2213 2
2214 1
2215 2
2216 1
2217 4
2218 3
2219 2
2220 2
2221 2
2222 2
2223 1
2224 1
2225 1
2226 2
2227 5
2228 2
2229 4
2230 4
2231 2
2232 2
2233 3
2234 1
2235 3
2236 1
2237 1
2238 1
2239 1
2240 3
2241 3
2242 1
2243 1
2244 1
2245 1
2246 1
2247 2
2248 7
2249 2
2250 1
2251 4
2252 2
2253 2
2255 2
2257 1
2258 4
2259 3
2260 4
2262 1
2263 1
2264 2
2265 4
2266 3
2267 7
2268 5
2269 4
2270 2
2271 1
2272 1
2273 3
2274 1
2275 1
2276 3
2277 4
2278 3
2279 3
2280 3
2281 3
2283 5
2284 5
2285 3
2287 1
2288 3
2289 1
2290 2
2291 1
2292 5
2293 2
2294 3
2295 2
2296 5
2297 4
2298 3
2299 4
2300 2
2301 2
2302 2
2303 4
2304 1
2305 1
2306 3
2307 1
2308 2
2309 3
2310 6
2311 4
2312 1
2313 2
2314 1
2316 4
2317 4
2318 1
2319 2
2320 2
2321 1
2322 1
2323 5
2324 3
2325 1
2326 5
2327 1
2328 5
2329 1
2330 2
2331 7
2333 3
2334 4
2335 2
2336 1
2337 3
2338 1
2339 3
2340 4
2341 3
2342 2
2343 2
2344 6
2346 2
2348 3
2349 3
2351 5
2352 2
2353 2
2354 2
2355 2
2356 2
2357 2
2358 1
2359 1
2360 3
2361 2
2362 3
2363 4
2364 5
2365 3
2366 4
2367 3
2369 1
2370 2
2371 2
2372 5
2373 2
2374 1
2375 2
2376 2
2377 1
2378 1
2379 2
2380 3
2381 3
2383 2
2384 2
2385 1
2386 2
2387 3
2388 1
2389 2
2390 1
2391 3
2392 1
2393 3
2394 2
2395 1
2396 2
2397 1
2398 4
2399 2
2400 2
2401 2
2402 2
2403 4
2404 4
2405 1
2406 3
2407 3
2408 3
2409 1
2410 4
2411 3
2412 3
2413 3
2414 4
2415 2
2416 2
2417 1
2418 4
2419 2
2420 4
2421 2
2422 2
2423 4
2424 6
2426 4
2427 1
2428 1
2429 3
2430 2
2431 3
2432 4
2433 3
2434 2
2435 3
2437 2
2438 4
2439 1
2440 1
2441 2
2442 5
2443 3
2444 3
2446 2
2447 3
2448 5
2449 3
2450 3
2451 3
2452 3
2453 4
2454 1
2455 1
2456 2
2457 1
2458 2
2459 3
2461 1
2462 3
2463 3
2464 2
2465 2
2466 3
2467 1
2468 1
2469 3
2470 2
2471 1
2472 1
2473 3
2474 2
2475 3
2477 1
2479 1
2480 3
2481 3
2482 3
2483 4
2484 3
2485 2
2486 2
2487 1
2488 1
2489 2
2490 2
2492 2
2493 2
2494 2
2495 1
2496 4
2497 4
2499 3
2500 5
2501 5
2502 3
2503 3
2504 2
2505 1
2506 1
2507 3
2508 2
2509 2
2510 3
2511 1
2512 2
2513 2
2514 5
2516 1
2517 3
2518 4
2520 2
2521 1
2522 1
2523 3
2524 3
2525 2
2526 2
2527 1
2528 2
2529 1
2530 1
2531 2
2532 1
2533 3
2534 4
2535 1
2536 3
2537 4
2538 3
2539 2
2541 4
2542 6
2544 1
2545 2
2546 1
2547 1
2549 1
2550 4
2551 1
2552 2
2553 4
2554 3
2555 1
2557 3
2558 1
2559 1
2561 2
2562 3
2563 1
2565 1
2566 2
2567 1
2568 2
2569 2
2570 2
2571 2
2573 2
2574 3
2575 5
2576 2
2577 3
2578 2
2579 2
2581 2
2582 1
2583 1
2585 1
2586 2
2587 2
2588 2
2589 2
2591 1
2592 4
2593 1
2594 1
2596 1
2597 1
2598 2
2599 3
2600 1
2604 1
2605 4
2606 3
2607 1
2608 3
2609 4
2610 1
2613 2
2614 1
2615 3
2616 3
2617 1
2619 1
2620 2
2621 1
2622 1
2623 4
2626 3
2629 4
2630 1
2631 4
2633 2
2634 1
2635 1
2636 1
2637 2
2639 2
2640 1
2641 1
2642 3
2643 3
2644 1
2645 4
2646 2
2647 4
2649 3
2650 3
2651 2
2652 2
2653 2
2654 1
2655 2
2656 4
2657 4
2660 2
2661 1
2662 1
2663 2
2664 2
2665 3
2666 2
2667 3
2668 2
2669 2
2670 1
2671 3
2672 1
2673 3
2674 2
2675 2
2676 2
2677 1
2678 5
2679 1
2680 1
2681 3
2682 2
2683 1
2684 1
2685 1
2686 2
2687 1
2688 1
2690 1
2691 2
2692 1
2693 1
2694 3
2697 1
2698 1
2699 2
2700 1
2701 4
2702 3
2704 1
2706 3
2707 1
2708 2
2709 1
2710 1
2711 3
2713 1
2714 3
2716 1
2717 1
2718 2
2719 1
2720 1
2721 2
2722 3
2723 1
2724 1
2725 2
2726 1
2727 2
2728 1
2731 1
2732 4
2733 4
2734 2
2735 3
2737 6
2738 2
2739 2
2740 1
2741 1
2742 1
2744 2
2745 3
2746 4
2747 3
2748 2
2751 1
2752 2
2753 1
2756 1
2757 1
2758 3
2759 1
2760 1
2761 2
2762 2
2763 2
2764 3
2766 4
2767 2
2768 2
2769 1
2770 1
2772 1
2773 1
2774 1
2778 3
2779 2
2780 4
2781 2
2782 2
2784 2
2785 2
2786 3
2787 2
2788 2
2789 1
2791 2
2792 3
2793 2
2794 2
2795 5
2796 1
2797 1
2798 2
2799 1
2800 2
2802 1
2803 1
2804 1
2805 3
2806 3
2808 1
2809 1
2811 2
2812 4
2813 2
2814 2
2815 1
2816 1
2818 2
2819 1
2820 4
2822 3
2823 4
2825 1
2826 1
2827 1
2828 2
2829 1
2830 1
2831 4
2833 2
2834 1
2835 3
2836 2
2837 2
2841 2
2842 1
2843 1
2844 3
2845 1
2846 2
2848 1
2850 2
2851 1
2852 2
2853 2
2854 1
2855 3
2856 2
2858 1
2859 1
2860 1
2861 2
2862 1
2864 1
2865 1
2866 1
2867 1
2868 4
2869 2
2870 3
2872 3
2873 1
2874 1
2875 2
2876 1
2877 1
2878 1
2879 4
2881 2
2882 5
2883 3
2884 1
2885 1
2886 2
2887 2
2888 2
2889 1
2890 1
2892 2
2893 2
2894 2
2895 1
2897 2
2899 4
2901 3
2902 1
2903 2
2904 1
2905 2
2906 1
2908 1
2909 2
2910 1
2911 2
2912 2
2914 1
2915 1
2916 2
2917 1
2918 3
2920 1
2921 1
2922 3
2923 2
2924 1
2925 2
2927 2
2928 2
2929 1
2930 2
2931 1
2932 2
2933 1
2934 1
2935 2
2937 2
2939 3
2940 2
2944 2
2945 1
2946 3
2947 2
2949 1
2951 3
2952 1
2953 2
2955 2
2956 1
2957 1
2960 2
2961 2
2964 3
2965 1
2966 1
2967 2
2968 1
2970 1
2971 1
2973 1
2974 1
2975 1
2978 3
2979 1
2980 2
2981 2
2983 3
2984 2
2987 1
2988 2
2994 2
2996 2
2997 1
2998 1
3000 2
3003 4
3004 1
3006 1
3008 1
3009 1
3010 2
3011 1
3012 2
3014 4
3015 4
3016 1
3017 2
3018 4
3019 1
3020 3
3021 2
3022 2
3023 3
3024 2
3027 1
3028 1
3030 2
3032 2
3033 2
3034 4
3035 2
3036 1
3038 1
3039 1
3040 2
3042 2
3046 5
3051 3
3052 3
3053 1
3054 1
3056 4
3058 2
3059 1
3062 2
3064 1
3065 1
3066 2
3067 2
3069 2
3072 2
3075 2
3076 1
3077 1
3078 2
3081 2
3082 2
3083 3
3084 2
3086 1
3087 2
3088 1
3089 2
3090 1
3091 1
3092 3
3094 3
3095 1
3097 2
3098 2
3100 1
3101 1
3102 2
3103 1
3104 2
3105 3
3106 2
3107 3
3108 1
3109 2
3110 1
3111 1
3112 1
3113 3
3116 2
3117 1
3118 1
3119 1
3120 1
3121 1
3122 1
3123 1
3125 1
3126 1
3127 1
3129 1
3130 2
3131 3
3133 2
3134 2
3135 1
3136 3
3137 1
3138 3
3139 2
3140 1
3141 5
3142 1
3144 1
3146 4
3148 3
3152 2
3153 2
3157 2
3158 1
3159 1
3161 1
3162 2
3164 1
3168 4
3170 2
3172 1
3173 1
3174 1
3175 1
3176 1
3177 1
3178 4
3179 2
3180 1
3181 1
3182 3
3185 1
3186 1
3187 1
3189 2
3191 1
3192 2
3194 3
3195 2
3196 2
3197 1
3198 1
3202 3
3203 1
3204 1
3205 1
3206 2
3208 2
3209 1
3211 3
3212 2
3213 1
3214 3
3215 1
3217 2
3218 1
3219 1
3220 1
3223 3
3225 2
3227 1
3228 1
3230 1
3232 3
3233 5
3234 1
3236 1
3237 2
3239 1
3240 1
3241 2
3242 1
3244 2
3246 3
3253 1
3255 2
3256 2
3259 2
3263 3
3265 6
3267 1
3268 2
3270 1
3273 2
3274 1
3275 2
3277 3
3278 2
3279 1
3280 1
3281 2
3282 1
3287 1
3288 1
3290 2
3291 1
3292 1
3293 1
3295 3
3297 1
3298 4
3299 2
3300 1
3301 1
3302 2
3305 1
3306 1
3307 2
3308 2
3309 3
3310 1
3312 4
3313 4
3314 3
3317 1
3319 3
3320 1
3322 1
3324 3
3325 2
3327 1
3328 1
3329 2
3331 2
3334 1
3335 1
3337 2
3338 3
3339 2
3340 1
3341 1
3342 1
3343 1
3345 1
3346 2
3348 1
3349 4
3351 2
3352 2
3354 2
3355 1
3357 1
3358 1
3360 1
3361 1
3363 1
3365 2
3367 1
3369 1
3370 1
3371 1
3372 1
3373 3
3374 2
3375 1
3377 1
3378 1
3379 1
3380 2
3382 2
3383 1
3385 1
3386 4
3387 2
3388 1
3389 1
3394 2
3395 1
3396 1
3398 1
3399 1
3400 2
3401 3
3402 1
3404 1
3405 1
3407 1
3408 1
3411 2
3412 1
3413 1
3415 2
3416 1
3417 3
3418 1
3419 2
3421 1
3422 2
3425 2
3426 2
3427 1
3428 3
3429 2
3430 1
3431 2
3432 2
3433 2
3437 2
3438 2
3441 2
3442 1
3443 1
3445 4
3446 2
3448 3
3450 1
3454 2
3455 1
3458 1
3459 3
3460 1
3461 1
3462 5
3465 5
3468 1
3469 2
3471 2
3472 1
3473 1
3474 1
3475 1
3476 2
3477 1
3481 2
3482 1
3483 1
3484 1
3485 1
3487 2
3490 2
3491 1
3492 1
3493 2
3497 1
3500 1
3502 1
3503 1
3504 2
3505 1
3507 1
3508 2
3509 1
3513 2
3514 1
3516 3
3517 2
3518 2
3519 2
3521 1
3522 2
3524 2
3525 1
3526 1
3527 1
3528 2
3530 1
3532 1
3534 1
3536 3
3537 1
3538 2
3539 1
3542 2
3546 2
3548 1
3549 1
3551 2
3552 3
3554 2
3555 1
3556 1
3558 1
3563 1
3566 2
3567 2
3570 1
3572 2
3573 3
3575 2
3577 2
3578 1
3582 1
3583 1
3590 4
3598 1
3603 2
3604 1
3606 2
3607 2
3609 1
3611 3
3614 1
3615 1
3616 2
3617 1
3618 1
3619 1
3620 1
3621 3
3622 2
3625 3
3628 1
3629 1
3630 2
3632 1
3634 1
3635 1
3637 1
3638 1
3639 2
3640 1
3645 1
3647 1
3648 3
3649 1
3651 1
3652 2
3654 1
3655 2
3657 5
3660 1
3661 1
3662 1
3663 1
3666 2
3667 1
3669 1
3670 1
3671 1
3672 1
3673 1
3676 1
3680 1
3681 1
3684 3
3686 1
3687 2
3688 2
3689 1
3693 4
3694 1
3695 1
3696 1
3697 1
3700 2
3701 2
3702 3
3705 3
3709 2
3712 2
3715 2
3716 1
3717 1
3719 4
3721 2
3722 1
3725 1
3726 1
3730 4
3731 1
3732 2
3733 1
3734 1
3735 1
3736 2
3738 3
3745 1
3746 1
3747 2
3748 1
3749 2
3751 1
3752 1
3753 2
3756 3
3757 2
3758 1
3759 3
3760 1
3761 1
3763 1
3766 1
3767 1
3768 1
3769 1
3771 1
3773 1
3776 2
3778 1
3779 1
3781 1
3785 2
3786 3
3788 1
3789 2
3791 1
3792 1
3793 3
3798 2
3801 2
3804 2
3806 1
3808 2
3810 1
3811 1
3813 1
3823 2
3824 1
3825 1
3826 2
3827 1
3829 1
3830 2
3834 1
3835 1
3836 1
3838 2
3840 1
3842 1
3843 2
3844 2
3845 2
3847 3
3848 1
3849 2
3850 3
3852 1
3853 1
3854 3
3856 2
3858 2
3861 1
3863 1
3865 2
3866 3
3867 2
3872 1
3873 1
3874 1
3878 1
3880 1
3881 1
3882 1
3883 2
3884 2
3886 1
3890 1
3891 1
3894 1
3895 1
3896 2
3900 1
3902 3
3904 2
3905 1
3909 1
3910 1
3911 3
3912 2
3913 2
3914 1
3915 1
3917 1
3918 2
3919 1
3920 1
3921 3
3922 1
3926 2
3930 1
3931 1
3932 1
3933 1
3936 1
3942 2
3945 1
3947 1
3950 2
3951 2
3952 2
3954 2
3955 2
3958 1
3959 1
3960 1
3962 2
3963 1
3964 2
3965 2
3966 1
3973 1
3974 2
3976 1
3977 1
3978 1
3985 1
3986 1
3987 3
3988 2
3989 1
3990 2
3991 3
3992 1
3993 2
3996 1
3997 2
3998 1
4000 1
4002 1
4007 1
4008 1
4009 1
4010 3
4011 1
4012 1
4013 1
4015 2
4016 2
4018 1
4019 2
4021 3
4022 2
4024 1
4025 1
4026 2
4028 1
4030 1
4034 1
4035 2
4037 1
4038 2
4040 2
4041 1
4043 1
4045 1
4046 2
4047 1
4048 1
4049 1
4050 1
4052 1
4053 1
4057 1
4058 1
4059 1
4063 1
4064 1
4065 1
4066 1
4068 2
4071 4
4072 1
4074 1
4075 1
4076 1
4079 4
4080 1
4083 2
4085 2
4088 1
4089 1
4090 1
4091 1
4093 1
4096 1
4097 1
4099 1
4100 1
4101 2
4102 1
4103 1
4106 2
4107 1
4108 2
4109 1
4110 1
4111 2
4112 2
4113 1
4119 2
4120 1
4121 1
4122 1
4123 1
4124 1
4125 1
4126 2
4128 1
4129 2
4134 2
4136 2
4137 1
4141 2
4142 4
4144 1
4145 2
4149 2
4150 1
4151 2
4155 1
4158 1
4160 1
4163 1
4164 1
4168 1
4169 1
4172 1
4175 1
4176 1
4179 1
4180 1
4181 1
4187 2
4188 2
4189 2
4190 1
4192 1
4197 2
4198 1
4200 1
4201 1
4202 1
4203 2
4205 1
4206 1
4207 1
4210 1
4211 1
4213 1
4216 2
4217 1
4222 1
4225 2
4228 1
4229 1
4232 1
4237 1
4241 1
4244 1
4246 1
4247 1
4250 1
4252 1
4253 2
4255 3
4260 1
4261 1
4262 1
4263 1
4264 1
4266 1
4270 1
4271 1
4272 1
4273 1
4275 1
4276 1
4279 1
4280 1
4282 1
4284 1
4287 1
4291 1
4292 1
4298 1
4300 1
4303 2
4304 2
4310 3
4312 1
4313 2
4314 1
4315 2
4317 1
4319 1
4326 2
4327 2
4328 1
4329 1
4330 1
4332 1
4333 1
4334 1
4335 1
4336 1
4338 1
4340 2
4342 1
4343 4
4345 1
4347 1
4349 1
4350 1
4351 2
4357 1
4358 1
4364 1
4365 3
4366 1
4371 1
4377 1
4384 1
4385 1
4386 1
4387 1
4393 1
4394 3
4395 2
4396 1
4399 2
4404 1
4405 1
4410 1
4413 1
4415 1
4417 1
4421 1
4425 1
4426 1
4430 1
4433 1
4435 1
4436 1
4442 1
4446 1
4447 2
4450 1
4451 1
4453 1
4454 3
4455 1
4457 1
4459 1
4460 1
4463 1
4464 1
4466 1
4473 2
4475 1
4476 1
4480 1
4483 1
4485 2
4486 1
4487 1
4491 2
4492 1
4499 1
4502 3
4516 1
4518 3
4520 2
4524 1
4527 1
4528 1
4534 1
4536 1
4539 2
4540 1
4542 1
4545 1
4546 1
4548 1
4549 1
4552 1
4555 2
4558 1
4559 1
4569 2
4570 1
4574 1
4576 2
4577 1
4578 1
4582 1
4583 1
4584 1
4586 1
4587 2
4588 2
4589 1
4593 1
4595 1
4597 1
4599 1
4602 1
4603 1
4605 1
4606 1
4607 1
4608 1
4609 2
4612 1
4613 1
4614 1
4617 1
4618 2
4624 1
4635 1
4637 1
4644 1
4647 2
4649 1
4651 3
4653 2
4656 2
4661 1
4662 4
4663 1
4666 1
4667 1
4668 1
4673 1
4676 1
4677 1
4679 1
4682 1
4685 1
4686 1
4687 1
4688 1
4691 1
4692 1
4694 1
4695 1
4697 1
4698 1
4699 2
4700 1
4703 1
4705 1
4706 1
4707 3
4709 1
4714 1
4715 1
4716 1
4718 1
4720 1
4721 1
4724 1
4726 3
4727 1
4728 3
4729 2
4730 1
4731 1
4732 1
4733 2
4735 2
4736 1
4738 1
4739 2
4740 2
4742 1
4743 1
4747 2
4751 1
4756 1
4757 2
4758 1
4760 1
4762 1
4763 2
4766 2
4767 1
4770 1
4773 1
4774 2
4777 1
4780 1
4781 2
4782 1
4785 1
4786 1
4791 1
4793 2
4796 3
4797 1
4800 1
4801 3
4803 3
4804 3
4807 3
4812 1
4813 1
4815 2
4817 2
4818 1
4819 2
4820 1
4821 1
4822 1
4823 1
4824 1
4826 1
4828 1
4831 1
4832 4
4833 1
4836 1
4837 1
4839 1
4840 1
4841 2
4842 1
4843 1
4846 2
4848 2
4850 2
4857 2
4858 1
4860 1
4863 1
4866 1
4869 1
4873 1
4876 1
4877 1
4878 1
4884 1
4886 1
4898 1
4899 2
4902 1
4906 1
4912 2
4914 1
4916 1
4919 1
4921 1
4922 1
4924 3
4926 1
4927 1
4930 2
4931 1
4933 2
4935 1
4936 1
4938 2
4941 1
4943 2
4944 1
4945 2
4946 2
4947 1
4950 1
4951 2
4955 3
4959 2
4960 1
4962 1
4963 1
4967 2
4968 1
4969 1
4975 1
4976 1
4980 2
4983 1
4985 1
4987 2
4988 1
4990 1
4992 1
4997 1
4998 1
4999 1
5000 1
5001 1
5002 1
5003 1
5004 1
5005 2
5006 2
5008 1
5009 2
5010 1
5012 1
5013 2
5014 2
5015 1
5016 2
5017 3
5018 3
5019 3
5020 4
5022 2
5023 2
5024 4
5025 3
5026 3
5027 1
5028 1
5029 4
5030 1
5031 2
5032 2
5033 2
5034 2
5035 2
5036 1
5038 1
5042 2
5046 2
5047 3
5048 1
5051 1
5052 2
5055 1
5056 1
5059 2
5061 1
5066 2
5068 1
5070 1
5071 1
5072 1
5074 1
5077 1
5078 3
5085 1
5086 1
5089 1
5091 1
5096 1
5097 1
5101 1
5104 1
5110 1
5112 2
5117 1
5120 1
5123 2
5126 1
5128 1
5129 2
5131 1
5132 1
5133 1
5136 1
5137 1
5138 1
5139 2
5144 1
5151 1
5153 1
5154 1
5157 1
5158 2
5159 1
5166 1
5168 1
5175 1
5176 1
5183 1
5185 1
5186 1
5187 1
5188 1
5190 2
5194 1
5197 1
5203 1
5206 1
5209 1
5210 1
5211 1
5212 2
5213 1
5214 1
5215 1
5217 1
5220 1
5223 1
5228 1
5230 1
5236 1
5240 1
5247 3
5249 1
5251 1
5252 1
5255 1
5258 1
5259 1
5261 1
5262 2
5264 1
5266 1
5268 2
5269 1
5274 1
5275 1
5280 1
5283 1
5284 1
5289 1
5291 1
5292 1
5293 2
5294 1
5303 2
5304 2
5305 1
5306 1
5308 1
5310 1
5314 1
5316 1
5320 2
5323 3
5324 1
5329 1
5331 1
5334 1
5337 1
5340 1
5343 1
5361 1
5366 3
5368 2
5373 1
5374 1
5375 1
5377 1
5382 2
5386 1
5392 1
5395 2
5396 1
5398 1
5406 1
5408 1
5409 1
5414 1
5415 2
5418 2
5424 1
5430 1
5437 1
5439 2
5447 1
5454 2
5457 2
5460 1
5467 2
5468 2
5471 1
5473 1
5475 1
5476 1
5477 1
5478 1
5483 2
5486 1
5494 1
5496 1
5497 1
5501 2
5502 1
5505 1
5508 1
5515 2
5521 2
5534 1
5536 1
5539 1
5541 1
5546 1
5547 1
5553 1
5554 2
5560 2
5562 1
5566 1
5569 2
5570 1
5571 1
5573 1
5581 1
5582 1
5588 1
5591 2
5593 1
5597 1
5601 2
5606 1
5610 1
5613 2
5615 1
5617 3
5618 2
5620 1
5623 1
5625 1
5626 2
5631 2
5633 1
5634 1
5635 1
5637 3
5640 1
5641 1
5643 1
5648 1
5650 1
5651 1
5654 1
5657 1
5664 1
5668 1
5671 2
5676 1
5678 1
5687 1
5688 1
5694 1
5695 1
5696 1
5697 1
5699 1
5701 1
5702 1
5704 1
5706 1
5709 2
5713 2
5714 2
5715 2
5716 2
5718 1
5721 2
5722 1
5723 1
5724 1
5725 1
5726 1
5727 1
5730 1
5736 1
5737 1
5739 1
5742 2
5747 1
5751 1
5752 1
5753 1
5754 1
5755 1
5757 1
5758 2
5764 1
5766 1
5767 1
5770 1
5771 1
5776 1
5777 1
5783 2
5789 1
5792 1
5793 1
5797 1
5799 1
5804 1
5807 1
5810 1
5818 2
5821 1
5823 2
5824 1
5829 1
5831 1
5841 1
5842 1
5844 1
5849 2
5850 1
5851 1
5852 1
5855 2
5857 2
5858 1
5861 1
5865 3
5867 1
5868 1
5869 2
5872 1
5883 1
5891 1
5893 1
5903 1
5905 1
5907 1
5911 1
5915 1
5921 1
5922 1
5926 1
5927 2
5928 1
5932 1
5935 1
5936 2
5938 1
5940 1
5943 1
5950 1
5952 2
5955 1
5961 1
5966 1
5967 1
5968 1
5970 1
5973 1
5974 1
5976 1
5977 1
5978 1
5982 2
5983 1
5986 1
5990 2
5991 1
5992 1
5996 2
5998 1
6000 1
6002 1
6004 1
6005 1
6008 2
6011 1
6014 2
6018 1
6021 1
6022 1
6024 1
6025 1
6032 1
6035 1
6036 1
6044 1
6046 2
6051 1
6052 3
6053 1
6055 1
6056 2
6058 1
6066 2
6072 1
6074 1
6087 1
6094 2
6097 1
6100 1
6103 1
6110 1
6111 1
6122 1
6126 1
6127 2
6136 1
6140 1
6141 1
6145 1
6150 2
6151 1
6154 2
6156 1
6158 1
6160 1
6161 1
6165 1
6177 1
6179 2
6181 1
6182 1
6191 2
6197 1
6198 1
6203 1
6204 3
6209 1
6215 1
6222 1
6223 1
6226 1
6230 1
6238 1
6242 1
6246 1
6250 1
6252 2
6253 1
6254 1
6255 1
6256 1
6257 2
6259 1
6262 1
6267 2
6271 1
6277 1
6279 1
6294 1
6299 1
6302 2
6311 2
6315 1
6317 2
6320 1
6321 1
6323 1
6328 1
6329 1
6332 1
6339 1
6352 1
6354 1
6356 2
6361 1
6362 1
6371 1
6387 1
6389 1
6390 1
6393 1
6396 1
6400 1
6413 1
6420 2
6423 1
6428 1
6430 2
6433 1
6438 1
6445 1
6446 1
6450 1
6455 1
6456 1
6463 1
6466 1
6470 2
6472 1
6474 1
6476 1
6477 2
6482 1
6483 1
6489 1
6491 2
6492 2
6496 2
6505 1
6520 1
6525 1
6533 2
6534 1
6536 1
6538 1
6539 1
6544 1
6545 1
6546 1
6552 1
6553 1
6557 1
6562 1
6564 1
6565 1
6580 2
6582 1
6583 1
6584 1
6585 2
6586 1
6588 2
6594 2
6602 2
6603 1
6604 1
6605 2
6607 1
6610 1
6620 3
6631 1
6635 1
6636 1
6640 1
6642 2
6646 2
6649 1
6650 1
6653 1
6656 1
6661 1
6665 1
6670 1
6675 2
6677 1
6678 1
6685 1
6687 1
6689 1
6690 1
6691 1
6693 1
6695 1
6697 1
6698 1
6701 1
6704 1
6708 1
6709 1
6714 1
6720 1
6721 1
6739 2
6743 1
6749 1
6754 1
6759 1
6761 1
6766 1
6770 2
6771 1
6775 1
6781 1
6788 1
6789 1
6791 1
6797 1
6803 1
6812 1
6815 1
6822 1
6824 1
6825 1
6826 1
6833 1
6843 1
6845 1
6847 1
6853 2
6859 1
6862 1
6864 1
6868 1
6869 1
6875 2
6876 1
6881 2
6882 1
6883 1
6887 1
6888 2
6892 2
6893 2
6894 2
6896 1
6897 1
6899 1
6901 2
6902 1
6905 2
6909 1
6910 2
6911 2
6913 1
6914 1
6918 1
6919 1
6920 2
6922 1
6926 1
6931 1
6933 2
6936 1
6938 1
6940 1
6941 3
6943 1
6944 1
6950 1
6957 1
6958 3
6959 1
6960 1
6974 2
6979 2
6982 1
6984 2
6986 1
6989 1
6991 3
7000 1
7007 1
7008 1
7009 1
7010 1
7011 1
7022 1
7025 2
7034 1
7035 1
7037 2
7040 1
7041 2
7042 1
7044 2
7051 2
7058 1
7063 1
7065 1
7069 1
7078 1
7079 1
7081 2
7082 1
7085 1
7090 1
7091 1
7102 1
7105 1
7109 1
7117 1
7118 1
7120 1
7121 1
7122 1
7123 1
7125 1
7127 1
7135 1
7136 1
7137 1
7138 1
7145 1
7147 2
7148 1
7152 1
7153 2
7159 1
7167 1
7168 3
7174 1
7180 2
7183 2
7187 1
7197 1
7202 1
7203 1
7204 1
7207 1
7208 2
7209 2
7211 1
7214 1
7224 1
7226 1
7227 1
7228 1
7230 1
7242 1
7253 1
7255 1
7257 1
7262 1
7274 1
7275 1
7276 1
7280 1
7281 1
7290 1
7294 1
7296 1
7300 1
7304 1
7305 2
7307 1
7318 2
7319 1
7320 1
7323 1
7328 1
7336 1
7348 2
7350 1
7362 1
7363 1
7364 1
7366 1
7368 1
7369 1
7372 2
7383 2
7393 2
7394 1
7409 1
7414 1
7435 1
7437 1
7447 1
7457 2
7459 1
7462 1
7473 1
7479 2
7484 1
7492 1
7497 1
7501 2
7503 1
7508 1
7511 2
7513 2
7514 1
7517 1
7521 1
7526 2
7529 1
7532 1
7533 1
7535 1
7536 1
7537 1
7542 1
7545 1
7547 1
7549 1
7555 1
7564 1
7571 2
7572 1
7584 1
7585 1
7589 1
7590 1
7592 1
7600 1
7604 1
7605 1
7607 1
7612 1
7616 1
7617 1
7618 3
7619 1
7620 1
7625 1
7626 1
7631 2
7635 1
7643 1
7651 1
7654 2
7660 1
7661 1
7662 1
7665 1
7667 1
7669 1
7672 1
7673 1
7676 1
7684 1
7685 1
7688 1
7693 1
7702 2
7709 1
7716 1
7719 1
7723 1
7724 1
7729 1
7732 1
7736 1
7738 1
7739 1
7743 1
7744 1
7745 1
7749 1
7754 1
7758 1
7760 1
7774 1
7780 1
7781 1
7785 1
7786 1
7790 1
7797 1
7808 1
7809 1
7810 1
7824 1
7825 1
7827 1
7835 1
7837 1
7841 1
7843 1
7846 1
7852 1
7853 1
7854 1
7858 1
7859 2
7863 1
7866 2
7871 2
7873 1
7874 1
7875 1
7881 1
7882 1
7883 1
7893 1
7894 1
7895 1
7896 1
7898 1
7899 3
7900 1
7905 1
7906 1
7910 1
7914 1
7916 1
7917 2
7920 2
7922 1
7923 1
7924 1
7925 1
7930 1
7931 2
7935 1
7939 1
7940 1
7954 1
7955 1
7957 1
7960 1
7963 2
7964 1
7965 2
7967 1
7968 1
7971 1
7975 1
7984 1
7985 2
7986 1
7988 1
7991 1
7992 1
7994 1
7995 1
7997 1
7999 2
8002 1
8005 2
8008 1
8011 2
8012 1
8013 1
8018 1
8019 2
8020 1
8021 2
8022 1
8023 1
8024 1
8032 1
8033 1
8037 2
8038 1
8039 1
8041 1
8042 1
8043 1
8044 1
8048 2
8049 1
8051 1
8052 2
8053 1
8054 1
8055 1
8060 1
8062 1
8063 2
8069 1
8071 1
8073 1
8076 1
8080 1
8081 1
8085 1
8086 2
8087 1
8089 1
8091 1
8092 1
8095 1
8096 1
8097 1
8101 2
8107 1
8108 1
8109 1
8111 1
8112 1
8114 1
8117 2
8118 1
8122 1
8124 1
8127 1
8131 3
8137 1
8138 1
8139 1
8141 1
8144 2
8145 1
8152 2
8161 1
8162 3
8163 2
8164 1
8166 2
8167 2
8173 1
8178 1
8179 1
8181 1
8191 1
8195 3
8198 1
8202 1
8203 1
8206 2
8208 2
8210 2
8211 1
8213 2
8218 1
8222 1
8224 1
8230 1
8236 1
8239 2
8241 2
8243 1
8247 1
8248 1
8249 2
8251 2
8256 2
8258 2
8265 1
8270 1
8271 1
8273 1
8275 1
8276 1
8278 1
8284 1
8289 1
8291 1
8294 1
8297 1
8305 1
8308 1
8310 2
8311 1
8312 2
8326 2
8327 1
8328 1
8330 1
8332 2
8334 1
8335 1
8337 1
8339 1
8340 2
8351 2
8352 1
8353 1
8354 1
8356 1
8365 1
8366 1
8367 1
8368 2
8372 1
8374 1
8375 1
8376 1
8384 1
8385 1
8389 1
8390 3
8396 1
8398 1
8401 1
8403 4
8404 1
8409 1
8410 1
8416 1
8418 1
8419 1
8420 1
8421 1
8423 1
8425 2
8426 1
8427 1
8432 1
8435 1
8436 1
8438 1
8439 1
8442 1
8444 2
8445 1
8446 2
8450 1
8451 1
8452 2
8453 1
8457 1
8458 2
8460 1
8461 3
8465 1
8470 2
8473 1
8474 1
8476 1
8478 1
8483 3
8486 1
8487 2
8494 1
8495 2
8499 1
8500 1
8502 1
8503 1
8504 2
8505 1
8506 1
8511 1
8518 1
8519 2
8522 1
8524 2
8528 3
8531 1
8532 1
8534 1
8535 1
8536 1
8540 1
8542 2
8543 1
8544 1
8549 1
8553 1
8555 1
8556 1
8558 1
8561 1
8571 1
8573 1
8575 1
8582 1
8583 1
8584 2
8588 2
8591 2
8598 1
8599 2
8602 1
8605 2
8607 1
8609 1
8613 1
8614 2
8616 2
8617 2
8618 1
8619 1
8622 2
8624 1
8626 1
8628 1
8631 1
8635 2
8636 2
8638 2
8642 1
8643 1
8647 1
8648 1
8656 1
8657 1
8658 1
8661 1
8662 1
8674 1
8677 1
8678 2
8679 1
8688 2
8697 1
8699 1
8702 1
8703 2
8705 1
8718 1
8719 1
8721 1
8727 1
8728 2
8730 1
8733 1
8734 1
8735 1
8744 1
8745 1
8747 1
8752 1
8754 2
8755 1
8758 1
8759 2
8763 2
8764 1
8767 2
8769 4
8771 1
8776 3
8777 2
8780 2
8782 1
8784 2
8785 1
8786 2
8787 1
8788 1
8790 1
8793 2
8794 1
8795 2
8798 2
8802 1
8803 1
8805 3
8809 1
8812 2
8813 1
8814 1
8815 1
8820 1
8822 2
8823 2
8824 1
8825 1
8826 1
8828 1
8832 1
8837 2
8839 1
8846 1
8847 1
8849 3
8850 1
8852 2
8855 2
8856 1
8860 1
8862 1
8865 1
8866 2
8868 1
8869 1
8870 1
8873 1
8877 1
8878 1
8879 1
8881 2
8882 1
8883 3
8884 1
8886 2
8887 3
8890 1
8891 2
8894 1
8895 1
8896 2
8897 1
8902 2
8903 1
8904 1
8905 3
8908 1
8910 1
8911 1
8914 1
8918 3
8921 1
8923 1
8924 1
8925 2
8932 1
8934 2
8936 1
8937 1
8939 1
8940 2
8945 2
8946 1
8947 1
8948 1
8952 1
8955 1
8958 1
8960 2
8961 1
8963 2
8965 1
8967 1
8968 1
8969 1
8970 1
8971 3
8972 1
8974 1
8975 3
8976 2
8977 1
8980 2
8983 1
8984 1
8986 1
8987 1
8990 1
8994 2
8995 2
8998 1
8999 1
9000 1
9001 1
9003 1
9005 2
9006 1
9009 1
9010 1
9011 1
9012 4
9014 2
9019 2
9022 1
9028 1
9034 2
9038 1
9039 2
9045 1
9051 1
9052 2
9054 1
9056 1
9058 1
9059 1
9061 3
9063 1
9064 1
9065 1
9068 1
9070 1
9075 1
9076 3
9078 1
9079 1
9080 3
9082 1
9084 1
9085 2
9086 1
9087 1
9092 1
9093 2
9097 2
9100 1
9101 2
9103 1
9104 1
9106 2
9109 1
9110 1
9112 1
9113 2
9114 1
9117 2
9119 1
9120 1
9122 1
9124 1
9129 1
9131 1
9132 1
9133 1
9135 1
9136 1
9138 1
9139 1
9141 1
9144 1
9145 3
9146 2
9147 1
9149 2
9150 1
9163 1
9166 2
9173 1
9175 1
9177 1
9178 1
9179 1
9182 1
9183 1
9189 1
9193 1
9194 1
9197 1
9198 1
9202 1
9203 1
9204 1
9206 1
9207 1
9216 1
9217 1
9221 2
9222 1
9224 1
9230 2
9231 1
9233 1
9235 1
9236 1
9238 1
9239 1
9243 1
9244 1
9246 1
9247 1
9251 2
9258 1
9260 2
9262 1
9263 1
9265 2
9266 1
9268 2
9269 1
9271 2
9272 1
9273 1
9275 1
9276 1
9277 1
9278 1
9279 1
9281 1
9282 1
9287 1
9293 3
9295 1
9296 2
9299 1
9301 1
9305 1
9307 1
9314 2
9315 2
9316 2
9319 1
9320 1
9326 1
9328 1
9330 1
9331 1
9333 1
9335 1
9337 2
9339 2
9341 1
9344 1
9345 1
9346 1
9349 1
9350 2
9356 1
9357 1
9364 1
9366 1
9367 2
9373 1
9374 1
9375 1
9377 1
9380 1
9383 1
9387 1
9389 1
9390 1
9392 1
9399 1
9402 1
9403 1
9405 1
9411 2
9412 2
9414 2
9421 1
9425 1
9427 1
9430 2
9431 1
9432 1
9433 1
9434 1
9436 1
9437 1
9438 1
9442 2
9446 2
9448 1
9449 3
9452 1
9453 1
9455 3
9463 1
9465 4
9467 1
9468 2
9475 1
9477 1
9482 1
9483 1
9485 2
9486 1
9488 1
9494 1
9495 1
9497 2
9498 2
9499 1
9502 1
9504 2
9508 1
9509 1
9510 2
9512 1
9513 2
9516 1
9517 2
9518 1
9522 1
9523 2
9524 1
9527 1
9528 2
9530 1
9531 1
9532 1
9533 1
9536 1
9538 1
9539 1
9543 1
9544 1
9548 2
9551 1
9553 1
9557 2
9560 3
9562 1
9565 1
9566 1
9567 1
9570 1
9573 1
9574 1
9575 1
9577 1
9578 2
9579 4
9580 2
9588 1
9593 1
9597 1
9599 1
9603 1
9607 1
9610 2
9615 1
9620 1
9626 2
9628 1
9630 1
9631 1
9633 1
9637 1
9638 1
9640 1
9641 2
9643 1
9644 1
9645 1
9646 1
9649 1
9652 1
9655 1
9656 2
9660 1
9661 1
9663 1
9667 1
9672 2
9673 1
9676 1
9678 2
9680 1
9682 1
9684 1
9686 1
9687 1
9688 1
9690 1
9692 1
9693 1
9694 1
9695 1
9697 2
9703 1
9707 1
9710 1
9713 1
9715 2
9716 1
9719 1
9720 4
9721 1
9723 1
9724 2
9725 4
9731 2
9734 1
9736 1
9737 2
9741 1
9742 2
9743 1
9744 1
9747 1
9748 1
9751 2
9752 2
9754 1
9755 1
9757 2
9763 1
9765 1
9766 1
9767 1
9770 1
9774 1
9777 2
9782 1
9783 1
9787 2
9788 1
9789 1
9792 1
9795 1
9797 1
9798 1
9801 1
9803 1
9805 1
9806 1
9812 1
9813 1
9814 1
9815 1
9819 1
9821 2
9822 1
9825 1
9826 1
9827 1
9828 1
9829 1
9832 2
9837 1
9839 1
9840 3
9841 1
9842 1
9843 3
9844 1
9845 1
9850 1
9852 1
9853 1
9855 1
9856 1
9860 1
9863 1
9864 1
9865 1
9868 2
9869 2
9875 1
9876 2
9877 1
9878 1
9879 2
9881 1
9885 2
9886 1
9887 1
9891 1
9892 1
9894 1
9895 3
9896 1
9897 1
9898 2
9899 1
9901 2
9902 1
9903 1
9904 1
9905 1
9906 1
9907 3
9914 1
9917 1
9919 1
9921 3
9923 4
9924 1
9926 1
9927 2
9928 1
9932 1
9933 1
9935 2
9938 1
9939 2
9940 2
9942 2
9943 1
9946 1
9947 1
9948 4
9949 1
9950 2
9951 1
9953 1
9956 2
9957 1
9958 2
9963 1
9964 1
9965 1
9967 1
9968 1
9973 3
9975 1
9976 1
9978 5
9980 1
9981 1
9983 1
9985 1
9986 2
9989 1
9990 1
9991 1
9992 1
9997 2
9998 1
9999 1
10002 1
10003 2
10004 1
10005 1
10006 3
10007 2
10008 2
10010 1
10013 2
10016 1
10017 1
10018 2
10019 2
10020 2
10022 3
10026 2
10027 2
10028 1
10029 1
10031 1
10032 1
10036 2
10038 1
10042 2
10043 2
10044 1
10045 2
10046 2
10047 2
10048 1
10049 2
10050 2
10053 1
10056 1
10058 1
10059 1
10060 1
10061 2
10062 1
10063 1
10065 1
10067 1
10068 1
10069 1
10070 1
10071 2
10072 3
10073 4
10075 1
10078 1
10079 1
10083 6
10084 1
10085 2
10086 1
10087 2
10089 1
10090 1
10091 2
10092 1
10093 2
10094 2
10096 3
10097 1
10101 2
10105 2
10106 1
10107 1
10109 1
10113 2
10114 1
10115 1
10116 1
10119 1
10121 2
10122 2
10124 2
10125 2
10126 2
10127 3
10128 3
10132 1
10133 2
10135 1
10137 3
10138 2
10139 4
10142 1
10144 1
10145 1
10149 1
10150 3
10152 2
10155 1
10157 1
10161 1
10162 1
10165 1
10166 1
10167 1
10168 2
10169 2
10170 1
10171 3
10172 1
10174 1
10176 2
10179 1
10180 1
10181 1
10182 1
10183 1
10185 1
10187 2
10189 1
10190 4
10193 1
10198 2
10199 1
10201 4
10203 1
10205 1
10206 1
10207 2
10211 1
10212 1
10214 1
10215 2
10218 3
10219 2
10220 2
10222 1
10223 1
10225 2
10227 1
10230 1
10233 1
10237 1
10241 2
10243 1
10244 2
10245 1
10250 3
10252 1
10256 2
10257 2
10258 1
10259 2
10261 1
10262 1
10263 1
10264 1
10266 1
10267 2
10268 1
10269 1
10270 3
10273 1
10275 1
10276 2
10277 1
10278 3
10279 1
10280 3
10283 1
10284 2
10285 2
10286 1
10288 1
10290 1
10291 4
10292 1
10293 1
10294 1
10295 3
10297 2
10298 3
10299 2
10301 1
10302 1
10304 1
10306 1
10307 1
10308 1
10309 1
10311 1
10315 1
10316 1
10318 2
10319 1
10320 1
10321 3
10323 1
10325 1
10327 1
10328 1
10330 1
10331 2
10333 1
10334 2
10335 1
10338 3
10342 2
10343 2
10345 1
10347 1
10348 1
10349 1
10351 1
10352 2
10360 3
10361 1
10365 2
10366 1
10368 3
10370 1
10373 1
10374 1
10375 2
10378 1
10379 3
10380 1
10383 1
10385 1
10391 1
10392 1
10399 1
10401 1
10402 1
10404 1
10408 3
10411 1
10412 1
10413 1
10414 2
10415 1
10421 1
10423 1
10426 1
10430 1
10435 2
10436 3
10437 1
10440 1
10441 1
10443 1
10444 1
10445 1
10446 1
10448 1
10449 1
10455 2
10457 1
10462 1
10466 2
10468 1
10469 1
10475 1
10478 2
10479 1
10480 1
10482 1
10486 1
10487 1
10491 1
10493 1
10495 1
10498 1
10499 1
10501 1
10503 1
10504 2
10505 1
10507 1
10508 2
10511 1
10512 2
10515 2
10516 1
10519 1
10522 1
10525 1
10528 1
10531 1
10532 1
10538 2
10540 1
10542 1
10544 2
10548 1
10549 1
10550 2
10552 1
10554 1
10555 1
10557 1
10558 2
10559 2
10560 1
10561 1
10562 1
10567 1
10568 2
10569 2
10571 3
10572 1
10573 2
10574 4
10575 2
10576 1
10579 2
10580 3
10581 1
10584 2
10586 2
10591 1
10595 1
10596 1
10597 1
10599 3
10600 1
10601 1
10603 1
10604 1
10605 1
10606 1
10607 1
10609 1
10610 1
10611 3
10612 2
10613 1
10615 2
10617 2
10618 1
10622 2
10623 1
10625 1
10626 1
10627 1
10631 1
10632 1
10633 1
10634 2
10635 1
10637 2
10640 1
10641 1
10642 1
10643 2
10644 1
10645 2
10646 4
10647 1
10648 2
10650 4
10652 1
10653 1
10654 2
10655 2
10657 2
10659 1
10661 2
10662 1
10663 1
10664 2
10666 1
10670 3
10671 3
10672 1
10674 2
10676 1
10677 1
10678 1
10680 2
10687 3
10688 1
10692 1
10693 4
10694 1
10697 1
10699 1
10700 1
10701 1
10703 1
10706 1
10709 2
10711 1
10713 1
10715 4
10716 1
10718 2
10719 1
10720 2
10721 1
10722 1
10723 1
10725 1
10727 1
10728 2
10731 2
10732 3
10733 1
10737 1
10744 2
10745 1
10746 2
10749 2
10751 1
10753 2
10754 2
10757 1
10758 1
10759 1
10760 1
10765 1
10767 2
10769 1
10771 1
10773 2
10776 1
10779 1
10780 1
10781 2
10784 1
10787 1
10789 2
10792 2
10794 1
10795 1
10796 2
10799 2
10800 1
10806 2
10808 2
10811 2
10813 2
10815 1
10817 1
10818 1
10820 1
10823 3
10825 1
10826 1
10832 1
10833 1
10835 1
10837 1
10838 1
10840 2
10841 1
10843 1
10844 1
10845 2
10847 1
10848 1
10849 1
10850 1
10855 1
10857 1
10859 2
10861 3
10868 1
10869 1
10870 1
10873 1
10875 1
10876 1
10877 1
10878 1
10880 1
10885 2
10891 1
10893 1
10894 1
10896 1
10898 1
10900 2
10903 2
10904 1
10907 1
10908 1
10909 1
10912 1
10914 1
10917 1
10918 1
10921 1
10922 1
10924 1
10925 1
10928 1
10929 1
10931 1
10932 1
10936 1
10945 1
10947 1
10949 1
10951 1
10953 2
10954 1
10958 1
10959 2
10960 1
10962 1
10963 1
10966 1
10967 1
10970 1
10971 1
10973 1
10981 2
10985 1
10986 1
10987 1
10990 1
10991 1
10992 2
10993 3
10994 2
10998 1
10999 1
11004 4
11005 1
11008 1
11009 1
11012 1
11014 1
11016 1
11018 2
11020 1
11025 3
11026 2
11028 2
11029 1
11032 2
11034 1
11036 2
11043 1
11045 4
11047 1
11056 1
11057 1
11058 1
11065 2
11068 1
11071 1
11075 1
11076 1
11077 1
11079 1
11083 1
11085 1
11088 1
11091 1
11092 1
11093 1
11096 2
11097 1
11104 1
11110 1
11112 2
11116 1
11117 2
11118 1
11122 1
11124 1
11125 1
11126 1
11129 2
11130 1
11131 1
11133 1
11136 1
11140 1
11141 1
11142 1
11143 1
11144 2
11149 1
11151 1
11152 1
11153 3
11156 1
11158 1
11159 1
11160 4
11161 3
11162 2
11167 2
11171 2
11172 2
11173 3
11176 1
11181 1
11184 3
11186 1
11187 1
11188 1
11190 3
11194 1
11196 1
11200 3
11201 1
11202 1
11204 1
11207 1
11209 1
11215 1
11221 2
11222 2
11227 1
11228 2
11229 1
11230 2
11231 2
11236 1
11237 1
11238 1
11241 1
11243 2
11246 1
11247 2
11248 1
11249 1
11251 1
11258 1
11259 1
11268 1
11269 1
11270 1
11272 2
11273 1
11274 2
11275 1
11276 2
11279 1
11282 2
11284 1
11285 2
11287 2
11290 2
11291 1
11292 1
11294 1
11298 2
11299 1
11304 1
11306 1
11307 1
11313 1
11319 1
11320 1
11323 1
11324 1
11329 1
11331 1
11333 2
11335 1
11338 2
11339 1
11342 1
11344 1
11346 2
11347 1
11349 2
11350 1
11351 1
11352 1
11353 2
11360 1
11362 1
11365 1
11369 1
11371 2
11373 2
11374 1
11379 1
11380 1
11381 2
11386 1
11387 2
11388 1
11392 1
11398 1
11399 1
11405 1
11408 1
11409 1
11411 1
11416 1
11417 1
11418 2
11420 1
11421 2
11424 1
11427 1
11428 1
11429 1
11432 1
11433 3
11434 1
11437 1
11438 1
11441 2
11445 2
11446 1
11448 1
11450 1
11451 2
11453 1
11457 1
11460 1
11462 1
11464 1
11466 1
11467 1
11474 1
11475 1
11476 1
11480 1
11481 1
11484 1
11485 2
11492 4
11494 1
11497 2
11498 1
11502 1
11503 1
11504 1
11506 1
11509 1
11510 1
11513 1
11514 1
11516 1
11518 2
11521 1
11522 2
11523 1
11524 1
11525 1
11529 1
11532 1
11535 1
11536 1
11540 1
11544 1
11549 1
11550 1
11551 1
11552 1
11553 1
11556 1
11557 1
11560 1
11562 1
11563 1
11569 1
11574 1
11577 1
11579 1
11583 1
11586 1
11592 1
11596 1
11604 3
11609 1
11610 1
11614 1
11617 1
11618 2
11620 1
11621 1
11624 1
11625 1
11627 1
11628 1
11629 2
11631 1
11637 1
11639 1
11641 3
11644 1
11645 3
11648 2
11649 1
11655 3
11659 2
11662 3
11663 1
11667 1
11668 1
11670 1
11676 1
11679 1
11681 1
11683 1
11686 1
11687 1
11689 1
11692 1
11694 1
11695 1
11696 1
11697 1
11700 1
11701 1
11702 1
11704 1
11705 1
11708 2
11714 1
11716 1
11723 1
11725 1
11727 2
11733 2
11734 1
11739 1
11743 1
11745 1
11750 1
11752 1
11753 1
11756 2
11760 1
11761 1
11764 1
11765 1
11766 1
11767 1
11768 1
11772 2
11775 2
11779 1
11781 1
11787 3
11788 3
11789 1
11792 1
11794 1
11796 1
11797 1
11801 1
11803 1
11805 2
11811 1
11813 1
11815 2
11816 2
11817 2
11821 1
11822 1
11824 1
11826 2
11828 1
11831 1
11833 2
11834 1
11837 1
11842 1
11843 1
11849 2
11855 2
11857 1
11858 1
11859 1
11866 2
11870 1
11871 1
11873 1
11874 1
11875 1
11876 1
11877 1
11878 1
11879 1
11881 1
11886 1
11900 1
11901 1
11904 1
11906 1
11908 2
11910 1
11912 1
11914 1
11917 1
11919 1
11921 1
11932 1
11946 1
11948 2
11949 1
11950 1
11958 1
11959 1
11960 1
11963 1
11968 2
11971 1
11972 1
11987 2
11993 1
11998 2
12000 1
12006 1
12008 1
12010 1
12011 1
12014 1
12017 1
12018 1
12024 1
12029 1
12040 1
12041 1
12042 2
12049 1
12052 2
12053 1
12055 1
12057 1
12058 1
12061 2
12062 1
12064 1
12065 1
12066 1
12071 1
12081 1
12084 2
12086 1
12089 1
12090 1
12092 1
12097 2
12102 1
12104 1
12106 1
12107 1
12114 1
12115 1
12118 2
12120 2
12122 1
12124 1
12132 2
12137 1
12138 1
12143 2
12144 2
12146 1
12151 2
12153 2
12156 1
12163 2
12167 1
12171 1
12182 2
12183 1
12194 1
12195 2
12196 1
12202 1
12203 2
12204 1
12207 1
12208 1
12214 1
12220 1
12223 1
12228 1
12230 1
12232 1
12237 1
12238 1
12247 1
12253 1
12254 1
12259 1
12267 1
12272 1
12273 1
12277 1
12283 1
12289 1
12291 2
12302 1
12303 1
12304 1
12309 1
12312 1
12313 1
12314 2
12316 1
12319 1
12321 1
12327 1
12330 1
12331 1
12332 1
12334 1
12335 1
12342 1
12345 1
12346 1
12356 1
12357 1
12369 1
12375 1
12377 1
12382 1
12383 1
12384 1
12386 1
12388 1
12389 1
12394 1
12397 1
12398 2
12400 1
12402 1
12411 2
12412 1
12413 1
12415 1
12417 2
12424 2
12425 1
12426 1
12433 1
12442 2
12444 1
12454 1
12456 1
12459 1
12461 1
12472 1
12476 1
12483 1
12489 1
12493 2
12494 2
12495 1
12497 1
12499 1
12500 1
12501 1
12504 1
12506 2
12518 1
12522 1
12526 1
12527 1
12531 1
12533 1
12538 1
12540 1
12542 1
12545 1
12547 1
12548 1
12557 1
12559 1
12568 1
12570 1
12576 1
12577 1
12580 2
12582 1
12585 1
12587 1
12596 2
12597 2
12599 1
12601 1
12603 2
12606 1
12612 1
12618 1
12622 1
12633 1
12639 1
12643 1
12645 1
12646 1
12647 1
12648 1
12650 1
12654 1
12660 3
12667 1
12670 1
12672 1
12675 1
12677 1
12679 1
12680 2
12684 2
12697 1
12700 1
12702 1
12706 1
12708 3
12712 1
12713 1
12714 1
12715 1
12721 2
12723 1
12724 1
12729 1
12731 1
12732 1
12734 4
12735 1
12737 1
12741 1
12742 1
12748 1
12749 1
12752 2
12754 1
12757 1
12758 1
12759 2
12762 1
12764 1
12769 1
12771 1
12772 1
12774 2
12776 1
12780 1
12783 1
12784 2
12786 1
12788 1
12790 1
12793 1
12796 1
12805 1
12816 1
12821 1
12826 2
12829 1
12832 1
12836 1
12844 1
12847 1
12866 1
12873 1
12877 1
12882 1
12895 1
12898 1
12900 1
12901 1
12902 1
12913 1
12916 1
12922 1
12930 2
12931 1
12933 1
12937 2
12952 1
12956 1
12960 1
12963 1
12966 1
12968 1
12973 1
12975 1
12976 1
12977 2
12979 1
12985 1
12988 1
12989 1
12990 2
12991 1
12996 1
12999 1
13002 1
13003 1
13005 1
13006 1
13007 1
13010 2
13014 2
13023 1
13025 1
13026 1
13028 1
13036 1
13045 1
13055 2
13061 1
13063 2
13064 1
13077 1
13078 1
13090 1
13109 1
13110 1
13113 1
13114 1
13115 1
13119 1
13127 1
13143 1
13147 1
13148 1
13151 1
13152 1
13155 1
13164 2
13165 1
13174 1
13185 1
13188 1
13192 2
13202 1
13222 2
13250 1
13255 1
13257 1
13261 1
13263 1
13285 1
13309 1
13310 1
13311 1
13313 1
13314 1
13318 1
13327 1
13329 1
13330 1
13332 2
13333 1
13337 2
13339 2
13345 1
13346 1
13349 1
13354 1
13358 1
13361 2
13363 1
13366 1
13373 1
13383 1
13395 1
13399 1
13403 1
13404 1
13409 1
13412 1
13422 1
13432 1
13437 1
13440 1
13459 1
13467 1
13500 1
13517 1
13521 1
13527 1
13534 1
13536 1
13541 1
13542 1
13550 1
13555 1
13557 1
13571 1
13575 1
13576 1
13579 1
13600 1
13603 1
13614 2
13616 1
13623 1
13630 1
13637 1
13643 1
13671 1
13674 1
13676 1
13682 1
13685 1
13687 1
13704 1
13707 1
13713 1
13719 1
13722 1
13723 1
13724 1
13729 1
13730 1
13735 1
13758 1
13782 1
13796 1
13804 1
13817 2
13818 1
13828 1
13841 1
13862 1
13867 1
13883 1
13890 1
13896 1
13924 1
13946 1
13954 1
13971 1
14007 1
14010 1
14019 1
14020 1
14021 1
14023 1
14032 1
14063 1
14073 1
14079 1
14085 1
14088 1
14090 1
14096 1
14105 1
14110 1
14112 1
14128 1
14131 1
14132 1
14136 1
14140 1
14143 1
14154 1
14155 1
14164 1
14165 1
14167 2
14173 1
14183 2
14195 1
14222 1
14230 1
14235 1
14260 1
14265 1
14273 1
14280 1
14298 1
14300 1
14302 1
14308 1
14324 1
14328 1
14342 1
14345 2
14357 1
14360 1
14362 1
14373 1
14381 1
14424 1
14430 1
14437 1
14461 1
14466 1
14467 1
14471 1
14492 2
14504 1
14508 1
14543 1
14546 1
14558 1
14567 1
14575 1
14579 1
14581 1
14586 1
14589 2
14590 1
14602 1
14607 1
14610 1
14616 1
14620 1
14625 1
14631 1
14643 1
14648 1
14654 1
14659 1
14662 1
14670 1
14673 1
14677 1
14686 1
14688 1
14704 1
14736 1
14739 1
14742 1
14746 1
14758 1
14769 1
14780 1
14786 1
14788 1
14793 1
14795 1
14802 1
14806 1
14813 1
14815 1
14819 1
14828 1
14886 1
14894 2
14949 1
14952 1
14957 1
14958 2
14973 1
14985 1
14987 2
15001 1
15021 1
15033 1
15046 1
15061 1
15090 1
15096 1
15129 1
15136 1
15137 1
15147 2
15150 1
15158 1
15164 1
15165 1
15180 1
15211 1
15222 1
15231 1
15237 1
15243 1
15246 1
15253 1
15278 1
15306 1
15308 1
15312 1
15318 1
15337 1
15370 2
15377 1
15393 1
15416 1
15427 1
15428 1
15430 1
15435 1
15439 2
15466 1
15477 1
15497 1
15499 1
15508 1
15510 1
15555 1
15565 1
15567 1
15583 1
15590 1
15591 1
15593 1
15596 1
15597 1
15599 1
15600 1
15602 2
15607 1
15616 1
15623 1
15627 1
15629 1
15635 1
15637 1
15638 1
15645 1
15655 1
15659 1
15679 1
15702 1
15726 1
15764 1
15789 2
15792 1
15802 1
15838 1
15849 1
15861 1
15874 1
15894 1
15904 2
15910 1
15919 1
15958 1
15964 1
15972 1
15973 1
16011 1
16023 1
16029 1
16120 1
16127 1
16138 1
16153 1
16172 1
16179 1
16201 1
16204 1
16207 1
16209 1
16215 2
16216 1
16231 1
16252 1
16269 1
16278 1
16283 1
16296 1
16297 1
16299 1
16308 1
16311 1
16327 1
16335 1
16354 1
16381 1
16382 1
16417 1
16449 1
16456 1
16468 1
16503 1
16506 1
16532 1
16534 2
16543 1
16576 1
16584 1
16588 1
16593 1
16616 1
16626 1
16654 1
16706 1
16709 1
16715 1
16718 1
16721 1
16730 1
16748 1
16758 1
16770 1
16774 1
16789 1
16797 1
16809 1
16822 1
16825 1
16838 1
16844 1
16863 1
16884 1
16887 1
16892 1
16922 1
16941 1
16953 1
16960 1
16972 1
16983 1
17005 1
17007 1
17020 1
17024 1
17032 1
17045 2
17052 1
17074 1
17090 1
17097 1
17103 1
17112 1
17123 1
17135 1
17178 1
17182 1
17217 1
17220 1
17226 2
17228 1
17242 1
17260 1
17263 1
17279 1
17289 1
17291 1
17296 1
17313 1
17333 1
17342 1
17360 1
17369 1
17374 2
17378 1
17397 1
17398 1
17409 1
17410 1
17441 1
17465 1
17473 2
17503 1
17505 1
17510 1
17518 1
17528 1
17538 1
17566 1
17567 1
17569 1
17588 1
17595 1
17597 1
17598 1
17624 1
17652 1
17675 1
17676 1
17693 1
17699 1
17712 1
17753 1
17779 1
17790 1
17824 1
17837 1
17844 1
17859 1
17873 1
17892 1
17912 1
17939 1
17964 1
17978 1
17982 1
17983 1
17985 1
18007 1
18021 1
18034 1
18071 1
18150 1
18161 1
18211 1
18225 1
18291 1
18303 1
18352 1
18359 1
18365 1
18372 1
18397 1
18409 1
18417 1
18423 1
18429 1
18447 1
18457 1
18467 1
18484 1
18493 1
18517 1
18523 1
18530 1
18537 1
18538 1
18547 1
18557 1
18575 1
18586 1
18609 1
18615 2
18661 1
18668 1
18675 1
18696 1
18705 1
18706 1
18717 1
18722 1
18728 1
18734 1
18743 1
18760 1
18769 1
18787 1
18795 1
18892 1
18914 1
18999 1
19020 1
19027 1
19031 1
19045 1
19059 1
19068 1
19070 1
19100 1
19101 1
19132 1
19141 1
19150 1
19183 1
19219 1
19243 1
19272 1
19287 1
19381 1
19396 1
19413 1
19417 1
19428 1
19441 1
19461 1
19478 1
19488 1
19495 1
19514 1
19517 1
19519 1
19595 1
19605 1
19611 1
19621 1
19631 1
19644 1
19714 1
19723 1
19728 1
19736 1
19742 1
19745 1
19793 1
19795 1
19802 1
19828 1
19844 1
19848 1
19851 1
19854 1
19869 1
19913 1
19914 1
19942 1
19946 1
19975 1
19979 1
19988 1
19990 1
19996 1
20000 2
20001 1
20005 1
20006 1
20007 2
20008 1
20010 1
20012 1
20016 1
20021 1
20022 2
20030 1
20032 1
20039 1
20041 2
20045 1
20046 1
20048 1
20059 1
20075 1
20078 1
20083 1
20090 1
20095 1
20098 2
20104 1
20106 1
20118 1
20127 1
20129 2
20133 1
20158 1
20159 1
20168 1
20177 1
20182 1
20199 1
20236 1
20253 1
20269 1
20305 1
20319 1
20333 1
20343 1
20402 1
20405 1
20406 2
20419 1
20459 1
20484 1
20503 1
20510 1
20522 1
20533 1
20565 1
20580 1
20584 1
20597 1
20600 1
20604 1
20612 1
20655 1
20674 1
20684 1
20714 1
20722 1
20724 1
20742 1
20751 1
20755 1
20816 1
20819 1
20829 1
20857 1
20901 2
20915 1
20978 1
21030 1
21033 1
21051 1
21064 1
21133 1
21138 1
21142 1
21175 1
21217 1
21230 1
21246 1
21318 1
21325 1
21330 1
21350 1
21400 1
21409 1
21414 1
21424 1
21440 1
21447 1
21483 1
21499 1
21525 1
21537 1
21613 1
21683 1
21698 2
21701 1
21720 1
21721 1
21741 1
21767 1
21774 1
21788 1
21790 1
21845 1
21859 2
21876 1
21883 1
21885 1
21908 1
21912 1
22012 1
22014 1
22034 1
22035 1
22097 1
22108 1
22112 1
22121 1
22122 1
22137 1
22156 1
22170 1
22171 1
22246 1
22293 1
22331 1
22333 1
22349 1
22350 1
22368 1
22457 1
22497 1
22506 1
22537 1
22553 1
22570 1
22597 1
22628 1
22647 1
22701 1
22713 1
22714 1
22765 1
22815 1
22823 1
22831 1
22873 1
22903 1
22927 1
22951 1
22980 1
23006 1
23013 1
23036 2
23086 1
23100 1
23110 1
23118 1
23165 1
23201 1
23265 1
23277 1
23303 1
23336 1
23354 1
23391 1
23409 1
23436 1
23445 1
23452 1
23463 1
23475 1
23490 1
23515 1
23568 1
23578 1
23606 1
23620 1
23630 1
23694 1
23745 1
23751 1
23773 1
23776 1
23808 1
23856 1
23868 1
23980 1
23995 1
24006 1
24062 1
24081 1
24086 1
24095 1
24106 1
24150 1
24170 1
24193 1
24213 1
24303 1
24314 1
24322 1
24336 1
24340 1
24391 1
24395 1
24408 1
24467 1
24493 1
24513 1
24533 1
24544 1
24550 1
24573 1
24633 1
24655 1
24679 1
24703 1
24709 1
24715 1
24736 1
24766 1
24782 1
24825 1
24852 1
24887 1
24892 1
24901 1
24912 1
24943 1
25003 1
25007 1
25011 1
25012 1
25013 1
25016 1
25052 1
25109 1
25120 2
25141 1
25253 1
25320 1
25344 1
25386 1
25407 1
25420 1
25434 1
25446 1
25495 1
25527 1
25589 1
25607 1
25624 1
25640 1
25693 1
25754 1
25828 1
25848 1
25875 1
25907 1
25916 1
25979 1
26038 1
26088 1
26097 1
26113 1
26149 1
26189 1
26223 1
26230 1
26233 1
26291 1
26307 1
26315 1
26366 1
26437 1
26441 1
26442 1
26504 1
26513 1
26514 1
26548 2
26580 1
26592 1
26672 1
26757 1
26837 1
26880 1
26904 1
27120 1
27125 1
27129 1
27140 1
27154 1
27194 1
27238 1
27242 1
27301 1
27327 1
27333 1
27346 1
27383 1
27463 1
27478 1
27524 1
27581 1
27594 1
27659 1
27682 1
27698 1
27706 1
27724 1
27736 1
27810 1
27849 1
27870 1
27881 1
27909 1
27918 1
27925 1
27949 1
28028 1
28032 1
28088 1
28227 1
28239 1
28325 1
28361 1
28379 1
28491 2
28496 1
28541 1
28570 1
28714 1
28751 1
28774 1
28800 1
28801 1
28906 1
28954 1
28998 1
29022 1
29025 1
29028 2
29041 1
29080 1
29101 1
29129 1
29167 1
29187 1
29231 1
29262 1
29265 1
29273 1
29297 1
29300 1
29321 1
29324 1
29350 1
29464 1
29566 1
29588 1
29670 1
29672 1
29691 1
29738 1
29768 1
29827 1
29892 1
29916 1
29955 1
29980 1
30000 1
30002 1
30004 1
30020 1
30025 1
30033 1
30034 1
30042 1
30102 1
30107 1
30146 1
30174 1
30187 1
30211 1
30238 1
30287 1
30296 1
30305 1
30362 1
30364 1
30384 1
30405 1
30408 1
30414 1
30467 1
30495 1
30563 1
30596 1
30618 1
30626 1
30645 1
30657 1
30803 1
30870 1
30882 1
30935 1
31000 1
31089 1
31170 1
31183 1
31215 1
31282 1
31328 1
31352 1
31357 1
31378 1
31384 1
31411 1
31417 1
31437 1
31447 1
31453 1
31485 1
31572 1
31619 1
31740 1
31848 1
31854 1
31899 1
31910 1
32083 1
32105 1
32177 1
32271 1
32350 1
32492 1
32511 1
32550 1
32557 1
32675 1
32684 1
32709 1
32774 1
32795 1
32891 1
32982 1
32987 1
33036 1
33051 1
33065 1
33106 1
33157 1
33258 1
33283 1
33369 1
33392 1
33428 1
33483 1
33552 1
33566 1
33570 1
33630 1
33668 1
33723 1
33802 1
33804 1
33807 1
33822 1
33824 1
33831 1
33901 1
33939 1
33973 1
33984 1
33985 1
34011 1
34049 1
34104 1
34385 1
34404 1
34419 1
34474 1
34519 1
34533 1
34675 1
34743 1
34749 1
34832 1
35054 1
35066 1
35068 1
35124 1
35144 1
35183 1
35212 1
35213 1
35300 1
35360 1
35430 1
35488 1
35589 1
35755 1
35763 1
35767 1
35879 1
35901 1
35958 1
35982 1
36082 1
36113 1
36133 1
36145 1
36249 1
36303 1
36337 1
36377 1
36436 1
36620 1
36751 1
36771 1
36866 1
36888 1
36892 1
36908 1
36915 1
36934 1
36965 1
36991 1
36997 2
37031 1
37049 1
37153 1
37257 1
37258 1
37367 1
37484 1
37582 1
37621 1
37677 1
37678 1
37690 1
37712 1
37765 1
37824 1
37848 1
37884 1
37915 1
37943 1
37963 1
38049 1
38103 1
38153 1
38327 1
38369 1
38406 1
38473 1
38502 1
38573 1
38595 1
38678 1
38707 1
38886 1
38918 1
39031 1
39032 1
39038 1
39046 1
39085 1
39174 1
39211 1
39323 1
39392 1
39616 1
39673 1
39703 1
39727 1
39803 1
39836 1
39939 1
39986 1
40013 1
40030 1
40083 1
40301 1
40407 1
40488 1
40490 1
40512 2
40516 1
40578 1
40609 1
40695 1
40939 1
40954 1
40955 1
41024 1
41152 1
41188 1
41227 1
41316 1
41603 1
41737 1
41818 1
41902 1
41913 1
41993 1
42135 1
42181 1
42356 1
42455 1
42619 1
42624 1
42817 1
43107 1
43123 1
43157 1
43158 1
43183 1
43187 1
43366 1
43378 1
43410 1
43455 1
43550 1
43565 1
43587 1
43702 1
43780 1
44057 1
44062 1
44128 1
44323 1
44348 1
44425 1
44724 1
44745 1
44746 1
44756 1
45217 1
45256 1
45374 1
45415 1
45670 1
45702 1
46107 1
46351 1
46715 1
46744 1
46876 1
46907 1
46954 1
46972 1
46974 1
47054 1
47108 1
47125 2
47180 1
47238 1
47349 1
47498 1
47662 1
47891 1
48159 1
48172 1
48488 1
48655 1
48738 1
48752 1
49040 1
49287 1
49495 1
49505 1
49518 1
49523 1
50006 1
50117 1
50189 1
50286 1
50325 1
50351 1
50571 1
50579 1
50657 1
50914 1
50943 1
51135 1
51137 1
51222 1
51228 1
51327 1
51391 1
51409 1
51867 1
51960 1
52191 1
52349 3
52350 1
52351 2
52353 1
52369 1
52595 1
52629 1
52654 1
52935 1
53035 1
53100 1
53187 1
53230 1
53243 1
53293 1
53366 1
53477 1
53489 1
53510 1
53625 1
53909 1
54017 1
54066 1
54152 1
54333 1
54843 1
54936 1
55079 1
55596 1
55680 1
56246 1
56401 1
56533 1
56547 1
57047 1
57065 1
57636 1
57907 1
58030 1
58049 1
58062 1
58069 1
58174 1
58247 1
58334 1
58404 1
58579 1
58811 1
58859 1
58870 1
59033 1
59209 1
59273 1
59548 1
59566 1
59710 1
59750 1
59781 1
59996 1
60158 1
60219 1
60242 1
60625 1
60663 1
60674 1
60716 1
60776 1
60777 1
60804 1
60911 1
61072 1
61132 1
61238 1
61370 1
61663 1
61710 1
61774 1
61887 1
62118 1
62143 1
62220 1
62518 1
62676 1
62799 1
62884 1
62999 1
63154 1
63548 1
63654 1
63747 1
63781 1
63979 1
64130 1
64136 1
64855 1
65025 1
65255 1
65484 1
65492 1
65552 1
65632 1
65675 1
65682 1
65795 1
66039 1
66161 1
66262 1
66928 1
67034 1
67062 1
67143 1
67200 1
67528 1
68099 1
68119 1
68147 1
68248 1
68405 1
68570 1
68577 1
69068 1
69086 1
69759 1
69967 1
70076 1
70283 1
70313 1
70435 1
70550 1
70738 1
70908 1
70973 1
71032 1
71191 1
71571 1
72231 1
72506 1
72806 1
73052 1
73131 1
73200 1
73366 1
73615 1
75082 1
75489 1
75671 1
75843 1
76200 1
76475 1
76683 1
76879 1
77160 1
77284 1
77543 1
77827 1
78191 1
78290 1
79126 1
79358 1
79450 1
79508 1
79728 1
80202 1
80326 1
81513 1
81717 1
81889 1
81894 1
82337 1
82737 1
83159 1
83628 1
83842 1
83953 1
84141 1
84475 1
84566 1
84782 1
85029 1
85102 1
85199 1
85264 1
85551 1
85734 1
86011 1
86270 1
86338 1
86476 1
86829 1
86894 1
86903 1
87008 1
87105 1
87147 1
87162 1
87163 1
87273 1
87388 1
87704 1
88244 1
88435 1
89047 1
89161 1
89174 1
90016 1
90069 1
90268 1
90272 1
90808 1
91211 1
91245 1
91329 1
91554 1
91905 1
92192 1
92488 1
92755 1
93062 1
93290 1
93579 1
93624 1
94200 1
94701 1
94710 1
94938 1
95638 1
95690 1
96133 1
96909 1
97230 1
97523 1
97582 1
97590 1
97688 1
98352 1
99027 1
99318 1
99738 1
99784 1
100014 1
100079 1
100407 1
100446 1
100810 1
101631 1
101678 1
102621 1
103063 1
103728 1
103879 1
104176 1
104421 1
106414 1
108716 1
108791 1
108881 1
109230 1
109749 1
109822 1
109847 1
110215 1
111662 1
113562 1
113695 1
114442 1
115287 1
115537 1
116128 1
117708 1
117736 1
117926 1
117990 1
118162 1
118933 1
119969 1
122409 1
122484 1
122913 1
122972 1
123593 1
123732 1
123966 1
124120 1
125056 1
125631 1
126576 1
126869 1
128339 1
128673 1
129146 1
132661 1
133480 1
133823 1
134532 1
135297 1
135540 1
136213 1
136221 1
136299 1
136668 1
137675 1
137751 1
138560 1
139773 1
142827 1
143830 1
145489 1
146991 1
147426 1
147702 1
149487 1
150017 1
150524 1
151486 1
151817 1
152304 1
156258 1
156833 1
157793 1
157886 1
158885 1
158903 1
159096 1
160259 1
160397 1
160731 1
161906 1
162771 1
162917 1
167058 1
167977 1
168263 1
171101 1
171913 1
171990 1
172353 1
173045 1
174062 1
174863 1
175875 1
178843 1
183548 1
185310 1
185609 1
186643 1
188614 1
189567 1
190760 1
191419 1
192054 1
193624 1
195386 1
197613 1
198325 1
199339 1
200775 1
201682 1
202913 1
203346 1
203369 1
204884 1
206187 1
209872 1
213818 1
213987 1
215797 1
217775 1
220245 1
220634 1
223957 1
230882 1
231027 1
235071 1
240809 1
241876 1
242443 1
244944 1
245100 1
248487 1
252512 1
254052 1
255029 1
261624 1
262141 1
271122 1
273480 1
276715 1
277787 1
277984 1
278910 1
284710 1
285532 1
286428 1
288394 1
292871 1
293764 1
299978 1
300016 1
300058 1
306255 1
307728 1
311096 1
317136 1
323184 1
330251 1
332953 1
336344 1
338902 1
341045 1
346544 1
355379 1
366712 1
376626 1
394420 1
413185 1
423401 1
424116 1
470896 1
475983 1
523928 1
572792 1
583389 1
595698 1
659646 1
687692 1
708269 1
748213 1
799169 1
932860 1
994110 1
1038054 1
1089129 1
1138686 1
1361556 1
1494006 1
1540678 1
1552048 1
1561189 1
1634710 1
1801215 1
1818150 1
2265051 1
18902683142 1
