1 79293
2 35316801
3 2090167
4 2281814
5 769327
6 760256
7 428623
8 445401
9 304858
10 323474
11 229024
12 243138
13 181707
14 189663
15 144735
16 150268
17 119263
18 123409
19 98091
20 99546
21 86646
22 86759
23 74967
24 77407
25 62106
26 62862
27 53019
28 55494
29 46147
30 49477
31 41118
32 41922
33 37176
34 37187
35 33955
36 35570
37 29150
38 29869
39 26771
40 27308
41 24308
42 25795
43 21962
44 22209
45 20352
46 19980
47 18418
48 19673
49 16918
50 16926
51 15724
52 15516
53 14433
54 15031
55 12991
56 13772
57 12711
58 12731
59 11398
60 12581
61 10717
62 10917
63 10062
64 10337
65 9507
66 10163
67 8742
68 8826
69 8443
70 8433
71 8066
72 8510
73 7399
74 7464
75 7174
76 6940
77 6614
78 7098
79 6138
80 6362
81 5845
82 6011
83 5587
84 6198
85 5309
86 5390
87 5151
88 5156
89 6982
90 5219
91 4527
92 4522
93 4358
94 4331
95 4189
96 4497
97 3884
98 4024
99 3752
100 3967
101 3707
102 4135
103 3590
104 3688
105 3353
106 3514
107 3295
108 3473
109 3055
110 3244
111 3001
112 3069
113 2856
114 3055
115 2725
116 2797
117 3346
118 2621
119 2399
120 2756
121 2445
122 2414
123 2322
124 2364
125 2341
126 2591
127 2234
128 2247
129 2198
130 2121
131 2397
132 2263
133 1972
134 2003
135 1874
136 2008
137 1816
138 1960
139 1742
140 1904
141 1736
142 1812
143 1663
144 1751
145 1612
146 1632
147 1505
148 1676
149 1445
150 1735
151 1520
152 1476
153 1467
154 1530
155 1361
156 1554
157 1391
158 1347
159 1356
160 1416
161 1282
162 1423
163 1191
164 1310
165 1221
166 1268
167 1163
168 1257
169 1157
170 1179
171 1218
172 1181
173 1040
174 1184
175 1100
176 1056
177 985
178 1080
179 979
180 1115
181 937
182 1023
183 905
184 1034
185 883
186 953
187 887
188 921
189 883
190 985
191 928
192 893
193 835
194 918
195 820
196 823
197 772
198 867
199 801
200 776
201 743
202 771
203 782
204 814
205 692
206 757
207 776
208 731
209 658
210 733
211 711
212 735
213 649
214 671
215 640
216 1092
217 623
218 639
219 598
220 625
221 649
222 644
223 604
224 629
225 621
226 579
227 567
228 614
229 511
230 640
231 532
232 559
233 536
234 584
235 548
236 547
237 508
238 525
239 513
240 534
241 481
242 515
243 468
244 526
245 447
246 505
247 464
248 483
249 519
250 472
251 416
252 496
253 471
254 448
255 428
256 454
257 457
258 450
259 440
260 441
261 416
262 435
263 388
264 437
265 357
266 406
267 400
268 393
269 381
270 389
271 339
272 338
273 384
274 376
275 353
276 371
277 333
278 354
279 369
280 308
281 318
282 360
283 349
284 359
285 380
286 338
287 300
288 371
289 294
290 306
291 339
292 326
293 319
294 333
295 324
296 318
297 355
298 349
299 284
300 373
301 322
302 380
303 263
304 315
305 255
306 348
307 283
308 298
309 272
310 284
311 276
312 279
313 267
314 266
315 283
316 271
317 249
318 265
319 277
320 301
321 278
322 240
323 203
324 250
325 224
326 278
327 226
328 280
329 249
330 255
331 230
332 260
333 284
334 296
335 226
336 300
337 204
338 221
339 267
340 248
341 222
342 285
343 212
344 221
345 205
346 222
347 208
348 217
349 201
350 197
351 204
352 224
353 196
354 210
355 216
356 192
357 200
358 190
359 165
360 212
361 171
362 173
363 883
364 194
365 175
366 179
367 175
368 189
369 161
370 175
371 162
372 176
373 164
374 176
375 182
376 160
377 138
378 207
379 198
380 163
381 163
382 181
383 163
384 172
385 156
386 167
387 141
388 153
389 127
390 179
391 156
392 156
393 165
394 171
395 141
396 196
397 157
398 176
399 150
400 134
401 165
402 161
403 132
404 186
405 151
406 131
407 167
408 162
409 159
410 119
411 148
412 138
413 123
414 156
415 116
416 135
417 126
418 132
419 127
420 141
421 135
422 150
423 130
424 113
425 126
426 131
427 113
428 130
429 119
430 117
431 113
432 136
433 648
434 108
435 113
436 502
437 118
438 126
439 113
440 121
441 120
442 119
443 112
444 112
445 123
446 107
447 137
448 146
449 94
450 106
451 98
452 110
453 96
454 108
455 116
456 102
457 110
458 94
459 103
460 117
461 94
462 123
463 106
464 112
465 99
466 90
467 85
468 109
469 82
470 109
471 110
472 104
473 92
474 110
475 105
476 99
477 89
478 100
479 84
480 92
481 91
482 98
483 86
484 88
485 81
486 115
487 89
488 107
489 110
490 101
491 77
492 113
493 82
494 96
495 89
496 95
497 91
498 109
499 93
500 96
501 129
502 88
503 97
504 132
505 80
506 91
507 92
508 84
509 82
510 80
511 68
512 344
513 106
514 76
515 77
516 86
517 85
518 74
519 397
520 75
521 78
522 69
523 67
524 96
525 75
526 57
527 78
528 77
529 71
530 91
531 89
532 74
533 65
534 84
535 76
536 76
537 76
538 61
539 63
540 79
541 59
542 81
543 103
544 66
545 80
546 74
547 54
548 76
549 73
550 70
551 63
552 71
553 60
554 139
555 200
556 71
557 64
558 62
559 71
560 67
561 59
562 62
563 66
564 68
565 57
566 60
567 57
568 63
569 72
570 72
571 82
572 402
573 399
574 56
575 53
576 75
577 68
578 48
579 54
580 63
581 63
582 72
583 53
584 81
585 62
586 66
587 76
588 59
589 63
590 372
591 377
592 66
593 59
594 57
595 58
596 63
597 46
598 68
599 43
600 69
601 64
602 54
603 44
604 62
605 45
606 61
607 50
608 58
609 76
610 51
611 52
612 57
613 52
614 48
615 73
616 61
617 47
618 66
619 38
620 59
621 54
622 60
623 48
624 59
625 46
626 48
627 60
628 41
629 64
630 69
631 44
632 48
633 45
634 41
635 54
636 46
637 34
638 56
639 55
640 51
641 55
642 53
643 47
644 57
645 39
646 37
647 39
648 54
649 52
650 47
651 42
652 56
653 41
654 45
655 384
656 48
657 37
658 45
659 40
660 45
661 31
662 49
663 47
664 40
665 31
666 47
667 46
668 38
669 33
670 34
671 36
672 42
673 37
674 40
675 43
676 45
677 33
678 41
679 44
680 31
681 45
682 39
683 33
684 38
685 48
686 33
687 35
688 41
689 46
690 36
691 39
692 51
693 43
694 26
695 40
696 41
697 28
698 27
699 39
700 32
701 41
702 39
703 43
704 45
705 27
706 36
707 40
708 42
709 41
710 35
711 34
712 37
713 34
714 32
715 33
716 31
717 25
718 30
719 28
720 38
721 46
722 45
723 36
724 37
725 39
726 36
727 31
728 44
729 42
730 34
731 26
732 43
733 38
734 26
735 27
736 29
737 34
738 32
739 40
740 38
741 33
742 29
743 28
744 24
745 32
746 34
747 34
748 31
749 25
750 39
751 32
752 31
753 27
754 37
755 28
756 30
757 28
758 27
759 33
760 33
761 24
762 36
763 30
764 28
765 30
766 34
767 20
768 39
769 22
770 30
771 31
772 34
773 31
774 34
775 28
776 35
777 28
778 30
779 36
780 33
781 22
782 32
783 24
784 35
785 35
786 30
787 30
788 24
789 34
790 20
791 35
792 33
793 23
794 24
795 31
796 23
797 25
798 32
799 21
800 32
801 34
802 26
803 25
804 38
805 28
806 23
807 27
808 24
809 25
810 29
811 30
812 28
813 32
814 15
815 22
816 28
817 30
818 26
819 27
820 19
821 27
822 37
823 20
824 22
825 26
826 22
827 32
828 24
829 24
830 32
831 25
832 29
833 24
834 29
835 14
836 28
837 26
838 21
839 17
840 32
841 31
842 20
843 26
844 27
845 19
846 25
847 24
848 28
849 27
850 20
851 24
852 39
853 16
854 22
855 19
856 24
857 18
858 27
859 25
860 12
861 17
862 18
863 27
864 34
865 29
866 29
867 19
868 22
869 19
870 52
871 19
872 29
873 23
874 16
875 17
876 38
877 11
878 25
879 26
880 25
881 20
882 28
883 20
884 27
885 29
886 27
887 22
888 22
889 20
890 26
891 19
892 21
893 20
894 16
895 7
896 18
897 13
898 24
899 16
900 21
901 18
902 24
903 36
904 16
905 15
906 36
907 17
908 18
909 22
910 16
911 27
912 26
913 31
914 27
915 17
916 20
917 19
918 17
919 13
920 22
921 16
922 24
923 23
924 13
925 16
926 21
927 21
928 24
929 15
930 20
931 26
932 26
933 15
934 20
935 19
936 18
937 17
938 16
939 26
940 14
941 18
942 19
943 13
944 17
945 16
946 19
947 16
948 23
949 20
950 20
951 24
952 19
953 18
954 16
955 23
956 24
957 22
958 9
959 21
960 19
961 17
962 22
963 15
964 11
965 12
966 20
967 8
968 15
969 25
970 15
971 14
972 14
973 16
974 18
975 13
976 17
977 19
978 26
979 21
980 17
981 17
982 21
983 9
984 14
985 13
986 20
987 26
988 17
989 14
990 25
991 10
992 10
993 14
994 17
995 25
996 13
997 16
998 22
999 20
1000 15
1001 56
1002 16
1003 30
1004 20
1005 17
1006 14
1007 18
1008 15
1009 16
1010 18
1011 18
1012 18
1013 21
1014 18
1015 19
1016 22
1017 16
1018 19
1019 10
1020 17
1021 16
1022 13
1023 21
1024 18
1025 10
1026 13
1027 27
1028 16
1029 20
1030 20
1031 17
1032 13
1033 13
1034 19
1035 15
1036 24
1037 12
1038 11
1039 8
1040 13
1041 12
1042 21
1043 16
1044 11
1045 18
1046 17
1047 19
1048 10
1049 15
1050 15
1051 14
1052 7
1053 19
1054 15
1055 15
1056 12
1057 14
1058 6
1059 11
1060 14
1061 12
1062 11
1063 18
1064 14
1065 16
1066 13
1067 14
1068 23
1069 25
1070 10
1071 19
1072 7
1073 20
1074 10
1075 10
1076 9
1077 11
1078 10
1079 10
1080 12
1081 15
1082 19
1083 11
1084 14
1085 11
1086 11
1087 12
1088 10
1089 16
1090 9
1091 16
1092 14
1093 12
1094 12
1095 15
1096 16
1097 9
1098 15
1099 13
1100 14
1101 11
1102 14
1103 11
1104 12
1105 14
1106 13
1107 10
1108 8
1109 8
1110 11
1111 19
1112 18
1113 14
1114 13
1115 10
1116 17
1117 5
1118 13
1119 15
1120 24
1121 15
1122 8
1123 13
1124 9
1125 6
1126 11
1127 9
1128 12
1129 9
1130 16
1131 15
1132 8
1133 10
1134 8
1135 17
1136 12
1137 11
1138 10
1139 9
1140 10
1141 9
1142 13
1143 13
1144 16
1145 11
1146 9
1147 8
1148 13
1149 12
1150 7
1151 13
1152 14
1153 15
1154 6
1155 9
1156 13
1157 11
1158 12
1159 9
1160 11
1161 12
1162 11
1163 9
1164 8
1165 14
1166 15
1167 13
1168 14
1169 14
1170 11
1171 17
1172 9
1173 6
1174 12
1175 11
1176 9
1177 8
1178 11
1179 12
1180 6
1181 11
1182 19
1183 8
1184 14
1185 9
1186 7
1187 7
1188 12
1189 13
1190 11
1191 3
1192 12
1193 10
1194 15
1195 9
1196 5
1197 7
1198 10
1199 12
1200 11
1201 7
1202 9
1203 8
1204 7
1205 13
1206 6
1207 17
1208 17
1209 10
1210 8
1211 15
1212 10
1213 11
1214 8
1215 8
1216 8
1217 14
1218 3
1219 12
1220 11
1221 11
1222 10
1223 6
1224 8
1225 15
1226 6
1227 12
1228 8
1229 8
1230 12
1231 15
1232 9
1233 15
1234 11
1235 11
1236 14
1237 12
1238 6
1239 6
1240 14
1241 5
1242 12
1243 6
1244 10
1245 8
1246 12
1247 11
1248 12
1249 10
1250 4
1251 15
1252 7
1253 9
1254 12
1255 3
1256 14
1257 6
1258 10
1259 17
1260 11
1261 11
1262 9
1263 13
1264 6
1265 8
1266 4
1267 7
1268 9
1269 6
1270 7
1271 10
1272 13
1273 11
1274 10
1275 12
1276 10
1277 15
1278 13
1279 11
1280 9
1281 11
1282 10
1283 4
1284 10
1285 10
1286 11
1287 12
1288 9
1289 8
1290 12
1291 4
1292 10
1293 8
1294 12
1295 9
1296 6
1297 7
1298 10
1299 15
1300 13
1301 10
1302 17
1303 8
1304 15
1305 7
1306 12
1307 10
1308 16
1309 12
1310 6
1311 7
1312 10
1313 7
1314 10
1315 9
1316 8
1317 13
1318 9
1319 6
1320 10
1321 10
1322 8
1323 15
1324 10
1325 5
1326 9
1327 5
1328 8
1329 11
1330 15
1331 6
1332 8
1333 7
1334 9
1335 12
1336 8
1337 9
1338 8
1339 4
1340 8
1341 4
1342 8
1343 10
1344 18
1345 6
1346 16
1347 11
1348 10
1349 8
1350 10
1351 7
1352 7
1353 6
1354 5
1355 7
1356 13
1357 10
1358 8
1359 22
1360 12
1361 5
1362 14
1363 5
1364 6
1365 6
1366 10
1367 7
1368 4
1369 7
1370 6
1371 17
1372 8
1373 4
1374 14
1375 10
1376 11
1377 10
1378 10
1379 13
1380 8
1381 13
1382 8
1383 6
1384 7
1385 7
1386 12
1387 9
1388 7
1389 9
1390 10
1391 7
1392 14
1393 9
1394 5
1395 11
1396 5
1397 15
1398 6
1399 5
1400 6
1401 11
1402 4
1403 9
1404 12
1405 11
1406 7
1407 10
1408 13
1409 7
1410 6
1411 7
1412 10
1413 9
1414 13
1415 5
1416 9
1417 9
1418 3
1419 3
1420 8
1421 9
1422 9
1423 7
1424 12
1425 4
1426 6
1427 7
1428 9
1429 8
1430 8
1431 7
1432 6
1433 2
1434 7
1435 4
1436 8
1437 5
1438 6
1439 4
1440 4
1441 7
1442 3
1443 8
1444 5
1445 6
1446 10
1447 6
1448 13
1449 3
1450 10
1451 8
1452 9
1453 9
1454 9
1455 7
1456 5
1457 5
1458 9
1459 5
1460 6
1461 8
1462 8
1463 17
1464 9
1465 5
1466 5
1467 9
1468 3
1469 6
1470 4
1471 5
1472 8
1473 4
1474 8
1475 10
1476 4
1477 13
1478 8
1479 4
1480 5
1481 5
1482 5
1483 7
1484 10
1485 10
1486 5
1488 4
1489 10
1490 3
1491 8
1492 5
1493 1
1494 9
1495 4
1496 1
1497 10
1498 3
1499 5
1500 4
1501 6
1502 8
1503 2
1504 10
1505 9
1506 4
1507 3
1508 4
1509 8
1510 4
1511 9
1512 8
1513 6
1514 3
1515 6
1516 6
1517 8
1518 8
1519 3
1520 6
1521 6
1522 7
1523 3
1524 5
1525 2
1526 11
1527 9
1528 5
1529 8
1530 5
1531 2
1532 5
1533 5
1534 4
1535 5
1536 4
1537 6
1538 4
1539 8
1540 5
1541 8
1542 9
1543 3
1544 6
1545 5
1546 8
1547 2
1548 7
1549 5
1550 2
1551 7
1552 10
1553 3
1554 3
1555 8
1556 10
1557 5
1558 6
1559 5
1560 1
1561 3
1562 3
1563 6
1564 5
1565 7
1566 8
1567 3
1568 8
1569 4
1570 4
1571 9
1572 8
1573 10
1574 2
1575 2
1576 14
1577 12
1578 3
1579 4
1580 3
1581 6
1582 4
1583 6
1584 10
1585 5
1586 8
1587 5
1588 7
1589 5
1590 4
1591 7
1592 12
1593 2
1594 6
1595 4
1596 6
1597 2
1598 3
1599 2
1600 9
1601 5
1602 2
1603 4
1604 9
1605 10
1606 1
1607 6
1608 8
1609 4
1610 8
1611 4
1612 5
1613 4
1614 4
1615 6
1616 3
1617 9
1618 1
1619 5
1620 7
1621 4
1622 7
1623 2
1624 11
1625 6
1626 9
1627 2
1628 6
1629 4
1630 3
1631 4
1632 5
1633 6
1634 9
1635 6
1636 4
1637 3
1638 5
1639 3
1640 5
1641 3
1642 4
1643 2
1644 4
1645 5
1646 6
1647 5
1648 6
1649 7
1650 5
1651 4
1652 8
1653 6
1654 6
1655 5
1657 4
1658 3
1659 1
1660 5
1661 4
1662 9
1663 6
1664 6
1665 6
1666 5
1667 3
1668 1
1669 3
1670 8
1671 3
1672 3
1673 4
1674 6
1675 3
1676 4
1677 7
1678 5
1679 5
1680 5
1681 8
1682 2
1683 6
1684 4
1685 2
1686 7
1687 4
1688 2
1689 6
1690 7
1691 4
1692 7
1693 4
1694 5
1695 1
1696 3
1697 6
1698 9
1699 2
1700 6
1701 2
1702 7
1703 10
1704 3
1705 1
1706 5
1707 5
1708 6
1709 7
1710 1
1711 3
1712 2
1713 2
1714 4
1715 2
1716 3
1717 2
1718 2
1719 5
1720 5
1721 7
1722 6
1723 5
1724 5
1725 3
1726 4
1727 5
1728 3
1729 4
1730 5
1731 3
1732 4
1733 3
1734 2
1735 2
1736 4
1737 4
1738 5
1739 5
1740 3
1741 8
1742 5
1743 3
1744 4
1745 3
1746 5
1747 2
1748 3
1749 5
1750 1
1751 10
1752 5
1753 9
1754 4
1755 2
1756 6
1757 4
1758 6
1759 3
1760 6
1761 4
1762 4
1763 4
1764 6
1765 11
1766 2
1767 8
1768 3
1769 5
1770 4
1771 2
1772 3
1773 8
1774 5
1775 3
1776 2
1777 4
1778 4
1779 10
1780 3
1781 8
1782 4
1783 4
1784 3
1785 7
1786 4
1787 2
1788 4
1789 3
1790 5
1791 2
1792 6
1793 2
1794 5
1795 1
1796 9
1797 5
1798 5
1799 1
1800 4
1801 6
1802 2
1803 3
1804 3
1805 1
1806 1
1807 5
1808 2
1809 2
1810 3
1811 8
1812 4
1813 5
1814 3
1815 3
1816 8
1817 3
1818 4
1819 4
1820 1
1821 5
1822 6
1823 2
1825 4
1826 7
1827 1
1828 6
1829 5
1830 5
1831 3
1832 1
1833 4
1834 3
1835 6
1836 3
1837 6
1838 4
1839 2
1840 6
1841 4
1842 7
1843 3
1844 1
1845 6
1846 2
1847 2
1848 1
1849 2
1850 5
1851 5
1852 3
1853 1
1854 3
1855 5
1857 6
1858 1
1859 4
1860 2
1861 6
1862 4
1863 4
1864 4
1865 4
1866 2
1867 3
1868 1
1869 3
1870 5
1871 4
1872 3
1873 5
1874 3
1875 3
1876 4
1877 8
1878 2
1879 6
1880 1
1881 1
1883 3
1884 8
1885 5
1886 2
1887 3
1888 6
1889 3
1890 4
1891 3
1892 4
1893 4
1894 3
1895 9
1896 4
1897 3
1898 3
1899 4
1900 1
1901 3
1902 4
1903 3
1904 4
1905 4
1906 2
1907 3
1908 5
1909 3
1910 2
1911 1
1912 3
1914 2
1916 1
1917 1
1918 1
1919 3
1920 4
1921 4
1922 4
1923 2
1924 2
1925 1
1926 3
1927 4
1928 5
1929 2
1930 7
1931 6
1932 5
1933 1
1934 3
1935 7
1936 2
1937 4
1938 2
1939 5
1940 4
1941 3
1942 5
1943 5
1944 4
1945 2
1946 5
1947 1
1948 1
1949 2
1950 1
1951 3
1952 6
1953 1
1954 1
1955 5
1956 1
1957 5
1958 1
1959 6
1960 3
1961 3
1962 4
1963 2
1964 3
1965 2
1966 4
1967 4
1968 3
1969 1
1970 2
1971 1
1972 2
1973 3
1974 6
1975 5
1976 2
1977 5
1978 2
1979 4
1980 6
1981 5
1982 4
1983 3
1984 3
1985 3
1986 3
1987 5
1988 2
1989 5
1990 9
1991 2
1992 1
1993 4
1994 3
1995 5
1996 3
1997 4
1998 3
1999 4
2000 3
2001 5
2002 6
2003 5
2004 3
2005 12
2006 3
2007 3
2008 3
2010 7
2011 8
2012 4
2013 4
2014 2
2015 2
2016 3
2017 3
2018 1
2019 6
2020 3
2021 2
2022 2
2023 3
2024 4
2025 3
2026 6
2027 5
2028 5
2029 3
2030 2
2031 5
2032 4
2033 2
2034 9
2035 2
2036 2
2037 5
2038 3
2039 6
2040 1
2041 5
2042 3
2043 1
2044 1
2045 1
2046 4
2047 3
2048 1
2049 1
2050 3
2051 4
2052 5
2053 6
2054 1
2055 6
2056 6
2057 2
2058 5
2059 1
2060 3
2061 5
2062 3
2063 1
2064 1
2065 3
2066 1
2067 4
2068 5
2069 2
2070 3
2072 1
2073 2
2074 4
2075 3
2076 1
2077 3
2078 7
2079 1
2080 5
2081 4
2082 2
2083 2
2084 2
2085 2
2086 5
2087 3
2088 2
2089 5
2090 1
2091 7
2092 3
2093 2
2094 4
2095 4
2096 3
2097 2
2098 1
2099 4
2101 1
2102 4
2103 4
2104 2
2105 6
2106 3
2107 2
2108 4
2109 2
2110 3
2111 1
2112 2
2113 3
2114 2
2116 2
2117 1
2119 2
2120 3
2121 4
2122 2
2123 4
2124 3
2125 3
2126 6
2127 6
2128 3
2129 3
2131 2
2132 4
2133 2
2134 3
2136 4
2137 2
2138 2
2139 2
2140 6
2141 2
2142 1
2144 4
2145 2
2146 1
2147 3
2148 1
2149 5
2150 1
2151 3
2152 1
2153 2
2154 2
2155 3
2156 2
2157 2
2159 1
2160 2
2161 3
2162 2
2163 1
2164 2
2165 3
2166 1
2167 2
2168 2
2169 5
2170 1
2171 2
2172 6
2173 2
2174 1
2175 3
2176 1
2177 1
2178 2
2179 2
2180 2
2181 4
2182 2
2183 3
2184 1
2185 1
2186 3
2187 5
2188 1
2189 2
2191 3
2192 4
2193 4
2194 2
2195 4
2196 3
2197 3
2198 2
2199 5
2200 2
2201 1
2202 1
2203 3
2204 3
2205 5
2206 5
2207 2
2208 4
2209 2
2210 4
2211 4
2212 1
2213 1
2214 5
2215 2
2216 2
2218 4
2219 5
2220 2
2221 2
2222 4
2223 5
2224 1
2225 5
2226 1
2227 2
2228 2
2229 5
2230 4
2231 3
2232 3
2233 3
2235 5
2236 4
2237 2
2239 5
2240 2
2241 5
2242 3
2243 5
2244 3
2245 3
2246 4
2247 6
2248 3
2249 1
2250 3
2251 2
2252 1
2253 2
2254 3
2255 2
2256 3
2257 1
2258 3
2259 1
2260 1
2261 5
2262 3
2263 2
2264 4
2265 1
2266 2
2267 4
2268 2
2269 1
2270 4
2271 3
2272 4
2273 4
2274 3
2275 3
2276 3
2277 2
2278 4
2279 2
2280 5
2281 3
2282 2
2283 1
2284 2
2285 3
2286 1
2287 2
2288 3
2289 2
2290 1
2291 2
2292 3
2293 2
2296 2
2297 2
2298 2
2299 3
2300 1
2301 3
2302 4
2303 5
2304 3
2306 3
2307 2
2308 3
2309 2
2310 1
2311 2
2312 3
2314 2
2315 2
2316 1
2317 2
2318 3
2320 2
2321 2
2322 2
2323 1
2324 1
2325 1
2326 4
2327 4
2328 3
2329 3
2330 5
2331 1
2332 3
2333 2
2335 4
2338 3
2339 2
2340 3
2341 2
2343 3
2344 2
2345 1
2346 3
2348 2
2349 3
2350 1
2351 3
2352 1
2354 3
2356 3
2357 6
2358 4
2359 2
2360 3
2361 1
2362 4
2363 1
2364 4
2365 3
2367 1
2368 3
2369 3
2370 1
2371 1
2372 2
2373 1
2374 5
2375 2
2376 2
2377 1
2378 3
2380 3
2382 1
2384 1
2385 2
2386 1
2387 2
2389 1
2390 4
2392 2
2393 5
2395 3
2396 4
2397 3
2398 2
2399 1
2400 2
2401 3
2402 4
2403 4
2404 3
2405 4
2406 1
2407 2
2408 2
2409 3
2410 1
2411 4
2412 6
2413 2
2414 2
2415 5
2416 3
2417 2
2418 1
2419 4
2420 1
2421 5
2422 2
2423 2
2424 3
2425 2
2426 4
2427 5
2428 4
2429 1
2430 3
2431 2
2432 2
2433 2
2434 1
2435 3
2436 3
2437 1
2438 3
2439 1
2440 5
2441 1
2442 3
2443 2
2444 3
2445 2
2447 4
2448 1
2449 3
2450 2
2451 7
2452 2
2453 2
2454 1
2455 3
2456 2
2458 1
2460 1
2462 2
2463 2
2464 3
2465 2
2466 2
2467 3
2469 2
2471 2
2472 3
2473 2
2474 2
2475 1
2476 3
2478 2
2479 1
2480 1
2481 2
2482 3
2484 1
2485 1
2486 3
2487 1
2488 3
2489 2
2491 1
2492 3
2493 6
2496 3
2497 1
2499 1
2500 1
2501 2
2502 1
2503 2
2504 1
2505 2
2506 2
2508 3
2509 1
2511 1
2512 1
2514 3
2515 1
2517 1
2519 5
2520 2
2523 1
2524 5
2526 1
2527 2
2528 4
2529 1
2530 1
2531 2
2532 2
2533 1
2534 2
2535 1
2536 2
2537 1
2539 2
2540 2
2541 3
2543 2
2544 1
2545 2
2547 1
2548 3
2549 2
2550 2
2551 2
2552 1
2553 1
2554 3
2557 4
2558 4
2559 1
2560 2
2561 3
2562 2
2563 2
2564 2
2565 1
2566 1
2567 5
2568 1
2569 4
2570 1
2571 3
2572 2
2573 2
2574 1
2575 3
2576 1
2577 2
2579 2
2580 1
2581 2
2582 2
2583 3
2584 3
2585 5
2586 4
2587 1
2588 2
2591 1
2592 1
2593 1
2594 2
2595 2
2596 2
2597 3
2598 3
2599 2
2600 1
2601 2
2602 3
2603 1
2604 1
2605 1
2606 3
2607 3
2608 1
2609 1
2611 3
2612 2
2613 4
2614 2
2615 3
2617 2
2620 3
2621 3
2622 3
2623 2
2625 1
2626 2
2627 2
2630 4
2632 2
2633 2
2634 1
2635 5
2636 1
2638 2
2639 2
2640 2
2642 2
2643 5
2644 1
2645 1
2647 4
2649 1
2650 1
2651 1
2652 1
2653 2
2654 4
2655 1
2656 4
2657 1
2659 2
2660 1
2661 4
2662 3
2663 2
2664 3
2665 4
2666 1
2667 3
2668 1
2669 2
2670 3
2671 1
2672 4
2673 1
2674 4
2675 1
2677 1
2678 3
2679 4
2680 1
2681 2
2682 3
2683 3
2684 2
2685 5
2686 1
2687 2
2689 1
2690 1
2691 3
2692 1
2695 2
2696 1
2697 3
2698 2
2699 2
2700 1
2701 3
2702 1
2703 1
2704 3
2705 2
2706 1
2707 3
2708 1
2709 1
2712 1
2713 1
2714 3
2716 3
2717 1
2721 2
2722 2
2723 1
2726 2
2727 3
2728 3
2729 2
2730 2
2731 4
2732 1
2734 1
2735 3
2736 2
2737 4
2738 2
2740 2
2741 2
2742 2
2743 2
2744 2
2745 1
2746 2
2747 2
2748 1
2749 1
2750 3
2752 4
2753 5
2754 2
2755 2
2758 1
2759 4
2760 3
2763 1
2764 3
2766 1
2767 1
2768 1
2769 2
2772 1
2773 3
2775 2
2776 2
2777 2
2780 1
2782 3
2783 4
2784 2
2785 5
2786 3
2788 1
2789 2
2790 1
2791 2
2792 2
2793 1
2795 1
2796 1
2797 2
2799 2
2800 1
2801 1
2802 1
2803 4
2805 1
2806 4
2807 1
2808 1
2809 4
2810 2
2811 1
2812 2
2814 1
2816 1
2817 2
2819 1
2821 3
2823 1
2825 1
2826 1
2827 4
2828 1
2830 1
2831 3
2832 1
2833 4
2834 1
2836 1
2838 3
2839 1
2840 1
2841 1
2844 1
2845 2
2846 2
2847 2
2848 1
2849 2
2850 1
2851 2
2852 1
2853 2
2855 1
2857 1
2858 2
2859 1
2861 2
2864 2
2866 2
2868 2
2869 1
2871 4
2873 2
2874 1
2875 2
2876 1
2877 3
2878 1
2880 1
2882 1
2883 2
2884 1
2885 1
2886 3
2887 1
2888 2
2889 3
2890 2
2891 2
2892 4
2893 1
2894 2
2896 2
2900 2
2901 3
2902 2
2903 4
2904 4
2906 1
2907 2
2909 1
2912 3
2913 1
2914 2
2916 3
2917 2
2918 1
2919 1
2920 2
2921 2
2922 5
2923 2
2925 2
2927 3
2928 1
2929 1
2930 1
2931 1
2933 1
2935 3
2936 1
2937 1
2938 3
2939 2
2943 3
2944 6
2946 1
2947 2
2948 1
2949 1
2950 1
2954 1
2955 1
2958 1
2959 1
2960 1
2961 1
2962 1
2963 1
2965 1
2966 1
2967 2
2968 2
2970 2
2971 1
2972 2
2973 2
2974 2
2975 2
2976 3
2977 2
2978 2
2980 1
2981 2
2982 1
2983 2
2984 2
2985 1
2986 2
2989 2
2990 1
2991 1
2992 1
2994 2
2995 1
2996 3
3000 2
3001 2
3002 1
3003 2
3005 1
3006 1
3007 2
3008 2
3009 2
3010 1
3011 2
3012 1
3013 3
3014 2
3015 1
3016 7
3017 3
3018 1
3019 6
3020 3
3021 1
3022 2
3023 1
3024 4
3025 3
3026 1
3027 1
3028 1
3029 3
3030 3
3031 1
3033 2
3034 1
3035 3
3036 1
3038 2
3039 1
3040 2
3042 2
3043 2
3045 1
3046 1
3048 3
3050 3
3051 1
3052 1
3053 3
3055 3
3056 1
3057 4
3062 2
3064 3
3065 2
3067 2
3068 1
3069 3
3070 1
3071 1
3072 2
3075 1
3077 1
3078 4
3080 1
3083 2
3084 1
3085 1
3086 2
3087 3
3088 1
3089 1
3090 1
3091 1
3092 2
3093 3
3094 2
3095 1
3096 1
3097 1
3098 1
3099 2
3100 1
3101 4
3102 1
3103 1
3104 3
3105 1
3106 4
3107 3
3109 1
3111 2
3112 1
3113 1
3114 2
3115 1
3116 1
3117 1
3121 1
3122 2
3123 2
3124 1
3126 1
3127 1
3128 3
3129 1
3130 1
3131 2
3132 3
3133 2
3135 1
3136 1
3138 3
3139 2
3140 2
3141 3
3142 3
3144 4
3145 1
3146 4
3147 2
3149 2
3150 3
3151 1
3152 1
3153 1
3154 1
3155 3
3156 3
3157 1
3158 1
3159 1
3160 5
3166 1
3167 1
3168 4
3169 1
3170 4
3171 2
3172 1
3173 3
3176 1
3177 1
3179 1
3181 3
3182 1
3183 1
3184 4
3185 4
3186 2
3187 1
3189 2
3190 2
3193 4
3194 2
3195 2
3196 1
3197 2
3199 3
3200 2
3201 1
3202 2
3204 3
3205 1
3206 2
3207 1
3208 2
3209 1
3210 1
3212 1
3213 2
3214 3
3216 1
3217 1
3219 1
3220 1
3221 2
3223 3
3225 3
3227 3
3228 1
3229 1
3230 2
3231 1
3233 1
3234 2
3235 1
3236 3
3238 1
3239 2
3241 1
3242 2
3244 1
3246 1
3247 1
3248 2
3249 2
3251 3
3252 2
3253 2
3255 2
3258 2
3259 1
3260 1
3262 1
3263 3
3265 2
3266 1
3267 1
3269 1
3271 1
3273 1
3276 2
3277 2
3278 2
3279 2
3280 1
3283 2
3284 1
3285 2
3286 1
3288 3
3289 1
3291 2
3292 1
3294 1
3295 1
3296 1
3298 1
3299 1
3301 3
3302 2
3303 2
3304 1
3305 2
3307 1
3308 5
3309 1
3310 1
3311 2
3312 2
3313 2
3314 1
3315 1
3318 1
3319 1
3321 1
3322 1
3323 1
3324 3
3325 2
3326 1
3327 1
3328 3
3329 3
3331 2
3332 2
3333 1
3334 2
3335 1
3338 1
3339 2
3340 1
3341 3
3343 1
3344 2
3346 2
3347 1
3348 1
3349 1
3350 2
3353 1
3354 1
3356 1
3357 1
3358 3
3359 4
3361 2
3362 1
3363 3
3365 3
3366 1
3367 1
3368 1
3370 2
3372 1
3374 1
3377 1
3380 4
3381 1
3382 1
3384 1
3385 1
3386 1
3387 2
3388 2
3390 1
3391 2
3393 1
3394 1
3395 2
3396 2
3397 1
3399 1
3400 2
3401 2
3403 1
3404 1
3405 1
3406 2
3407 2
3408 1
3409 4
3410 2
3414 1
3416 1
3417 1
3419 3
3420 1
3421 2
3422 4
3423 1
3424 1
3425 3
3428 2
3430 1
3431 2
3433 1
3435 1
3436 1
3439 2
3440 1
3441 1
3444 1
3448 1
3449 1
3450 1
3451 2
3453 3
3455 1
3456 2
3457 1
3458 1
3459 1
3461 1
3464 3
3465 1
3466 2
3468 6
3469 2
3470 1
3473 2
3474 1
3475 1
3476 2
3477 3
3478 2
3479 3
3480 2
3482 1
3483 1
3484 1
3485 3
3486 1
3487 2
3488 1
3489 3
3490 1
3492 2
3494 1
3497 2
3502 2
3504 2
3506 2
3507 1
3509 4
3511 3
3512 1
3514 3
3517 2
3518 1
3519 1
3520 3
3521 4
3524 3
3525 2
3526 2
3527 1
3528 2
3529 3
3530 1
3532 1
3533 3
3536 1
3537 1
3538 1
3540 1
3542 3
3543 1
3544 3
3545 1
3546 1
3548 1
3550 1
3551 2
3552 1
3554 1
3555 1
3558 1
3559 1
3561 2
3562 2
3564 3
3565 1
3566 1
3569 1
3572 1
3576 1
3579 1
3582 1
3584 2
3585 1
3586 1
3587 2
3589 2
3590 1
3591 1
3592 1
3597 1
3599 1
3601 2
3603 1
3604 2
3606 1
3607 1
3609 1
3610 2
3611 2
3612 2
3613 1
3614 1
3615 1
3616 2
3619 1
3621 1
3622 2
3624 1
3625 1
3627 2
3628 1
3630 1
3631 5
3633 2
3634 1
3635 1
3639 1
3640 2
3641 3
3643 2
3644 1
3645 2
3646 2
3647 1
3648 1
3649 3
3650 2
3651 1
3652 1
3653 4
3654 1
3656 1
3659 3
3663 3
3664 1
3666 1
3668 1
3674 2
3676 2
3677 1
3679 1
3680 1
3681 2
3683 2
3684 2
3685 1
3690 1
3691 1
3693 1
3694 2
3695 3
3698 3
3699 3
3700 1
3701 2
3702 1
3703 1
3707 1
3709 2
3711 1
3714 1
3715 1
3716 1
3717 1
3718 1
3719 2
3720 1
3721 2
3722 1
3723 1
3729 2
3732 3
3733 2
3734 1
3735 1
3736 3
3737 2
3738 1
3740 1
3742 1
3745 1
3746 1
3750 2
3752 3
3754 1
3756 1
3760 2
3761 1
3763 1
3767 1
3768 2
3769 1
3771 1
3775 2
3776 2
3781 2
3782 1
3785 3
3786 1
3787 1
3789 1
3792 1
3793 1
3794 1
3795 1
3798 2
3800 3
3801 2
3802 3
3803 1
3804 1
3806 2
3810 3
3811 1
3812 1
3813 3
3814 2
3820 1
3821 1
3822 1
3825 1
3826 2
3830 2
3832 1
3835 1
3837 4
3839 1
3840 1
3842 2
3844 2
3845 1
3846 3
3848 1
3849 3
3850 2
3851 1
3852 1
3853 2
3854 2
3855 2
3856 1
3858 1
3859 2
3860 1
3861 1
3862 1
3863 1
3864 2
3868 2
3870 1
3874 3
3876 2
3878 2
3881 2
3882 3
3883 1
3885 1
3887 2
3888 1
3889 1
3893 1
3894 1
3896 2
3897 1
3898 2
3899 1
3902 4
3906 1
3907 2
3908 3
3909 1
3911 2
3914 1
3915 1
3916 2
3917 2
3919 2
3920 1
3921 1
3922 1
3923 2
3924 1
3926 1
3928 3
3929 2
3937 1
3938 1
3944 2
3945 1
3946 1
3947 2
3948 1
3949 1
3950 1
3952 1
3953 1
3954 1
3955 1
3958 1
3959 1
3960 1
3962 2
3964 1
3965 1
3966 1
3974 1
3975 1
3977 1
3978 2
3979 1
3981 2
3984 3
3985 5
3986 1
3987 1
3988 2
3989 1
3990 2
3992 1
3994 1
3995 2
3996 1
3997 1
4003 2
4004 2
4005 1
4006 2
4007 2
4011 1
4013 1
4015 1
4017 1
4018 1
4019 1
4024 1
4026 2
4027 1
4028 3
4029 4
4031 2
4032 3
4033 1
4037 1
4042 1
4043 2
4044 1
4050 1
4051 1
4052 1
4055 2
4056 1
4057 1
4062 1
4063 1
4064 1
4066 1
4067 1
4068 4
4071 2
4072 2
4073 1
4075 1
4076 2
4077 1
4078 2
4079 1
4080 1
4081 1
4082 1
4083 1
4084 2
4086 2
4087 2
4088 2
4089 1
4090 3
4092 2
4095 1
4097 1
4098 2
4099 3
4101 1
4102 2
4104 1
4105 1
4106 1
4107 1
4110 2
4111 3
4113 2
4114 2
4115 1
4116 3
4118 1
4121 1
4122 1
4123 3
4124 1
4125 2
4127 1
4128 2
4130 2
4133 1
4135 1
4137 1
4139 1
4140 1
4142 1
4145 1
4146 1
4148 1
4150 1
4153 1
4155 1
4156 1
4158 1
4160 1
4162 1
4164 1
4169 1
4171 2
4172 1
4178 1
4179 1
4188 2
4189 1
4190 1
4191 2
4195 2
4196 2
4197 2
4198 2
4199 1
4202 1
4208 1
4209 2
4212 1
4214 1
4216 1
4218 3
4225 1
4227 1
4233 1
4239 2
4240 2
4241 1
4244 1
4249 1
4252 1
4253 1
4255 4
4257 2
4258 1
4260 1
4262 1
4263 1
4265 2
4270 2
4272 2
4275 1
4281 1
4282 1
4283 1
4286 1
4287 2
4290 1
4292 1
4297 1
4298 1
4301 1
4304 1
4305 1
4308 2
4309 2
4310 3
4311 2
4312 1
4314 1
4315 1
4316 1
4321 1
4322 1
4323 2
4326 2
4327 2
4331 1
4332 1
4333 1
4334 1
4337 1
4339 2
4340 1
4341 2
4342 1
4343 1
4344 1
4345 1
4346 1
4347 1
4350 1
4352 1
4353 1
4356 3
4357 1
4360 1
4362 1
4364 1
4365 3
4368 1
4373 3
4374 1
4377 1
4379 1
4380 3
4381 1
4382 1
4383 1
4384 2
4392 1
4393 2
4394 2
4399 1
4400 1
4401 1
4407 1
4415 1
4417 1
4421 1
4427 1
4428 1
4429 1
4432 2
4433 1
4435 1
4438 2
4439 1
4440 1
4443 1
4444 1
4445 2
4448 1
4450 1
4452 2
4454 2
4456 1
4458 1
4459 1
4460 2
4461 1
4463 1
4464 1
4465 2
4466 1
4467 1
4468 1
4470 1
4475 2
4477 1
4478 1
4480 1
4482 1
4488 1
4490 2
4492 1
4501 1
4503 2
4505 1
4508 1
4512 1
4513 1
4514 1
4515 1
4517 2
4520 1
4521 3
4527 1
4530 2
4532 1
4533 1
4535 1
4536 2
4537 1
4538 2
4541 2
4542 1
4546 1
4547 1
4548 1
4554 1
4555 1
4556 1
4563 3
4564 1
4565 1
4566 1
4568 2
4570 1
4572 2
4574 1
4576 2
4579 1
4581 1
4582 1
4583 2
4584 1
4586 2
4587 1
4588 1
4589 1
4590 1
4592 1
4596 3
4600 1
4607 1
4609 3
4610 1
4611 1
4619 1
4621 2
4622 1
4624 1
4625 1
4629 2
4633 1
4638 1
4640 1
4641 1
4645 3
4646 2
4648 2
4649 1
4657 2
4658 2
4659 2
4664 1
4665 1
4666 1
4670 1
4673 1
4674 2
4675 1
4680 1
4681 2
4682 1
4683 2
4688 1
4689 1
4690 2
4692 2
4693 3
4694 1
4695 2
4696 2
4701 1
4702 2
4703 4
4706 1
4708 1
4710 1
4712 1
4714 2
4718 1
4719 1
4720 1
4724 1
4725 1
4726 1
4727 2
4728 1
4732 2
4733 1
4734 1
4736 2
4737 1
4738 1
4739 1
4748 1
4749 1
4751 1
4752 1
4753 1
4759 1
4760 1
4761 1
4762 1
4765 2
4770 1
4773 1
4775 2
4776 1
4777 2
4778 1
4781 1
4782 1
4783 1
4787 1
4792 3
4793 1
4794 1
4796 1
4797 1
4799 1
4800 4
4801 2
4802 1
4803 4
4805 1
4807 4
4810 1
4811 1
4813 3
4816 1
4818 1
4819 1
4822 1
4823 1
4826 1
4827 1
4828 2
4831 1
4834 1
4835 1
4837 2
4838 1
4839 2
4844 1
4846 1
4848 1
4853 1
4855 2
4859 1
4860 1
4867 1
4874 1
4877 3
4879 1
4881 1
4889 2
4890 1
4894 1
4895 1
4899 1
4900 1
4902 1
4909 2
4910 1
4913 2
4915 1
4920 1
4921 1
4922 1
4923 2
4927 2
4928 1
4930 1
4932 2
4933 2
4934 1
4935 1
4937 1
4939 1
4940 2
4941 3
4942 2
4943 1
4944 1
4947 4
4948 2
4951 2
4953 1
4955 2
4957 1
4959 1
4961 1
4963 2
4966 3
4971 1
4972 2
4976 1
4979 1
4980 2
4984 2
4989 1
4994 2
4995 2
4997 2
4998 1
4999 2
5001 1
5002 1
5003 1
5004 3
5005 2
5007 2
5008 1
5009 4
5010 2
5011 1
5012 1
5013 1
5014 2
5015 3
5016 3
5017 2
5019 1
5020 2
5021 4
5022 4
5023 3
5024 1
5025 1
5026 6
5027 2
5029 3
5030 4
5031 1
5032 2
5035 1
5037 1
5039 2
5040 1
5042 2
5043 2
5044 2
5045 1
5046 2
5049 1
5052 1
5053 1
5054 1
5058 1
5062 1
5068 1
5070 1
5074 1
5075 2
5081 1
5083 2
5084 1
5085 1
5089 1
5091 1
5096 1
5097 2
5098 2
5099 3
5100 2
5102 2
5104 3
5108 1
5112 2
5116 1
5118 1
5120 2
5121 1
5125 1
5126 1
5130 1
5131 1
5132 1
5133 1
5135 1
5136 2
5139 2
5140 1
5142 2
5144 1
5145 1
5149 1
5150 1
5154 1
5155 1
5162 1
5163 1
5166 1
5168 1
5173 2
5174 1
5175 2
5177 1
5178 1
5179 1
5181 2
5182 3
5184 2
5186 1
5187 1
5190 1
5197 1
5198 2
5199 1
5202 1
5204 1
5205 1
5207 2
5209 1
5210 2
5214 1
5216 1
5219 1
5220 1
5222 1
5223 1
5229 1
5231 1
5233 1
5241 1
5242 1
5243 1
5244 1
5246 1
5248 1
5249 2
5258 1
5262 2
5264 1
5266 1
5274 3
5275 1
5276 1
5279 2
5280 1
5281 1
5283 1
5284 1
5285 1
5286 1
5287 1
5292 1
5294 2
5296 1
5298 2
5300 1
5302 1
5304 1
5305 1
5306 1
5310 1
5311 1
5316 1
5317 2
5319 1
5326 2
5328 1
5329 1
5334 1
5336 1
5338 1
5339 1
5340 1
5342 1
5345 1
5346 1
5350 1
5352 1
5359 1
5360 1
5362 1
5364 2
5365 1
5367 1
5370 2
5376 1
5379 1
5383 1
5385 1
5388 1
5389 1
5400 1
5401 1
5402 1
5403 1
5404 1
5407 1
5410 2
5414 1
5420 1
5421 1
5424 2
5425 2
5432 1
5434 2
5436 1
5447 1
5450 2
5453 1
5454 2
5456 1
5460 1
5462 2
5463 1
5464 1
5467 2
5469 1
5471 1
5473 1
5480 1
5487 1
5490 1
5492 1
5493 1
5495 1
5499 2
5500 1
5502 1
5509 1
5511 1
5512 1
5513 1
5515 1
5516 1
5519 2
5520 1
5522 1
5533 1
5534 2
5536 1
5537 1
5538 1
5541 1
5543 1
5544 2
5547 2
5550 2
5551 1
5554 2
5559 1
5568 1
5570 1
5572 1
5577 1
5582 2
5584 1
5589 1
5591 1
5598 2
5602 1
5603 1
5605 1
5606 1
5607 1
5612 1
5613 2
5615 1
5617 1
5618 1
5619 1
5620 1
5623 2
5626 1
5627 1
5628 1
5629 1
5632 1
5634 2
5637 2
5639 1
5647 2
5648 1
5653 2
5657 1
5661 1
5662 1
5666 1
5672 2
5678 1
5680 1
5685 1
5687 3
5689 1
5690 1
5692 1
5694 2
5696 1
5698 1
5700 1
5703 1
5708 1
5709 1
5710 4
5711 1
5712 1
5714 3
5715 2
5716 1
5718 1
5719 1
5721 1
5725 1
5726 1
5727 1
5729 1
5731 1
5733 1
5734 1
5735 2
5737 1
5742 1
5745 1
5746 1
5748 2
5749 3
5750 1
5752 1
5754 1
5763 2
5766 1
5770 1
5775 1
5777 1
5779 1
5783 1
5786 1
5788 1
5789 2
5795 2
5796 2
5802 2
5807 2
5810 1
5811 1
5813 2
5814 2
5817 1
5824 1
5827 1
5828 2
5837 4
5840 1
5845 1
5847 1
5848 1
5849 1
5851 2
5854 1
5857 2
5859 1
5860 1
5861 2
5862 1
5863 2
5867 1
5872 1
5875 3
5876 1
5878 1
5880 1
5881 1
5886 4
5888 1
5889 1
5890 1
5892 2
5893 1
5894 2
5895 1
5901 1
5904 2
5905 1
5906 1
5917 1
5920 1
5923 1
5924 1
5926 1
5929 4
5930 1
5933 1
5941 1
5942 1
5946 1
5948 1
5949 2
5951 1
5955 1
5957 1
5958 1
5962 2
5965 1
5970 3
5972 1
5974 1
5980 1
5983 1
5988 1
5994 1
5995 1
5996 2
5998 1
6003 1
6004 2
6007 1
6008 1
6009 1
6011 2
6015 1
6016 2
6018 1
6020 1
6021 2
6031 1
6033 1
6034 3
6035 1
6036 2
6042 2
6048 3
6050 1
6051 2
6054 1
6055 2
6060 2
6063 1
6068 1
6070 1
6071 1
6072 1
6073 1
6085 1
6090 2
6091 1
6092 1
6094 1
6096 1
6101 2
6106 1
6108 1
6111 1
6119 1
6120 2
6125 3
6126 1
6128 2
6135 1
6137 1
6138 1
6139 1
6140 1
6147 1
6150 1
6151 1
6161 1
6166 3
6172 1
6174 2
6187 1
6189 1
6192 1
6199 1
6201 1
6202 1
6203 1
6205 1
6206 1
6220 1
6226 1
6227 1
6228 1
6232 1
6245 2
6247 1
6249 3
6254 1
6256 2
6259 1
6266 3
6270 1
6274 1
6276 1
6283 1
6286 1
6294 2
6297 1
6298 1
6299 2
6307 2
6308 3
6314 1
6317 1
6320 1
6324 1
6325 1
6326 1
6327 1
6328 1
6336 1
6338 1
6343 1
6344 1
6348 3
6350 1
6351 1
6352 1
6358 1
6363 1
6371 1
6372 1
6374 1
6375 1
6376 1
6380 1
6381 1
6382 1
6384 1
6388 2
6393 1
6399 1
6403 1
6406 1
6414 1
6420 1
6421 2
6425 1
6426 1
6438 1
6440 1
6443 2
6444 1
6445 1
6446 1
6455 1
6457 2
6465 1
6467 2
6469 1
6472 1
6473 1
6474 1
6476 3
6477 1
6478 1
6486 3
6493 1
6496 1
6501 1
6510 1
6514 1
6515 1
6517 1
6519 2
6525 1
6527 1
6534 1
6541 1
6544 1
6545 2
6550 1
6556 1
6562 2
6567 1
6573 1
6579 1
6582 1
6591 1
6597 1
6599 1
6601 2
6607 1
6609 1
6614 1
6615 1
6620 1
6627 1
6632 1
6633 1
6637 1
6638 2
6639 1
6648 1
6649 3
6651 1
6653 2
6654 2
6659 1
6660 1
6661 2
6662 3
6663 4
6664 1
6665 1
6667 2
6670 3
6671 1
6680 1
6685 1
6688 1
6694 2
6700 1
6701 1
6702 1
6706 1
6711 1
6713 1
6715 1
6716 1
6725 1
6726 2
6728 1
6730 2
6732 1
6763 1
6772 1
6781 1
6787 1
6789 1
6790 1
6791 1
6792 1
6794 1
6797 1
6798 1
6804 1
6806 1
6811 1
6812 1
6821 1
6824 1
6826 1
6833 1
6835 1
6836 1
6841 1
6844 1
6856 1
6861 1
6863 2
6867 2
6871 1
6872 2
6873 1
6874 1
6877 1
6878 1
6879 2
6884 1
6885 1
6889 2
6890 2
6891 1
6893 2
6896 1
6898 1
6899 1
6900 1
6902 2
6905 1
6907 2
6908 1
6909 1
6910 1
6911 2
6915 1
6917 1
6919 1
6924 1
6926 2
6928 2
6933 1
6935 2
6936 2
6937 2
6938 2
6940 1
6943 1
6946 1
6949 1
6955 2
6956 1
6961 1
6969 1
6971 1
6974 1
6975 1
6976 1
6978 2
6979 1
6981 1
6988 1
6989 1
6992 1
7003 1
7005 1
7007 1
7008 1
7009 1
7014 1
7018 1
7026 1
7029 1
7032 3
7034 1
7038 1
7039 1
7040 2
7042 2
7043 1
7045 1
7050 2
7057 1
7073 1
7074 1
7078 1
7079 1
7083 2
7095 1
7100 1
7105 1
7112 1
7115 1
7118 1
7119 1
7122 1
7124 1
7132 1
7134 2
7140 1
7141 1
7143 2
7147 1
7156 1
7157 1
7159 1
7161 1
7165 2
7166 1
7170 1
7172 1
7179 1
7180 2
7183 1
7190 1
7193 1
7194 1
7199 1
7203 1
7205 1
7211 2
7221 1
7227 1
7231 1
7235 1
7239 1
7243 2
7248 1
7251 1
7252 1
7263 1
7266 1
7268 1
7273 1
7275 1
7277 1
7279 1
7282 1
7285 1
7290 1
7291 1
7293 1
7300 1
7301 1
7302 1
7303 1
7307 1
7309 1
7312 1
7316 1
7318 1
7320 1
7333 1
7345 3
7347 1
7359 1
7360 1
7361 1
7363 2
7365 1
7366 1
7371 1
7377 1
7389 1
7395 1
7397 1
7399 1
7401 1
7406 2
7411 1
7421 1
7425 1
7436 1
7439 1
7446 1
7453 1
7454 2
7456 1
7462 1
7466 1
7472 1
7480 1
7481 1
7482 1
7486 1
7494 1
7495 1
7498 2
7499 1
7503 1
7504 1
7508 1
7510 1
7511 2
7518 1
7519 1
7521 1
7525 1
7526 1
7528 1
7529 3
7533 2
7534 1
7538 1
7541 1
7545 1
7558 1
7561 1
7567 1
7568 1
7576 1
7579 1
7581 1
7582 1
7586 2
7587 1
7591 1
7596 1
7599 2
7602 1
7604 1
7607 1
7608 1
7609 1
7615 1
7616 1
7617 1
7618 1
7627 1
7628 2
7629 1
7632 2
7633 1
7634 1
7636 1
7638 1
7640 1
7644 1
7651 1
7654 1
7656 1
7657 1
7659 1
7664 2
7673 1
7679 1
7680 1
7681 2
7684 1
7697 1
7701 2
7702 1
7706 2
7707 1
7713 2
7714 1
7720 1
7723 1
7726 1
7727 1
7740 1
7746 2
7751 1
7755 2
7771 1
7772 1
7774 1
7777 1
7778 2
7779 1
7787 1
7797 1
7805 1
7813 1
7822 1
7828 1
7830 1
7832 1
7838 1
7839 1
7840 1
7842 2
7843 1
7845 1
7849 1
7850 1
7854 1
7855 1
7856 2
7857 1
7861 2
7865 1
7868 1
7870 1
7872 1
7876 1
7877 1
7878 1
7879 1
7887 1
7888 1
7890 2
7891 2
7892 1
7893 1
7907 1
7910 1
7911 1
7914 1
7917 2
7918 1
7919 1
7920 1
7921 1
7922 1
7927 2
7928 2
7930 1
7933 1
7936 1
7937 1
7943 1
7944 1
7945 1
7947 1
7951 1
7952 1
7953 1
7960 1
7961 1
7962 2
7965 1
7966 1
7968 1
7975 1
7979 1
7981 1
7982 1
7983 1
7987 1
7989 1
7992 1
7994 1
7996 1
7997 1
8001 1
8002 1
8004 1
8005 1
8007 1
8008 1
8009 1
8010 2
8014 1
8015 2
8017 1
8018 1
8019 1
8020 1
8028 1
8030 1
8031 1
8032 1
8034 2
8036 2
8037 1
8039 1
8040 1
8041 1
8042 1
8045 1
8046 1
8048 2
8049 2
8050 1
8051 1
8053 1
8057 2
8059 2
8060 2
8064 1
8068 2
8073 1
8074 1
8075 1
8077 1
8079 1
8081 1
8082 1
8083 1
8084 1
8086 2
8089 2
8092 2
8093 2
8097 1
8098 2
8101 1
8104 1
8107 1
8108 1
8111 1
8114 1
8115 1
8117 1
8119 1
8121 1
8122 1
8124 2
8128 2
8133 1
8134 1
8135 2
8137 1
8138 1
8141 1
8142 1
8145 1
8150 1
8151 1
8152 1
8156 2
8159 3
8161 1
8163 1
8164 2
8170 1
8172 1
8179 1
8192 2
8195 1
8197 1
8199 1
8200 1
8203 2
8205 2
8207 2
8209 1
8210 1
8211 1
8214 1
8217 1
8219 1
8220 1
8223 1
8225 2
8227 1
8233 1
8234 1
8235 1
8236 1
8238 2
8240 2
8242 1
8245 1
8247 1
8248 2
8253 2
8254 1
8255 2
8256 1
8261 1
8267 1
8268 3
8269 1
8270 1
8272 2
8273 2
8275 2
8281 1
8286 2
8288 1
8294 1
8296 1
8298 1
8300 1
8307 1
8308 1
8317 1
8320 1
8324 1
8327 2
8329 3
8331 1
8332 1
8335 1
8337 1
8339 1
8341 1
8348 1
8349 1
8353 1
8360 1
8361 2
8363 1
8365 1
8366 1
8369 1
8376 1
8381 1
8382 2
8383 2
8387 3
8393 1
8394 1
8395 1
8398 1
8401 2
8403 1
8408 1
8410 1
8412 1
8413 1
8415 1
8416 1
8417 1
8418 1
8419 1
8420 1
8422 1
8425 1
8432 1
8433 1
8435 1
8436 2
8439 1
8440 1
8441 2
8442 1
8443 2
8446 1
8448 1
8449 2
8450 1
8451 1
8452 1
8454 1
8455 2
8457 1
8458 2
8459 1
8460 1
8471 2
8480 2
8484 1
8491 1
8492 2
8494 1
8497 1
8500 1
8502 1
8503 1
8504 1
8508 1
8512 1
8515 2
8516 2
8517 1
8518 1
8519 1
8525 2
8528 1
8529 2
8531 1
8532 1
8534 1
8535 1
8536 1
8537 1
8538 1
8539 1
8540 1
8541 1
8542 1
8545 1
8546 1
8550 1
8552 2
8553 1
8558 1
8561 1
8562 1
8568 1
8570 1
8572 1
8574 1
8581 2
8585 3
8588 2
8592 1
8595 1
8596 2
8598 2
8603 1
8604 1
8606 1
8610 1
8611 3
8613 1
8614 2
8616 1
8620 1
8623 1
8624 1
8628 1
8632 1
8633 1
8634 1
8635 2
8639 1
8640 1
8642 1
8644 1
8645 1
8648 1
8652 1
8653 1
8654 1
8664 1
8670 1
8671 1
8673 1
8674 1
8675 2
8684 1
8696 2
8699 2
8700 1
8715 1
8716 2
8718 1
8722 1
8724 1
8725 1
8726 1
8727 2
8730 1
8731 1
8732 1
8733 1
8741 1
8742 2
8744 1
8749 1
8750 1
8751 2
8752 1
8755 2
8759 2
8760 1
8763 2
8765 1
8766 1
8772 2
8774 1
8775 1
8776 1
8778 1
8779 1
8781 2
8782 1
8783 2
8784 1
8786 1
8790 1
8791 1
8792 1
8795 2
8797 1
8799 2
8801 2
8803 1
8805 1
8809 3
8811 2
8816 1
8819 2
8821 2
8822 1
8823 1
8825 1
8828 1
8834 1
8835 1
8843 1
8844 1
8845 1
8846 2
8847 2
8848 2
8852 1
8853 1
8857 1
8859 1
8862 2
8863 2
8864 1
8867 2
8870 1
8873 1
8874 1
8875 2
8877 1
8878 2
8879 1
8881 1
8882 1
8883 3
8884 1
8886 1
8887 2
8888 1
8890 1
8891 1
8892 1
8893 3
8897 1
8900 1
8901 1
8902 1
8905 1
8906 2
8908 1
8913 1
8914 1
8915 2
8917 1
8920 1
8921 2
8923 2
8928 2
8930 1
8931 1
8934 1
8935 1
8936 2
8938 2
8941 1
8942 1
8943 1
8944 2
8946 1
8948 1
8949 1
8953 1
8957 2
8958 1
8960 2
8961 1
8962 1
8967 3
8968 3
8969 1
8971 1
8972 4
8973 1
8974 1
8976 1
8977 1
8980 1
8981 1
8983 1
8984 1
8985 1
8987 1
8988 1
8989 1
8997 1
8998 1
9000 1
9002 2
9003 1
9007 1
9009 2
9011 1
9015 2
9016 1
9018 2
9019 1
9020 1
9029 1
9031 1
9035 1
9036 2
9044 1
9045 1
9047 1
9048 1
9049 1
9052 1
9054 1
9055 1
9056 1
9058 3
9060 1
9061 1
9062 1
9065 2
9072 1
9073 3
9075 1
9077 2
9078 1
9079 1
9081 1
9082 1
9083 1
9084 1
9087 1
9089 1
9090 2
9091 1
9094 2
9097 1
9098 1
9099 1
9100 1
9101 1
9103 2
9106 2
9108 1
9109 1
9110 2
9111 1
9114 2
9116 1
9119 1
9120 3
9121 1
9126 1
9128 1
9130 2
9132 1
9133 1
9138 1
9140 1
9141 1
9142 2
9143 2
9144 1
9146 2
9147 1
9151 1
9158 1
9159 1
9160 1
9163 1
9164 1
9168 1
9170 1
9172 1
9175 1
9176 1
9178 2
9179 1
9184 1
9185 1
9186 2
9189 1
9191 1
9194 1
9195 1
9199 2
9200 1
9201 1
9203 1
9204 1
9206 1
9213 2
9218 2
9219 1
9221 1
9227 2
9230 2
9231 1
9232 1
9235 1
9236 1
9240 1
9241 1
9243 1
9244 1
9245 1
9247 1
9248 1
9254 1
9257 1
9260 1
9262 2
9263 1
9265 2
9266 1
9268 2
9269 2
9270 1
9273 1
9274 1
9275 2
9278 1
9284 1
9285 1
9286 2
9290 2
9293 3
9302 1
9303 1
9304 1
9308 2
9311 1
9312 2
9313 1
9316 2
9324 1
9325 1
9326 2
9328 1
9332 1
9334 2
9336 2
9338 1
9341 1
9342 1
9343 2
9346 1
9347 2
9352 1
9353 1
9354 1
9363 1
9364 1
9369 1
9371 1
9372 1
9374 1
9377 1
9380 1
9384 1
9386 1
9389 1
9391 1
9398 1
9399 1
9400 1
9402 1
9405 1
9408 1
9410 1
9411 1
9413 1
9414 1
9418 1
9422 1
9424 1
9425 1
9427 2
9429 1
9430 1
9431 1
9433 1
9434 1
9435 1
9439 1
9440 1
9444 1
9446 1
9448 1
9450 1
9451 1
9452 2
9459 1
9460 1
9462 3
9463 1
9464 1
9465 1
9471 1
9472 1
9479 2
9480 1
9481 1
9482 3
9484 1
9485 2
9488 1
9492 1
9494 3
9495 1
9496 1
9497 1
9499 2
9501 1
9502 2
9505 1
9507 2
9509 2
9510 1
9511 1
9514 2
9515 1
9516 1
9519 1
9520 1
9521 1
9524 1
9525 2
9527 1
9528 1
9529 1
9533 1
9535 1
9536 1
9541 1
9543 1
9545 1
9546 1
9548 1
9549 1
9553 1
9554 2
9555 1
9557 3
9559 1
9562 2
9563 2
9564 1
9567 1
9570 1
9571 1
9574 1
9575 1
9576 5
9577 1
9579 1
9580 1
9590 1
9594 1
9604 2
9606 1
9607 1
9608 2
9610 2
9617 1
9623 3
9625 1
9627 1
9628 1
9630 1
9631 1
9634 1
9635 1
9637 2
9638 3
9640 1
9641 1
9642 1
9648 2
9649 2
9652 1
9653 2
9656 1
9658 1
9659 1
9660 2
9668 1
9669 2
9670 1
9673 1
9675 1
9677 1
9679 1
9680 1
9681 2
9683 1
9685 1
9687 2
9690 1
9691 1
9692 1
9694 1
9700 1
9704 1
9707 1
9709 1
9710 1
9712 2
9713 1
9717 3
9718 1
9720 1
9721 2
9722 2
9728 1
9730 1
9733 1
9734 2
9738 1
9739 2
9740 1
9741 1
9744 1
9745 1
9748 1
9749 3
9751 1
9752 1
9754 2
9759 2
9760 2
9771 1
9774 1
9777 1
9779 2
9780 1
9781 1
9784 2
9786 2
9789 1
9792 1
9795 1
9798 1
9800 1
9802 2
9803 1
9809 1
9811 1
9813 1
9816 2
9818 2
9819 1
9821 1
9822 1
9823 1
9824 1
9829 3
9834 1
9836 2
9837 3
9838 2
9839 1
9840 3
9841 1
9842 1
9846 1
9849 1
9850 1
9852 2
9855 1
9856 1
9857 1
9861 2
9865 2
9866 1
9868 1
9870 1
9872 2
9873 2
9874 1
9876 1
9878 1
9882 2
9883 1
9887 1
9888 1
9889 1
9891 1
9892 3
9894 1
9895 1
9896 1
9898 2
9899 1
9900 2
9901 1
9902 2
9903 1
9904 3
9908 1
9911 1
9914 1
9918 3
9920 4
9922 1
9923 1
9924 2
9925 1
9929 1
9930 1
9932 1
9936 2
9937 1
9939 1
9940 1
9942 1
9943 1
9944 1
9945 3
9946 1
9947 2
9948 1
9950 1
9953 2
9954 1
9955 2
9959 1
9960 1
9961 1
9962 2
9964 1
9965 1
9967 1
9970 3
9971 1
9973 1
9975 5
9976 1
9977 1
9978 1
9980 1
9982 1
9983 2
9986 1
9987 2
9989 1
9994 3
9995 1
9996 1
9999 1
10000 3
10001 3
10002 1
10003 4
10004 3
10005 1
10006 2
10008 1
10009 1
10010 2
10013 1
10014 2
10015 2
10016 2
10017 2
10019 1
10022 1
10023 3
10024 2
10026 2
10027 1
10028 1
10029 1
10031 1
10033 1
10036 1
10037 1
10039 2
10040 2
10042 2
10043 1
10044 1
10046 1
10047 2
10050 1
10053 3
10055 2
10056 2
10057 2
10058 2
10061 2
10062 1
10064 1
10065 1
10066 2
10067 1
10068 2
10069 3
10070 2
10072 2
10075 1
10076 1
10080 6
10081 1
10082 2
10083 1
10084 2
10086 1
10087 1
10088 2
10089 1
10090 2
10091 2
10093 2
10094 1
10098 2
10100 1
10102 2
10103 1
10104 1
10106 1
10110 2
10111 1
10113 1
10114 1
10116 1
10118 1
10119 2
10120 1
10121 1
10122 3
10123 1
10124 1
10125 3
10129 1
10130 1
10131 1
10132 2
10134 2
10135 2
10136 4
10139 1
10141 1
10142 1
10146 1
10147 4
10149 2
10151 1
10152 1
10154 1
10158 1
10159 1
10162 1
10163 2
10164 1
10165 2
10166 1
10167 1
10168 3
10169 1
10170 1
10171 2
10173 2
10174 1
10176 1
10177 1
10178 1
10179 1
10180 1
10182 1
10184 1
10186 1
10187 4
10189 1
10190 1
10194 1
10195 1
10198 4
10199 1
10200 1
10202 1
10203 1
10204 2
10208 1
10209 1
10210 1
10212 3
10213 1
10214 1
10215 3
10216 2
10217 2
10219 1
10220 1
10222 2
10224 1
10227 1
10230 1
10234 1
10237 1
10238 2
10239 2
10240 1
10241 2
10244 1
10245 1
10247 4
10249 1
10253 2
10254 3
10255 1
10256 2
10258 1
10259 1
10260 1
10261 1
10263 1
10264 2
10265 1
10266 1
10267 3
10268 2
10269 1
10270 1
10272 1
10273 2
10274 1
10275 2
10276 1
10277 3
10280 1
10281 1
10282 2
10285 1
10286 1
10287 1
10288 5
10289 2
10291 1
10292 1
10294 1
10295 3
10296 1
10298 1
10299 1
10301 1
10303 1
10304 1
10305 1
10306 1
10308 1
10312 1
10313 1
10314 1
10315 3
10317 1
10318 1
10320 1
10322 1
10324 1
10325 1
10327 1
10328 2
10330 2
10331 2
10332 1
10334 1
10335 1
10338 1
10339 2
10340 1
10342 2
10344 1
10346 1
10348 2
10349 3
10351 1
10357 3
10358 1
10360 1
10362 2
10363 1
10364 1
10365 2
10367 1
10370 1
10371 1
10372 3
10375 1
10376 2
10377 1
10380 1
10382 1
10387 1
10388 1
10389 1
10394 1
10395 1
10398 1
10399 1
10401 2
10405 3
10409 1
10410 1
10411 2
10412 1
10416 1
10418 1
10419 1
10420 1
10423 1
10425 1
10427 1
10430 1
10431 2
10432 1
10433 3
10434 1
10437 1
10438 1
10441 1
10442 1
10443 1
10445 1
10446 1
10447 1
10452 3
10459 1
10463 2
10465 1
10466 1
10472 1
10474 1
10475 1
10477 1
10479 2
10482 1
10484 2
10485 1
10491 2
10495 1
10496 1
10498 1
10500 1
10501 1
10502 1
10504 2
10505 2
10508 1
10509 1
10512 1
10513 1
10516 1
10519 2
10522 1
10525 1
10528 3
10535 2
10536 1
10537 1
10541 1
10545 1
10547 2
10549 1
10551 1
10552 1
10555 3
10556 1
10557 2
10558 1
10561 1
10562 2
10564 3
10565 2
10567 2
10568 1
10569 1
10570 2
10571 3
10572 2
10575 1
10576 1
10577 4
10580 2
10581 1
10582 2
10584 1
10585 1
10588 1
10593 1
10594 1
10595 2
10596 1
10598 1
10600 2
10601 1
10602 1
10603 2
10604 1
10607 3
10608 1
10609 2
10612 2
10614 3
10615 2
10618 2
10620 1
10623 2
10627 1
10629 1
10630 1
10631 2
10632 1
10634 2
10638 1
10639 2
10640 2
10642 4
10643 3
10644 2
10645 1
10646 1
10647 2
10649 1
10650 2
10651 1
10652 2
10653 1
10654 1
10655 1
10658 2
10659 1
10660 1
10661 2
10663 1
10666 1
10667 6
10669 1
10670 1
10671 1
10672 1
10673 1
10674 1
10676 1
10677 1
10679 1
10684 2
10685 1
10686 1
10689 2
10690 3
10691 1
10694 1
10695 1
10696 1
10698 1
10699 1
10703 1
10706 1
10710 1
10712 5
10713 1
10714 2
10715 1
10716 1
10718 1
10719 1
10720 1
10721 1
10722 2
10724 2
10728 3
10729 2
10730 1
10733 1
10740 1
10741 2
10742 1
10743 1
10745 1
10746 1
10747 1
10749 1
10750 2
10751 1
10754 1
10756 1
10757 1
10758 1
10759 1
10761 1
10764 2
10765 2
10766 1
10768 1
10770 1
10773 1
10776 1
10777 1
10778 2
10781 1
10784 1
10785 1
10786 2
10789 1
10791 1
10793 1
10796 3
10797 1
10798 1
10802 1
10803 3
10805 2
10808 1
10810 1
10815 1
10817 1
10820 3
10822 1
10823 1
10825 1
10829 1
10830 1
10832 1
10834 1
10835 1
10837 2
10838 1
10840 1
10841 1
10842 2
10843 1
10845 2
10850 1
10852 1
10854 1
10856 2
10858 4
10865 1
10866 1
10867 1
10868 1
10870 1
10873 1
10877 1
10882 2
10886 1
10888 1
10891 1
10895 1
10897 1
10900 1
10901 1
10904 1
10905 2
10906 1
10908 1
10909 2
10911 2
10915 1
10918 1
10919 1
10921 1
10925 1
10926 1
10929 1
10932 1
10933 1
10939 2
10940 1
10944 1
10945 1
10946 2
10947 2
10948 1
10950 2
10952 1
10953 1
10954 1
10956 2
10958 1
10959 1
10960 1
10962 1
10964 1
10967 1
10970 1
10978 2
10982 2
10983 1
10984 1
10985 1
10986 1
10988 1
10989 2
10990 2
10991 1
10995 1
10996 1
11001 4
11002 1
11006 1
11009 1
11011 1
11013 1
11014 1
11015 1
11016 1
11017 2
11022 3
11023 1
11024 1
11025 1
11026 1
11029 2
11031 2
11033 2
11035 1
11040 1
11042 4
11046 1
11053 1
11054 1
11055 1
11059 1
11062 1
11065 2
11072 1
11073 1
11074 1
11080 1
11082 1
11085 1
11088 1
11089 1
11090 1
11092 1
11093 2
11094 1
11101 1
11104 1
11107 1
11109 1
11113 1
11114 2
11115 2
11123 1
11124 2
11126 2
11127 1
11128 1
11130 1
11133 1
11137 1
11138 1
11140 2
11141 1
11146 1
11149 1
11150 1
11153 1
11154 1
11155 2
11157 5
11158 3
11159 1
11164 2
11167 1
11168 1
11169 2
11170 3
11171 1
11173 1
11175 1
11178 1
11181 2
11183 1
11184 1
11185 1
11187 2
11191 1
11193 1
11197 2
11198 1
11199 1
11200 1
11201 2
11204 1
11217 3
11219 2
11223 1
11224 1
11225 2
11226 1
11227 1
11228 2
11231 1
11233 1
11235 1
11238 1
11240 1
11243 1
11244 2
11245 1
11248 1
11255 1
11256 1
11261 1
11265 1
11266 1
11267 1
11268 1
11269 2
11270 1
11271 1
11272 1
11273 2
11276 1
11278 1
11279 1
11282 1
11284 2
11287 2
11288 1
11289 1
11292 1
11293 1
11295 2
11296 1
11301 1
11303 1
11304 2
11310 1
11316 1
11317 1
11320 1
11321 1
11323 1
11326 1
11328 1
11330 2
11332 1
11334 1
11335 1
11336 1
11339 1
11341 2
11343 1
11344 1
11346 2
11347 1
11348 1
11349 1
11350 2
11353 1
11357 1
11359 1
11361 1
11362 2
11368 2
11370 2
11377 1
11378 2
11383 1
11384 2
11385 1
11389 1
11393 1
11395 1
11397 1
11398 1
11401 1
11402 1
11405 1
11406 2
11408 2
11413 1
11415 2
11418 1
11424 1
11425 1
11426 1
11428 1
11429 1
11430 2
11431 1
11434 1
11435 1
11438 3
11442 2
11443 2
11445 2
11447 2
11448 1
11449 1
11450 1
11454 1
11457 1
11459 1
11461 1
11463 1
11464 1
11471 1
11472 1
11473 1
11477 1
11478 1
11481 1
11482 2
11488 1
11489 3
11491 1
11494 2
11495 1
11499 1
11500 1
11501 2
11503 1
11506 1
11507 1
11511 1
11512 2
11513 1
11515 1
11518 1
11519 1
11520 1
11521 1
11522 3
11526 2
11532 1
11533 1
11537 1
11538 1
11544 2
11546 1
11547 1
11548 1
11549 1
11550 1
11553 1
11554 1
11557 1
11559 1
11566 1
11569 1
11571 1
11573 1
11576 2
11580 1
11583 1
11589 1
11593 1
11598 1
11601 2
11603 1
11604 2
11606 1
11611 2
11614 2
11615 1
11617 2
11618 1
11619 1
11621 1
11622 1
11624 1
11625 1
11626 2
11628 1
11632 1
11633 1
11634 1
11637 1
11638 3
11641 1
11642 1
11645 3
11649 1
11652 2
11656 2
11659 3
11660 1
11665 1
11666 1
11673 1
11676 2
11678 1
11680 1
11681 1
11683 2
11684 1
11686 2
11688 1
11689 1
11691 1
11692 2
11693 1
11694 1
11697 1
11699 1
11705 1
11711 1
11713 2
11715 1
11718 1
11720 1
11722 1
11723 1
11724 2
11730 2
11731 1
11736 1
11744 1
11745 2
11749 1
11753 2
11757 1
11758 1
11761 1
11762 1
11763 1
11765 1
11769 1
11772 2
11778 1
11784 3
11785 2
11786 1
11791 1
11792 1
11793 1
11794 1
11798 1
11800 1
11802 1
11805 1
11808 1
11810 1
11812 1
11813 2
11814 1
11815 1
11816 1
11818 2
11819 1
11821 1
11822 1
11823 1
11825 1
11830 2
11831 1
11833 2
11836 2
11838 1
11840 1
11846 1
11848 1
11851 1
11852 1
11854 2
11855 1
11861 1
11863 2
11865 1
11867 1
11868 1
11870 1
11871 1
11872 1
11873 1
11874 2
11875 1
11876 1
11878 1
11883 1
11884 1
11889 1
11896 1
11898 1
11901 1
11903 1
11905 2
11906 1
11907 1
11909 2
11911 1
11914 1
11916 1
11918 2
11925 1
11929 1
11937 1
11943 1
11945 2
11946 1
11947 1
11952 1
11953 1
11955 1
11956 1
11960 2
11964 1
11965 1
11968 1
11969 1
11983 1
11984 1
11994 1
11995 2
11997 1
11998 1
12001 1
12004 1
12005 1
12011 1
12015 1
12016 1
12026 1
12037 1
12038 1
12039 2
12048 1
12049 1
12050 1
12052 1
12053 1
12054 1
12055 1
12057 1
12058 2
12062 1
12063 1
12068 1
12073 1
12078 2
12079 1
12081 1
12083 1
12086 1
12087 1
12089 2
12094 2
12100 1
12101 1
12103 1
12104 1
12111 1
12112 1
12113 1
12115 2
12117 1
12119 2
12126 1
12128 1
12129 1
12134 1
12135 1
12140 1
12141 1
12143 2
12147 1
12148 2
12150 2
12151 1
12153 1
12155 1
12160 2
12162 1
12163 1
12164 1
12168 1
12169 1
12176 1
12180 1
12181 1
12191 1
12192 2
12193 1
12198 1
12199 1
12200 1
12201 1
12203 1
12204 1
12205 1
12208 1
12217 2
12220 1
12234 1
12235 1
12249 1
12250 1
12256 1
12267 1
12269 1
12274 1
12277 1
12280 1
12285 1
12286 2
12288 1
12299 1
12301 1
12303 1
12306 1
12310 1
12311 2
12313 1
12314 1
12316 1
12318 1
12324 1
12327 1
12328 1
12329 1
12331 1
12332 1
12335 1
12339 1
12353 1
12354 1
12359 2
12366 2
12372 1
12374 1
12380 1
12381 1
12383 1
12385 2
12386 1
12394 1
12395 3
12397 1
12399 1
12408 1
12409 1
12410 1
12414 1
12421 1
12422 1
12423 1
12430 2
12434 1
12439 1
12441 1
12451 1
12453 1
12456 1
12457 1
12473 1
12477 1
12480 1
12482 1
12490 2
12491 2
12494 2
12496 1
12497 1
12498 2
12503 1
12520 1
12523 1
12526 1
12528 1
12530 2
12532 1
12537 1
12539 2
12541 1
12544 1
12545 1
12551 1
12556 1
12565 1
12567 1
12574 1
12577 1
12579 1
12582 1
12583 1
12584 1
12591 1
12593 3
12598 1
12600 1
12603 1
12605 2
12609 1
12615 1
12619 1
12628 1
12630 1
12636 1
12640 1
12642 1
12643 1
12644 1
12645 1
12647 1
12650 1
12651 1
12655 1
12657 1
12664 1
12667 1
12669 1
12672 1
12674 1
12676 1
12681 2
12687 1
12694 1
12697 1
12699 1
12703 1
12705 3
12709 1
12710 1
12711 1
12712 1
12713 1
12715 2
12718 1
12719 1
12720 1
12721 1
12723 1
12726 2
12728 2
12730 2
12731 1
12732 1
12734 1
12735 1
12738 1
12739 1
12740 1
12745 1
12746 1
12748 1
12749 2
12751 1
12753 1
12756 1
12758 1
12759 2
12761 1
12762 1
12765 2
12766 1
12767 1
12769 1
12771 1
12773 1
12781 1
12782 1
12787 1
12788 1
12790 1
12804 1
12813 1
12815 1
12818 1
12823 1
12826 1
12832 1
12833 1
12842 1
12853 1
12863 1
12870 1
12874 1
12879 1
12888 1
12892 1
12893 2
12895 1
12897 1
12898 1
12899 1
12906 1
12910 1
12913 1
12926 1
12927 2
12928 1
12930 1
12931 1
12934 2
12940 1
12941 1
12944 1
12953 1
12960 1
12963 1
12965 1
12970 1
12971 1
12973 1
12974 2
12981 1
12982 1
12985 1
12986 1
12987 3
12991 1
12999 1
13000 1
13001 1
13003 1
13004 1
13006 1
13007 1
13011 1
13015 1
13016 1
13017 1
13020 1
13023 1
13025 2
13033 1
13035 1
13052 2
13060 2
13061 1
13069 1
13074 1
13075 1
13079 1
13102 1
13106 1
13112 1
13121 1
13125 1
13128 1
13137 1
13140 1
13144 1
13152 1
13161 2
13162 1
13169 1
13171 2
13181 1
13182 1
13189 1
13198 1
13212 1
13219 1
13228 2
13247 1
13252 1
13254 1
13258 1
13272 1
13274 1
13278 1
13282 1
13294 1
13297 1
13306 1
13307 1
13311 1
13315 1
13323 1
13329 1
13330 1
13334 1
13336 1
13346 2
13351 1
13358 2
13361 1
13364 1
13379 1
13391 1
13392 1
13393 1
13396 1
13401 1
13406 1
13409 1
13419 1
13420 1
13429 1
13434 1
13437 1
13445 1
13446 1
13464 1
13481 1
13494 2
13495 1
13499 1
13505 1
13506 1
13519 1
13532 1
13543 1
13551 1
13554 1
13568 1
13572 2
13576 1
13580 1
13585 1
13586 1
13597 1
13602 1
13611 3
13620 1
13627 1
13628 1
13629 1
13634 1
13646 1
13661 1
13667 1
13671 1
13673 1
13676 1
13679 1
13682 1
13701 1
13704 1
13705 1
13709 1
13716 1
13719 2
13727 1
13779 1
13792 1
13793 1
13814 2
13818 1
13848 1
13859 1
13860 1
13871 1
13880 1
13889 1
13893 1
13912 1
13919 1
13920 1
13921 1
13923 1
13942 2
13946 1
13951 1
13952 1
13955 1
13968 1
13986 1
13997 1
14004 1
14007 2
14013 1
14016 1
14023 1
14029 1
14045 1
14060 1
14061 1
14064 1
14076 1
14085 1
14087 1
14092 1
14093 1
14096 1
14102 1
14107 1
14119 1
14125 1
14128 2
14132 1
14137 1
14144 1
14162 1
14164 2
14169 1
14180 1
14190 1
14203 1
14204 1
14219 1
14231 1
14251 1
14253 1
14261 1
14281 1
14295 1
14297 1
14299 1
14300 1
14305 1
14308 1
14321 1
14335 2
14342 1
14357 1
14358 1
14359 1
14360 1
14370 1
14378 1
14385 1
14386 1
14400 1
14421 1
14434 1
14444 1
14448 1
14455 1
14458 1
14463 1
14466 1
14470 1
14497 1
14501 1
14505 1
14522 2
14524 1
14526 1
14543 1
14555 1
14564 2
14572 1
14578 1
14583 1
14586 1
14587 1
14592 1
14602 1
14613 1
14617 1
14620 1
14628 1
14636 1
14640 1
14641 1
14651 1
14656 1
14666 1
14667 1
14671 1
14674 1
14683 1
14697 1
14703 1
14720 1
14727 1
14733 1
14739 1
14743 1
14753 1
14754 1
14755 1
14766 1
14771 1
14774 1
14779 1
14785 1
14798 1
14799 1
14801 2
14805 1
14808 1
14811 1
14812 1
14825 1
14853 1
14878 1
14881 1
14882 1
14913 1
14949 1
14953 1
14954 1
14955 1
14957 1
14963 1
14969 1
14970 1
14998 1
15001 1
15004 1
15018 1
15032 1
15041 1
15049 1
15050 1
15058 1
15075 1
15087 1
15093 1
15104 1
15112 1
15126 2
15133 1
15138 1
15144 2
15147 1
15151 1
15153 1
15161 1
15171 1
15181 1
15187 1
15195 1
15212 1
15215 1
15234 1
15237 1
15238 1
15240 1
15315 1
15328 1
15329 1
15361 1
15368 1
15369 1
15390 1
15402 1
15406 2
15414 1
15424 1
15435 1
15463 1
15468 1
15474 1
15493 1
15502 1
15506 1
15507 1
15542 1
15549 1
15552 1
15555 1
15558 1
15564 2
15576 1
15578 1
15585 1
15588 1
15591 1
15592 1
15594 1
15595 1
15597 2
15601 1
15606 1
15616 1
15617 1
15621 1
15633 1
15634 1
15651 1
15657 1
15661 1
15662 1
15664 1
15669 1
15676 1
15699 1
15726 1
15757 1
15759 1
15775 1
15786 1
15789 1
15808 1
15816 1
15850 1
15887 1
15891 1
15895 1
15911 1
15934 1
15950 1
15955 1
15957 1
15964 1
16029 1
16035 1
16066 1
16071 1
16107 1
16113 2
16124 1
16126 1
16133 1
16137 1
16142 1
16146 1
16149 1
16161 1
16169 1
16174 1
16181 1
16193 1
16204 1
16206 1
16211 1
16212 1
16224 1
16242 1
16249 1
16257 1
16261 1
16265 2
16274 1
16275 1
16279 1
16281 1
16286 1
16294 1
16297 1
16300 1
16306 1
16314 1
16315 1
16352 1
16378 1
16379 1
16383 1
16406 1
16429 1
16462 1
16477 1
16501 1
16509 1
16517 1
16519 1
16530 2
16534 1
16553 1
16561 1
16582 1
16585 1
16590 1
16593 1
16620 1
16651 1
16670 1
16689 1
16718 1
16736 1
16741 1
16765 1
16775 1
16786 1
16805 1
16806 1
16813 1
16832 1
16840 1
16842 1
16853 1
16857 1
16860 1
16881 1
16884 1
16894 1
16909 1
16911 1
16933 1
16938 2
16949 1
16956 1
16958 1
16962 1
16969 1
16980 1
16994 1
17002 1
17003 1
17016 1
17029 1
17031 1
17032 1
17034 1
17042 2
17047 1
17071 1
17075 1
17082 1
17098 1
17101 1
17111 1
17175 1
17197 1
17214 1
17217 1
17221 1
17225 1
17253 1
17255 1
17266 1
17276 1
17278 1
17280 1
17308 1
17311 1
17313 1
17335 1
17352 1
17354 1
17363 1
17369 1
17386 1
17397 1
17406 1
17448 2
17455 1
17470 1
17489 1
17494 1
17521 1
17523 1
17526 1
17528 1
17531 1
17543 1
17561 1
17564 1
17583 1
17594 1
17620 1
17623 1
17629 1
17631 1
17651 1
17660 1
17664 1
17665 1
17685 1
17689 2
17701 1
17703 1
17708 1
17726 1
17734 1
17756 1
17783 1
17838 1
17841 1
17854 1
17860 1
17919 1
17928 1
17937 1
17949 1
17953 1
17969 1
17975 1
17979 3
17998 1
18001 1
18026 1
18041 1
18059 1
18071 1
18133 1
18144 1
18156 1
18157 1
18163 1
18174 1
18179 1
18189 1
18236 2
18266 1
18278 1
18282 1
18301 1
18317 1
18342 1
18355 1
18361 1
18369 1
18379 1
18394 1
18412 1
18416 1
18420 2
18423 1
18424 1
18426 1
18442 1
18454 1
18471 1
18475 1
18480 1
18490 1
18493 1
18526 1
18534 1
18535 1
18539 1
18576 1
18579 1
18607 1
18608 1
18611 1
18613 1
18622 1
18637 1
18658 1
18665 1
18667 1
18691 1
18693 1
18702 1
18706 1
18717 1
18737 1
18739 1
18746 1
18766 2
18888 1
18891 1
18955 1
18965 1
18988 1
18993 1
19009 1
19024 1
19042 1
19064 1
19066 1
19094 1
19106 1
19128 1
19147 1
19180 1
19186 1
19187 1
19193 1
19195 1
19198 1
19217 1
19285 1
19300 1
19310 1
19341 1
19344 1
19392 1
19402 1
19403 1
19410 1
19416 1
19465 1
19489 1
19492 2
19504 1
19511 1
19527 1
19584 1
19591 1
19639 1
19641 1
19673 1
19705 1
19710 1
19715 1
19722 1
19735 1
19739 1
19748 1
19781 1
19790 1
19791 1
19796 1
19816 1
19824 1
19840 1
19851 1
19918 1
19925 1
19935 1
19949 1
19971 1
19973 1
19981 1
19986 1
19996 1
19997 1
19999 1
20000 1
20001 1
20002 1
20003 3
20005 1
20008 1
20010 1
20013 1
20016 1
20017 1
20018 1
20019 1
20026 1
20028 1
20029 1
20037 1
20039 1
20045 1
20052 1
20055 1
20069 1
20071 1
20072 1
20073 1
20089 1
20094 1
20100 1
20102 1
20114 2
20119 1
20123 1
20125 1
20129 1
20153 1
20155 2
20164 1
20173 1
20178 1
20204 1
20227 1
20233 1
20263 1
20264 1
20313 1
20327 1
20370 1
20384 2
20398 1
20412 1
20422 1
20444 1
20455 1
20480 1
20494 1
20520 1
20560 1
20580 1
20592 1
20601 1
20612 1
20634 1
20642 1
20650 1
20680 1
20710 1
20721 1
20739 1
20748 1
20752 1
20787 1
20813 1
20854 1
20888 1
20892 1
20895 1
20908 1
20921 1
20953 1
20965 1
20966 1
21019 1
21030 1
21037 1
21041 1
21061 1
21133 1
21144 1
21218 1
21221 1
21225 1
21240 1
21255 1
21260 1
21270 1
21279 1
21314 1
21346 1
21349 1
21370 1
21371 1
21406 1
21410 1
21426 1
21432 1
21445 1
21470 1
21478 1
21480 1
21489 1
21500 1
21514 1
21530 1
21552 1
21587 1
21588 2
21607 1
21608 1
21635 1
21719 1
21737 1
21757 1
21786 1
21853 2
21872 1
21873 1
21877 1
21882 1
21897 1
21905 1
21952 2
22008 1
22041 1
22081 1
22088 1
22091 1
22107 1
22116 1
22119 1
22121 1
22135 1
22141 1
22146 1
22167 1
22193 1
22201 1
22235 1
22245 1
22259 1
22287 1
22300 1
22323 1
22343 2
22364 1
22409 1
22414 1
22455 1
22474 1
22493 1
22495 1
22503 1
22505 1
22518 1
22520 1
22521 1
22532 1
22534 1
22562 1
22568 1
22617 1
22619 1
22624 1
22636 1
22643 1
22652 1
22698 1
22725 1
22728 1
22762 1
22763 1
22786 1
22798 1
22820 1
22828 1
22850 1
22852 1
22866 1
22873 1
22900 1
22923 1
22949 1
22964 1
22976 1
22985 1
22992 1
22993 1
23011 1
23070 1
23083 1
23093 1
23103 1
23105 1
23145 1
23221 1
23261 1
23271 1
23273 1
23287 1
23330 1
23351 1
23386 1
23424 1
23425 1
23442 1
23446 2
23449 1
23472 1
23476 1
23485 1
23512 1
23538 1
23540 1
23684 1
23711 1
23732 1
23746 1
23776 1
23850 1
23908 1
23964 1
23975 1
23992 1
24000 1
24044 1
24102 1
24132 1
24142 1
24162 1
24206 1
24247 1
24255 1
24312 1
24313 1
24333 1
24337 1
24374 1
24387 1
24392 1
24401 1
24409 1
24455 1
24485 1
24501 1
24508 1
24524 1
24529 1
24531 1
24544 1
24570 1
24629 1
24652 1
24662 1
24673 1
24676 1
24685 2
24707 1
24712 1
24718 1
24731 1
24736 1
24762 1
24769 1
24774 1
24781 1
24837 1
24873 1
24875 1
24876 2
24892 1
24894 1
24940 1
24997 1
24998 1
25000 1
25004 1
25007 1
25008 1
25048 1
25084 1
25112 1
25117 1
25133 1
25150 1
25182 1
25257 1
25274 1
25305 1
25345 1
25354 1
25384 1
25404 1
25431 1
25458 1
25489 1
25557 1
25604 1
25634 1
25680 1
25689 1
25749 1
25802 1
25872 1
25890 1
25899 1
25927 1
25973 1
26023 1
26040 1
26051 1
26077 1
26085 1
26090 1
26091 1
26148 1
26166 1
26193 1
26205 1
26230 1
26276 1
26304 1
26327 1
26363 1
26400 1
26415 1
26427 1
26437 1
26438 1
26440 1
26442 1
26470 1
26478 1
26493 1
26507 1
26522 1
26534 1
26575 1
26583 1
26667 1
26754 1
26870 1
26899 1
26987 1
27006 1
27015 1
27065 1
27089 1
27104 1
27125 1
27135 1
27234 1
27324 1
27326 1
27329 1
27348 1
27363 1
27459 1
27460 1
27473 1
27489 1
27505 1
27506 1
27510 1
27577 1
27584 1
27603 1
27631 1
27636 1
27653 1
27673 1
27680 1
27704 1
27797 1
27908 1
27910 1
27934 6
27940 1
28002 1
28017 1
28018 1
28029 1
28083 1
28197 1
28236 1
28253 1
28254 1
28273 1
28321 1
28327 1
28357 1
28359 1
28384 1
28391 1
28457 1
28496 1
28561 1
28585 1
28644 1
28771 1
28792 1
28798 1
28808 1
28818 1
28903 1
28906 1
28935 1
28969 1
28970 1
28995 1
28998 1
29006 1
29022 2
29032 1
29033 1
29036 1
29069 1
29121 1
29123 1
29149 1
29160 1
29173 1
29206 1
29251 1
29253 1
29266 1
29310 1
29362 1
29382 1
29468 1
29526 1
29531 1
29599 1
29617 1
29656 1
29661 1
29662 1
29810 1
29822 1
29832 1
29905 1
29908 1
29913 1
29967 1
29976 1
29987 1
30014 1
30021 1
30031 1
30039 1
30049 1
30097 1
30136 1
30170 1
30179 1
30225 1
30274 1
30284 1
30293 1
30357 1
30379 1
30400 1
30402 1
30447 1
30467 1
30472 1
30489 1
30559 1
30580 1
30612 1
30624 1
30661 1
30743 1
30744 1
30802 1
30849 1
30860 1
30868 1
30996 1
31070 1
31167 1
31296 1
31333 1
31341 1
31355 1
31377 1
31404 1
31406 1
31414 1
31448 1
31518 1
31555 1
31565 1
31633 1
31645 1
31648 1
31655 1
31663 1
31688 1
31702 1
31734 1
31811 1
31896 1
31897 1
31903 1
32049 1
32055 1
32077 1
32127 1
32144 1
32199 1
32204 1
32337 1
32339 1
32346 1
32368 1
32406 1
32416 1
32455 1
32459 1
32481 1
32507 1
32552 1
32668 1
32705 1
32768 1
32794 1
32795 1
32826 1
32856 1
32876 1
32998 1
33021 1
33102 1
33153 1
33251 1
33280 1
33357 1
33364 1
33367 1
33384 1
33394 1
33420 1
33480 1
33532 1
33546 1
33665 1
33793 1
33796 1
33801 1
33819 1
33898 1
33930 1
33934 1
33967 1
33982 1
34007 1
34034 1
34095 1
34191 1
34221 1
34376 1
34389 1
34407 1
34526 1
34545 1
34650 1
34797 1
34823 1
34887 1
35022 1
35031 1
35040 1
35044 1
35136 1
35199 1
35209 1
35210 1
35219 1
35283 1
35293 1
35322 1
35349 1
35452 1
35479 1
35480 1
35614 1
35642 1
35688 1
35760 1
35872 1
35884 1
35921 1
35922 1
35970 1
35975 1
36067 1
36080 1
36129 1
36140 1
36333 1
36421 1
36547 1
36662 1
36737 1
36768 1
36902 1
36960 1
36967 1
36975 1
36989 1
37024 1
37076 1
37310 1
37438 1
37560 1
37577 1
37588 1
37618 1
37664 1
37673 2
37702 1
37746 1
37810 1
37879 1
37912 1
37936 1
37952 1
37968 1
37995 1
38044 1
38059 1
38072 1
38096 1
38142 1
38321 1
38351 1
38363 1
38401 1
38473 1
38498 1
38593 1
38618 1
38674 1
38861 1
38912 1
39021 1
39027 1
39035 1
39039 1
39081 1
39164 1
39301 1
39319 1
39353 1
39355 1
39367 1
39382 1
39596 1
39648 1
39700 1
39764 1
39801 1
39903 1
39948 1
40007 1
40064 1
40168 1
40366 1
40404 1
40483 1
40512 1
40573 1
40934 1
40948 1
40952 1
41044 1
41143 1
41171 1
41224 1
41595 1
41736 1
41810 1
41856 1
41900 1
41980 1
41990 1
42029 1
42171 1
42345 1
42449 1
42618 1
42659 1
42773 1
42814 1
42837 1
42953 1
43107 1
43119 1
43143 1
43268 1
43320 1
43404 1
43450 1
43503 1
43547 1
43574 1
43696 1
43783 1
43934 1
44039 1
44121 1
44122 9
44125 1
44315 1
44384 1
44401 1
44407 1
44546 1
44720 1
44723 1
44739 1
44743 1
44758 1
44884 1
45252 1
45358 1
45381 1
45467 1
45559 1
45597 1
45700 1
45758 1
45790 1
46003 1
46031 1
46129 1
46170 1
46176 1
46317 1
46395 1
46440 1
46701 1
46868 1
46901 1
46950 1
46965 1
46966 1
47007 1
47116 1
47169 1
47200 1
47238 1
47660 1
47675 1
47814 1
47834 1
47880 1
48106 1
48152 1
48169 1
48193 1
48255 1
48478 1
48574 1
48634 1
48750 1
48844 1
48979 1
49061 1
49114 1
49264 1
49379 1
49484 1
49862 1
49936 1
50001 1
50004 1
50280 1
50347 1
50531 1
50568 1
50902 1
51082 1
51149 1
51206 1
51322 1
51339 1
51406 1
51782 1
51818 1
51852 1
51957 1
52278 1
52311 1
52318 1
52340 5
52342 3
52364 1
52409 1
52503 1
52651 1
52908 1
53046 1
53049 1
53058 1
53087 1
53170 1
53192 1
53240 1
53355 1
53454 1
53467 1
53585 1
53621 1
53688 1
53816 1
53865 1
53905 1
53945 1
54007 1
54081 1
54133 1
54291 1
54314 1
54394 1
54408 1
54594 1
54845 1
54932 1
55072 1
55231 1
55381 1
55438 1
55551 1
55580 1
55700 1
55705 1
55880 1
56072 1
56227 1
56364 1
56379 1
56530 1
56545 1
57186 1
57227 1
57480 1
57578 1
57643 1
57767 1
57818 1
57880 1
58159 1
58203 1
58238 1
58315 1
58366 1
58440 1
58860 1
58862 1
58956 1
59018 1
59181 1
59651 1
59693 1
59740 1
59778 1
60056 1
60150 1
60179 1
60238 1
60598 1
60616 1
60622 1
60684 1
60747 1
60775 1
60809 1
61057 1
61113 1
61178 1
61216 1
61245 1
61366 1
61539 1
61659 1
62115 1
62119 1
62152 1
62529 1
62672 1
62762 1
62876 1
62965 1
63101 1
63138 1
63146 1
63293 1
63491 1
63582 1
63611 1
63767 1
63929 1
63959 1
64127 1
64133 1
64161 1
64222 1
64466 1
64708 1
64821 1
64855 1
65018 1
65240 1
65335 1
65425 1
65489 1
65539 1
65629 1
65639 1
65641 1
65672 1
65788 1
65793 1
65899 1
66012 1
66158 1
66670 1
66783 1
66881 2
67047 1
67054 1
67176 1
67306 1
67538 1
67964 1
68096 1
68105 1
68110 1
68130 1
68132 1
68248 1
68371 1
68412 1
68580 1
68596 1
68806 1
69054 1
69313 1
69328 1
69386 1
69724 1
69752 1
69964 1
70067 1
70129 1
70196 1
70310 1
70537 1
70577 1
70580 1
70735 1
70887 1
70968 1
71028 1
71173 1
71348 1
71436 1
71509 1
71558 1
71773 1
72152 1
72214 1
72429 1
72481 1
72797 1
73086 1
73197 1
73213 1
73555 1
74779 1
75079 1
75484 1
75667 1
75807 1
75962 1
76166 1
76258 1
76679 1
77121 1
77261 1
77398 1
77529 1
77808 1
78618 1
78949 1
79076 1
79118 1
79402 1
79724 1
79774 1
80191 1
80281 1
80308 1
81473 1
81787 1
81878 1
82268 1
82332 1
82726 1
83585 1
83622 1
83686 1
83842 1
83939 1
84125 1
84559 1
84778 1
85018 1
85098 1
85196 1
85260 1
85546 1
86006 1
86264 1
86333 1
86471 1
86808 1
86823 1
86889 1
86896 1
87002 1
87099 1
87138 1
87157 2
87268 1
87374 1
88820 1
89035 1
89161 1
89214 1
89215 1
90014 1
90056 1
90256 1
90503 1
90797 1
91070 1
91232 1
91547 1
91897 1
92320 1
92485 1
92739 1
92781 1
93275 1
93425 1
93574 1
94935 1
95624 1
95805 1
96645 1
96768 1
96821 1
96903 1
97508 1
98346 1
98635 1
99024 1
99315 1
99483 1
99776 1
100009 1
100064 1
100403 1
100417 1
101623 1
102611 1
102722 1
103060 1
103721 1
103851 1
104173 1
104408 1
104438 1
104461 1
105246 1
106388 1
107536 1
107781 1
108498 1
108713 1
108774 1
108859 1
109842 1
110209 1
110558 1
111608 1
111822 1
112140 1
112516 1
113559 1
113596 1
113687 1
113928 1
114264 1
114290 1
114422 1
114891 1
115510 1
115512 1
116108 1
117714 1
117936 1
117987 1
119966 1
121195 1
121623 1
121732 1
122318 1
122354 1
122394 1
122575 1
122962 1
123463 1
123963 1
123992 1
125375 1
126533 1
126560 1
126777 1
128323 1
128657 1
129346 1
129575 1
129655 1
129711 1
130768 1
131690 1
131789 1
131891 1
131916 1
133303 1
133449 1
133953 1
134954 1
135358 1
135493 1
135497 1
136144 1
137669 1
138429 1
138545 1
139650 1
139767 1
142779 1
143042 1
143826 1
145486 1
145520 1
147228 1
147408 1
147699 1
147788 1
149480 1
150009 1
150309 1
151896 1
152287 1
152904 1
155671 1
156255 1
157328 1
157382 1
157755 1
158870 1
158877 1
159085 1
159934 1
159971 1
160404 1
162871 1
165328 1
165985 1
167974 1
168257 1
168260 1
168428 1
169368 1
171893 1
171980 1
172347 1
173394 1
174065 1
174215 1
174828 1
175917 1
178836 1
178963 1
179792 1
180012 1
180491 1
181343 1
182039 1
186634 1
187562 1
187777 1
188566 1
189633 1
189804 1
191414 1
197000 1
197609 1
198286 1
199262 1
201676 1
202908 1
203278 1
203316 1
203610 1
204856 1
209868 1
210431 1
210954 1
215428 1
218246 1
218721 1
224747 1
225602 1
225866 1
239555 1
240804 1
241417 1
241871 1
244934 1
245103 1
247196 1
247947 1
248482 1
252477 1
254118 1
257842 1
261489 1
262136 1
263836 1
265480 1
271088 1
273475 1
276715 1
277201 1
277682 1
277730 1
277963 1
292829 1
296528 1
299966 1
300011 1
306251 1
307723 1
309303 1
311032 1
315278 1
317523 1
323180 1
326101 1
330240 1
332948 1
338885 1
341030 1
351157 1
355368 1
371930 1
383573 1
393608 1
395545 1
400368 1
402388 1
405356 1
405842 1
411304 1
412951 1
424072 1
424116 1
430930 1
435685 1
453426 1
475971 1
480792 1
482280 1
494467 1
496335 1
501987 1
502646 1
509775 1
524569 1
544612 1
572780 1
592224 1
618950 1
621325 1
679763 1
683787 1
687674 1
693806 1
702990 1
748183 1
803156 1
827030 1
831017 1
882227 1
890992 1
958958 1
1020497 1
1060803 1
1081261 1
1098005 1
1129273 1
1170592 1
1181002 1
1206947 1
1394432 1
1413156 1
1540673 1
1551291 1
1595800 1
1702552 1
1801215 1
2033872 1
2193379 1
2221697 1
2264511 1
2285621 1
2399996 1
2592993 1
3514281 1
3890541 1
4050906 1
4116598 1
16565521611 1
