1 190762
2 10801
3 3451
4 1744
5 1003
6 767
7 575
8 472
9 372
10 343
11 266
12 229
13 239
14 201
15 164
16 152
17 145
18 115
19 131
20 109
21 98
22 92
23 84
24 69
25 58
26 87
27 82
28 59
29 62
30 64
31 50
32 46
33 53
34 60
35 38
36 51
37 43
38 40
39 39
40 36
41 35
42 33
43 19
44 32
45 34
46 24
47 28
48 26
49 21
50 36
51 22
52 23
53 15
54 22
55 22
56 26
57 13
58 20
59 23
60 19
61 18
62 15
63 19
64 20
65 15
66 14
67 15
68 21
69 19
70 24
71 14
72 22
73 14
74 14
75 13
76 18
77 14
78 12
79 19
80 12
81 13
82 11
83 11
84 17
85 13
86 14
87 17
88 8
89 11
90 9
91 15
92 9
93 14
94 13
95 8
96 14
97 9
98 12
99 6
100 10
101 10
102 5
103 14
104 4
105 8
106 9
107 6
108 7
109 6
110 8
111 7
112 8
113 8
114 1
115 6
116 15
117 6
118 5
119 3
120 6
121 8
122 9
123 7
124 5
125 4
126 10
127 3
128 7
129 4
130 4
131 6
132 6
133 5
134 2
135 11
136 7
137 5
138 6
139 5
140 7
141 6
142 5
143 3
144 2
145 1
146 2
147 6
148 1
149 4
150 5
151 9
152 3
153 4
154 5
155 5
156 10
157 5
158 3
159 6
160 3
161 5
162 5
163 6
164 3
165 5
166 6
167 5
168 1
170 4
171 2
172 3
173 6
174 4
175 3
176 7
177 4
178 3
179 5
180 4
181 4
182 2
183 2
184 5
185 4
186 8
187 4
188 6
189 3
190 6
191 4
192 4
193 4
194 3
195 3
196 3
197 4
198 4
199 1
200 2
201 6
202 4
203 3
204 5
205 5
206 1
207 3
208 1
209 3
210 4
211 3
212 1
213 5
214 2
215 5
216 3
217 4
218 5
219 2
220 6
221 2
222 2
223 2
224 5
225 3
226 3
227 1
228 3
229 2
230 6
231 4
232 1
234 1
235 2
236 1
237 1
238 2
239 1
240 3
241 3
242 4
243 5
244 4
245 1
246 1
250 3
251 5
252 4
253 3
255 2
258 1
259 1
260 2
261 1
262 1
263 1
264 1
265 2
267 2
268 5
269 2
270 1
271 1
272 3
274 1
275 3
276 3
277 2
278 3
279 1
280 2
281 2
282 3
283 2
284 2
285 2
287 1
288 3
289 2
290 3
291 1
293 3
294 1
295 1
296 3
297 1
298 1
299 2
300 3
301 2
302 1
303 1
304 1
305 3
306 1
307 3
309 1
310 2
311 2
312 4
313 2
314 3
315 2
317 4
318 3
320 1
321 1
322 1
323 3
326 1
327 2
330 1
331 4
335 3
337 1
339 1
341 3
342 1
343 3
344 1
345 2
347 1
348 2
350 2
351 1
352 1
353 1
356 2
357 1
358 1
359 3
363 1
365 2
366 1
367 1
368 2
372 1
374 3
375 1
376 1
377 1
378 1
381 1
384 2
385 2
386 1
387 1
389 1
391 2
395 1
399 1
401 1
402 1
403 1
405 1
406 1
407 2
409 2
411 1
412 1
413 2
414 1
415 1
417 1
418 2
419 1
423 3
425 2
426 1
427 2
428 3
430 1
432 1
435 1
438 1
439 3
440 1
441 2
442 1
443 1
444 2
445 1
447 2
448 2
449 1
450 1
451 1
452 1
453 1
456 1
457 1
459 1
462 1
464 2
467 2
468 1
469 1
470 1
473 1
474 1
475 2
476 1
478 2
479 2
480 1
481 1
486 1
493 2
495 1
501 1
502 1
506 2
507 1
512 3
514 2
516 1
518 1
519 1
520 1
526 1
527 1
529 1
531 1
533 1
534 1
535 1
536 1
538 1
540 1
542 2
548 1
549 1
550 1
551 2
554 1
556 2
560 1
562 1
563 1
567 1
569 1
570 2
571 1
572 3
575 2
581 1
585 1
586 1
591 2
595 1
596 2
598 1
600 1
602 1
604 1
606 1
615 2
618 1
621 1
623 1
624 1
625 1
628 1
632 1
640 1
642 1
648 2
649 1
653 1
654 3
655 1
656 1
657 1
663 1
664 1
666 1
669 3
671 1
673 2
675 1
677 1
678 1
683 3
687 2
692 1
694 3
695 1
701 1
707 2
708 1
712 1
719 1
721 1
724 1
726 2
729 1
732 1
741 1
742 1
747 1
749 1
755 1
756 1
757 1
758 1
759 1
760 1
761 2
764 2
772 1
780 1
788 1
792 1
793 1
799 1
801 1
802 1
811 1
812 1
815 1
820 1
836 1
837 1
842 1
850 1
852 1
855 1
857 1
861 1
864 1
867 1
869 1
874 1
879 1
880 1
888 1
890 1
893 1
897 1
898 1
903 1
908 1
914 1
916 2
918 1
923 1
930 1
931 1
933 1
944 1
947 1
949 1
951 1
958 1
962 1
965 1
983 1
991 1
1004 1
1008 1
1009 1
1011 1
1019 1
1022 1
1027 1
1030 1
1034 1
1043 1
1047 1
1050 1
1055 2
1058 2
1060 2
1077 1
1078 1
1081 1
1083 1
1086 1
1091 1
1106 2
1122 1
1124 1
1131 1
1138 1
1150 1
1151 1
1154 2
1160 1
1163 1
1170 1
1186 1
1213 1
1215 1
1232 1
1237 1
1238 1
1239 1
1242 1
1255 1
1260 1
1272 1
1314 1
1320 1
1332 1
1352 1
1353 1
1356 1
1364 2
1371 1
1387 1
1397 1
1398 2
1420 1
1422 1
1429 1
1437 1
1438 1
1457 1
1461 1
1465 1
1470 1
1473 1
1480 1
1497 1
1517 1
1521 1
1533 1
1543 1
1561 1
1565 1
1585 1
1605 1
1614 1
1634 1
1652 1
1689 1
1698 1
1745 1
1750 2
1776 1
1782 1
1808 1
1851 1
1863 1
1867 1
1944 1
1948 1
1958 1
2002 1
2004 1
2013 1
2064 1
2072 1
2077 1
2079 1
2118 1
2163 1
2168 1
2209 1
2226 1
2231 1
2267 1
2274 1
2298 1
2352 1
2357 1
2358 1
2423 1
2441 1
2442 1
2446 1
2464 1
2473 1
2480 1
2481 1
2516 1
2523 1
2524 1
2551 1
2573 1
2665 1
2742 1
2748 1
2858 1
2868 2
2929 1
2992 1
3035 1
3062 1
3151 1
3225 1
3295 1
3362 1
3377 1
3442 1
3531 1
3643 1
3855 1
3907 1
3930 1
4187 1
4202 1
4515 1
4562 1
4605 1
4641 1
5381 1
5408 1
5429 1
5449 1
5514 1
5523 1
5808 1
5824 1
5988 1
6303 1
6422 1
6493 1
6917 1
7278 1
7610 1
7971 1
8903 1
8972 1
9449 1
9534 1
9726 1
9769 1
9951 1
10143 1
10919 1
11096 1
11310 1
12570 1
13702 1
14851 1
15584 1
15651 1
18250 1
23451 1
32316 1
34917 1
55470 1
81750 1
90056 1
