1 4784723
2 241933
3 68282
4 34329
5 21543
6 14885
7 11335
8 9051
9 7211
10 6320
11 5283
12 4647
13 4176
14 3681
15 3304
16 3016
17 2797
18 2472
19 2269
20 2210
21 2071
22 1809
23 1695
24 1597
25 1403
26 1363
27 1326
28 1222
29 1150
30 1111
31 1010
32 943
33 925
34 894
35 816
36 746
37 710
38 710
39 659
40 620
41 635
42 595
43 577
44 539
45 522
46 489
47 492
48 469
49 470
50 465
51 433
52 422
53 419
54 360
55 390
56 357
57 319
58 357
59 338
60 340
61 306
62 306
63 299
64 309
65 266
66 273
67 310
68 280
69 266
70 294
71 241
72 218
73 225
74 248
75 239
76 230
77 225
78 208
79 194
80 188
81 200
82 200
83 159
84 206
85 187
86 199
87 182
88 165
89 164
90 157
91 178
92 149
93 153
94 145
95 141
96 162
97 134
98 112
99 150
100 153
101 128
102 143
103 127
104 136
105 113
106 117
107 116
108 115
109 100
110 111
111 110
112 113
113 98
114 110
115 104
116 102
117 102
118 98
119 94
120 87
121 98
122 102
123 88
124 96
125 87
126 87
127 83
128 86
129 80
130 77
131 84
132 72
133 81
134 81
135 95
136 90
137 80
138 80
139 67
140 71
141 81
142 63
143 69
144 67
145 75
146 75
147 66
148 69
149 67
150 59
151 62
152 64
153 74
154 71
155 54
156 82
157 67
158 69
159 69
160 71
161 55
162 60
163 56
164 57
165 64
166 57
167 40
168 64
169 50
170 53
171 52
172 44
173 46
174 56
175 47
176 59
177 47
178 55
179 40
180 53
181 47
182 31
183 44
184 51
185 48
186 50
187 48
188 40
189 46
190 46
191 48
192 42
193 35
194 54
195 49
196 43
197 42
198 38
199 46
200 31
201 49
202 33
203 35
204 34
205 32
206 35
207 29
208 38
209 40
210 31
211 42
212 32
213 39
214 38
215 29
216 26
217 33
218 32
219 29
220 37
221 30
222 30
223 29
224 28
225 35
226 28
227 40
228 31
229 25
230 34
231 32
232 24
233 28
234 31
235 35
236 25
237 22
238 27
239 22
240 29
241 30
242 32
243 23
244 31
245 28
246 24
247 22
248 33
249 33
250 39
251 22
252 26
253 40
254 19
255 24
256 23
257 17
258 32
259 21
260 23
261 27
262 25
263 21
264 21
265 18
266 13
267 20
268 22
269 27
270 23
271 17
272 27
273 25
274 29
275 16
276 29
277 15
278 27
279 19
280 12
281 14
282 20
283 22
284 19
285 25
286 21
287 19
288 29
289 29
290 16
291 17
292 14
293 20
294 19
295 16
296 17
297 17
298 15
299 18
300 24
301 21
302 16
303 16
304 18
305 21
306 19
307 20
308 19
309 20
310 15
311 22
312 25
313 20
314 19
315 10
316 15
317 30
318 25
319 17
320 14
321 17
322 20
323 15
324 12
325 12
326 20
327 10
328 14
329 20
330 19
331 17
332 12
333 14
334 12
335 12
336 9
337 17
338 16
339 7
340 16
341 23
342 23
343 15
344 11
345 19
346 16
347 7
348 12
349 13
350 13
351 14
352 9
353 9
354 11
355 11
356 14
357 16
358 16
359 10
360 11
361 11
362 11
363 13
364 9
365 18
366 9
367 13
368 9
369 7
370 11
371 15
372 13
373 12
374 14
375 19
376 6
377 14
378 13
379 9
380 13
381 14
382 17
383 9
384 10
385 17
386 10
387 9
388 16
389 11
390 10
391 13
392 11
393 6
394 7
395 11
396 14
397 20
398 13
399 13
400 15
401 12
402 13
403 8
404 9
405 14
406 10
407 15
408 9
409 17
410 13
411 15
412 8
413 17
414 16
415 11
416 12
417 7
418 13
419 7
420 7
421 9
422 12
423 10
424 11
425 10
426 7
427 14
428 12
429 14
430 9
431 8
432 7
433 9
434 6
435 14
436 2
437 10
438 9
439 9
440 7
441 8
442 7
443 16
444 13
445 11
446 6
447 18
448 8
449 8
450 7
451 6
452 7
453 9
454 16
455 7
456 11
457 6
458 8
459 10
460 4
461 10
462 7
463 6
464 9
465 8
466 9
467 9
468 7
469 10
470 11
471 10
472 6
473 6
474 4
475 8
476 9
477 8
478 9
479 9
480 7
481 3
482 4
483 6
484 4
485 8
486 4
487 4
488 11
489 7
490 5
491 4
492 16
493 8
494 9
495 7
496 10
497 2
498 7
499 3
500 11
501 6
502 7
503 4
504 2
505 4
506 3
507 3
508 10
509 2
510 7
511 5
512 12
513 7
514 4
515 6
516 6
517 4
518 5
519 5
520 5
521 4
522 3
523 5
524 6
525 3
526 2
527 7
528 1
529 10
530 8
531 5
532 6
533 4
534 4
535 7
536 9
537 2
538 6
539 1
540 6
541 3
542 7
543 7
544 4
545 9
546 7
547 5
548 6
549 4
550 6
551 5
552 4
553 5
554 5
555 6
556 8
557 5
558 6
559 9
560 3
561 7
562 5
563 10
564 2
565 6
566 5
567 7
568 10
569 8
570 9
571 5
572 10
573 2
574 4
575 7
576 4
578 7
579 2
580 3
581 3
582 6
583 4
584 4
585 2
586 4
587 7
588 4
589 4
590 7
591 4
592 4
593 5
594 8
595 6
596 7
597 7
598 10
599 8
600 5
601 4
602 7
603 6
604 7
605 5
606 4
607 6
608 3
609 3
610 3
611 4
612 4
613 3
614 3
615 6
616 5
617 1
618 6
619 7
620 2
621 6
622 4
623 6
624 5
625 5
626 3
627 4
628 3
629 4
630 4
631 5
632 3
633 3
634 3
635 3
636 3
637 2
638 5
639 3
640 3
641 1
642 5
643 2
644 2
645 3
646 2
647 6
648 8
649 6
650 1
651 5
652 6
653 4
654 5
655 2
656 6
657 4
658 7
659 3
660 4
661 2
662 9
663 1
664 2
665 3
666 6
667 1
668 3
669 3
670 5
671 4
672 5
673 5
674 1
675 1
676 2
677 4
678 6
679 3
680 2
681 1
682 3
683 7
684 4
685 6
686 3
687 3
688 1
689 1
690 4
691 1
692 4
694 2
695 2
696 7
697 1
698 2
699 4
700 2
701 5
702 4
703 2
704 4
705 3
706 4
707 5
708 2
709 3
710 2
711 2
712 3
713 3
714 1
715 1
716 1
717 1
718 5
719 5
720 4
721 2
722 5
723 3
724 2
725 8
726 4
727 6
728 2
729 2
730 4
731 3
732 3
733 2
734 5
735 2
736 1
737 4
738 6
739 3
740 2
741 2
742 2
743 5
744 3
745 4
746 3
747 4
748 2
749 3
750 2
751 3
752 2
753 2
754 4
755 1
756 4
757 3
758 1
759 2
760 7
761 1
762 3
763 1
764 5
766 6
767 1
768 1
769 2
770 1
771 3
772 6
773 5
774 3
776 2
777 1
778 2
779 2
780 2
782 5
783 2
784 6
785 1
786 2
787 2
788 3
789 6
790 1
791 3
792 5
793 2
794 2
797 3
798 1
799 8
800 2
801 2
804 2
805 1
806 1
807 4
808 2
809 1
810 3
811 2
812 4
813 2
814 1
815 4
817 2
818 2
820 2
821 1
822 1
823 1
825 1
826 2
827 1
828 1
829 2
830 3
831 1
832 5
833 2
834 1
835 2
836 2
837 2
838 1
840 1
842 2
843 2
845 3
846 1
848 1
849 2
850 2
851 2
852 1
853 1
854 2
855 4
856 2
858 2
859 3
860 1
861 4
863 1
864 2
865 1
866 3
867 1
868 2
869 1
870 1
871 3
874 4
875 1
876 3
877 4
878 6
879 5
880 1
883 3
884 4
885 1
888 2
889 1
890 2
891 2
893 3
894 1
895 2
896 1
897 2
898 2
900 3
902 2
903 2
904 1
906 2
908 1
909 2
910 3
912 2
915 4
916 4
918 4
919 3
920 1
922 4
923 2
924 2
926 2
927 1
929 1
931 2
932 1
933 1
934 2
935 1
937 2
938 2
939 2
940 1
941 1
942 3
943 3
944 1
947 2
948 1
949 4
950 1
951 2
953 4
954 3
955 2
956 1
957 2
958 1
961 1
962 4
964 1
965 2
967 1
969 3
970 2
973 1
974 3
975 1
976 3
978 1
979 1
980 2
983 4
984 1
985 2
986 1
987 1
988 1
989 1
990 3
991 2
993 1
994 3
995 1
996 2
997 1
999 2
1000 3
1002 1
1003 3
1004 2
1005 1
1006 1
1007 2
1008 4
1009 1
1010 2
1011 1
1012 1
1014 1
1016 1
1018 1
1019 2
1022 3
1023 1
1025 1
1026 1
1027 3
1029 1
1030 2
1033 1
1035 1
1036 3
1038 1
1041 4
1043 4
1044 4
1046 1
1047 1
1048 1
1049 2
1050 1
1051 1
1052 1
1053 1
1054 1
1055 3
1057 1
1058 1
1059 2
1060 3
1061 4
1064 2
1067 2
1068 1
1069 1
1070 2
1072 1
1073 1
1074 1
1075 2
1076 1
1078 1
1080 1
1081 2
1083 1
1084 2
1085 1
1086 1
1087 1
1089 1
1090 2
1091 1
1092 2
1093 2
1094 1
1095 2
1096 1
1097 1
1100 1
1102 1
1103 1
1104 1
1105 3
1106 4
1107 2
1108 1
1110 1
1111 1
1114 1
1116 3
1121 1
1122 2
1123 1
1124 2
1125 2
1127 2
1129 1
1130 3
1131 2
1132 2
1134 1
1136 1
1138 1
1139 1
1143 1
1146 2
1148 2
1150 2
1151 1
1152 1
1154 1
1155 3
1156 1
1158 1
1159 1
1160 1
1161 1
1162 2
1163 2
1165 2
1166 1
1167 1
1168 1
1169 1
1170 3
1171 1
1172 2
1173 4
1174 1
1175 2
1183 3
1184 1
1186 3
1191 1
1192 3
1193 2
1194 2
1195 2
1197 2
1201 1
1202 1
1205 2
1210 2
1211 1
1213 2
1214 1
1215 2
1216 1
1219 2
1221 1
1222 2
1223 1
1224 3
1226 1
1227 3
1228 1
1231 2
1233 1
1234 1
1237 2
1238 1
1239 2
1242 1
1244 1
1249 2
1250 1
1251 1
1252 1
1255 2
1257 2
1258 2
1260 1
1261 1
1263 1
1264 1
1265 1
1267 1
1270 2
1271 2
1272 1
1273 1
1276 1
1279 3
1282 1
1283 1
1284 1
1285 1
1286 2
1287 1
1291 1
1292 1
1293 1
1295 1
1300 1
1301 1
1302 1
1303 3
1305 1
1306 1
1310 2
1311 1
1313 1
1314 1
1317 3
1318 1
1319 2
1320 1
1325 2
1326 1
1329 1
1331 2
1332 1
1333 2
1335 2
1336 1
1338 1
1339 1
1341 1
1343 1
1344 1
1346 1
1347 1
1348 1
1349 1
1350 2
1352 1
1353 2
1354 1
1355 1
1356 2
1359 3
1364 1
1365 1
1366 1
1367 1
1368 1
1370 3
1371 2
1372 1
1373 1
1374 1
1378 1
1381 1
1382 2
1383 1
1386 1
1387 1
1389 1
1391 3
1392 1
1397 1
1398 3
1399 1
1401 2
1405 1
1406 2
1418 2
1420 1
1422 1
1429 1
1431 1
1432 1
1435 1
1436 1
1437 1
1438 3
1443 2
1444 1
1447 2
1448 1
1449 2
1452 1
1453 2
1454 1
1457 2
1459 1
1461 2
1464 1
1465 1
1467 1
1468 1
1469 2
1470 1
1473 1
1477 1
1478 1
1482 2
1483 1
1491 1
1492 2
1493 1
1494 1
1497 1
1499 1
1502 1
1503 1
1505 1
1511 1
1513 1
1514 1
1517 1
1518 2
1521 1
1522 1
1528 2
1531 1
1533 1
1534 1
1540 1
1543 1
1548 1
1556 2
1557 1
1558 1
1559 1
1561 2
1562 2
1568 1
1572 2
1581 1
1584 1
1585 2
1586 1
1588 1
1589 1
1597 2
1598 2
1599 1
1601 2
1603 1
1605 2
1606 1
1607 1
1608 1
1613 2
1614 1
1617 1
1622 2
1628 1
1630 2
1634 1
1636 3
1643 1
1654 1
1660 1
1663 2
1664 1
1665 1
1667 1
1670 2
1677 1
1679 1
1682 1
1683 1
1688 1
1689 1
1690 1
1693 2
1696 1
1698 2
1699 1
1704 2
1708 1
1709 1
1710 1
1712 1
1716 1
1717 1
1720 2
1721 1
1722 1
1723 1
1724 1
1730 2
1740 1
1742 2
1743 1
1745 1
1750 1
1751 1
1754 1
1757 1
1766 1
1770 1
1771 1
1779 1
1780 1
1784 1
1785 1
1788 1
1791 1
1793 1
1794 1
1796 1
1799 1
1800 1
1802 1
1807 1
1808 1
1809 1
1815 1
1817 1
1818 1
1823 2
1839 1
1845 1
1846 1
1847 1
1848 1
1852 1
1853 1
1856 1
1857 1
1862 2
1864 1
1866 1
1867 1
1868 1
1870 1
1873 1
1880 1
1883 1
1884 1
1885 1
1886 1
1890 1
1911 1
1913 1
1920 1
1927 1
1928 4
1930 1
1931 1
1932 1
1935 1
1940 1
1943 1
1944 1
1945 1
1946 1
1948 1
1956 2
1958 2
1959 1
1969 1
1973 2
1978 1
2002 1
2004 1
2009 1
2014 1
2017 1
2018 1
2025 1
2027 1
2036 1
2037 1
2039 1
2045 1
2050 1
2052 1
2060 1
2072 2
2076 1
2077 1
2079 2
2084 1
2085 1
2088 1
2097 1
2098 1
2107 1
2111 1
2119 1
2120 1
2131 1
2135 1
2136 1
2156 1
2162 1
2163 1
2167 1
2168 1
2172 1
2199 1
2204 1
2209 1
2211 1
2222 1
2224 1
2234 1
2236 1
2267 1
2268 1
2275 1
2276 1
2279 1
2281 1
2289 1
2290 1
2296 1
2298 1
2307 2
2312 1
2323 1
2326 1
2332 1
2337 1
2342 1
2343 1
2350 1
2357 2
2359 1
2360 1
2390 1
2398 1
2404 2
2415 1
2425 1
2429 1
2442 1
2444 1
2446 1
2449 1
2456 2
2457 1
2458 1
2463 1
2465 1
2473 1
2475 2
2481 2
2483 1
2513 1
2520 2
2526 1
2528 1
2549 1
2553 1
2573 1
2586 2
2595 1
2597 1
2598 1
2599 1
2601 1
2603 1
2610 1
2622 1
2630 1
2631 1
2646 1
2657 1
2665 1
2667 1
2679 1
2706 1
2715 1
2740 1
2742 1
2748 1
2755 1
2766 1
2774 1
2796 1
2805 1
2813 1
2827 1
2832 1
2835 1
2843 1
2852 1
2858 1
2869 1
2870 1
2888 2
2910 1
2912 2
2931 2
2932 1
2934 1
2940 1
2950 2
2951 1
2953 1
2970 1
2992 1
3004 1
3013 1
3017 1
3020 1
3035 1
3046 1
3062 1
3073 1
3078 1
3141 2
3151 1
3183 1
3233 1
3234 1
3252 1
3273 1
3295 1
3319 1
3333 1
3347 1
3368 1
3370 1
3378 1
3390 1
3406 1
3425 1
3443 1
3458 1
3463 1
3494 1
3501 1
3526 1
3531 1
3575 1
3590 1
3598 1
3612 1
3633 1
3643 1
3694 1
3705 1
3765 1
3832 1
3846 1
3855 1
3908 1
3931 1
3953 1
3972 1
3980 1
4006 1
4024 1
4032 1
4095 1
4132 1
4189 1
4192 1
4202 1
4206 1
4229 1
4232 1
4413 1
4433 1
4448 1
4519 1
4529 1
4569 1
4607 1
4624 1
4641 1
4643 1
4666 1
4796 1
5052 1
5227 1
5384 1
5408 1
5429 1
5450 1
5484 1
5514 1
5523 1
5572 1
5699 1
5763 1
5810 1
5815 1
5825 1
5841 1
5923 1
5939 1
5990 1
6303 1
6426 1
6495 1
6715 1
6726 1
6781 1
6885 1
6934 1
7139 1
7182 1
7218 1
7267 1
7293 1
7346 1
7403 1
7412 1
7610 1
7979 1
7982 1
8038 1
8367 1
8368 1
8973 1
9073 1
9466 1
9541 1
9736 1
9773 1
9783 1
9951 1
10144 1
10919 1
11097 1
11311 1
13019 1
13702 1
14131 1
14349 1
14854 1
15585 1
15653 1
18252 1
23486 1
32324 1
34976 1
55473 1
81752 1
90125 1
