1 16131387
2 1439787
3 376851
4 168286
5 94372
6 61354
7 42570
8 31448
9 23995
10 19391
11 15419
12 12892
13 10764
14 9288
15 7976
16 6926
17 6073
18 5221
19 4791
20 4308
21 3951
22 3352
23 3132
24 2884
25 2660
26 2515
27 2143
28 2040
29 1863
30 1780
31 1638
32 1469
33 1333
34 1325
35 1254
36 1161
37 1011
38 989
39 929
40 919
41 888
42 826
43 749
44 732
45 707
46 634
47 627
48 599
49 602
50 572
51 516
52 477
53 479
54 446
55 416
56 421
57 405
58 391
59 350
60 350
61 326
62 334
63 298
64 304
65 273
66 262
67 279
68 234
69 256
70 227
71 248
72 213
73 196
74 230
75 209
76 210
77 190
78 193
79 167
80 180
81 157
82 164
83 189
84 145
85 160
86 169
87 148
88 142
89 137
90 129
91 139
92 115
93 143
94 122
95 125
96 108
97 125
98 100
99 111
100 114
101 116
102 102
103 97
104 92
105 92
106 85
107 86
108 72
109 75
110 76
111 71
112 85
113 78
114 89
115 85
116 76
117 71
118 60
119 62
120 57
121 70
122 56
123 56
124 52
125 49
126 47
127 51
128 55
129 56
130 53
131 47
132 50
133 54
134 54
135 43
136 48
137 38
138 61
139 46
140 46
141 40
142 35
143 45
144 51
145 39
146 46
147 54
148 32
149 48
150 29
151 32
152 39
153 44
154 28
155 30
156 39
157 34
158 26
159 29
160 25
161 20
162 28
163 24
164 23
165 28
166 28
167 26
168 22
169 33
170 21
171 21
172 25
173 30
174 22
175 27
176 23
177 24
178 18
179 21
180 23
181 20
182 22
183 20
184 20
185 19
186 21
187 13
188 23
189 15
190 19
191 12
192 20
193 18
194 20
195 10
196 11
197 20
198 17
199 17
200 16
201 12
202 19
203 12
204 16
205 14
206 20
207 24
208 15
209 19
210 19
211 13
212 20
213 16
214 8
215 16
216 11
217 17
218 15
219 15
220 11
221 10
222 15
223 6
224 10
225 8
226 10
227 12
228 6
229 7
230 9
231 18
232 12
233 7
234 8
235 7
236 9
237 9
238 12
239 15
240 6
241 8
242 13
243 4
244 6
245 13
246 9
247 7
248 8
249 11
250 11
251 14
252 8
253 6
254 8
255 12
256 5
257 8
258 10
259 6
260 4
261 8
262 6
263 8
264 9
265 7
266 8
267 8
268 5
269 8
270 7
271 5
272 7
273 7
274 11
275 7
276 4
277 8
278 7
279 9
280 4
281 4
282 8
283 9
284 5
285 6
286 4
287 6
288 5
289 6
290 2
291 10
292 4
293 7
294 4
295 5
296 4
297 4
298 3
299 10
300 8
301 7
302 8
303 7
304 5
305 5
306 6
307 6
308 7
309 3
310 3
311 8
312 1
313 8
314 9
315 7
316 3
317 1
318 3
319 3
320 3
321 4
322 2
323 2
324 7
325 2
326 3
327 3
328 2
329 4
330 5
331 5
332 6
333 1
334 5
335 4
336 7
337 3
338 3
339 1
340 2
341 3
342 2
343 3
344 2
345 4
346 1
347 2
348 7
349 8
350 1
351 2
352 3
353 1
354 2
356 2
357 3
358 2
360 5
361 2
362 6
363 3
364 1
365 4
366 4
367 2
368 2
369 3
370 5
371 2
372 3
373 1
374 2
375 2
376 7
378 6
379 2
380 2
381 2
383 1
384 2
385 4
386 2
388 1
389 4
390 3
391 1
392 2
393 2
394 1
396 3
397 1
398 3
399 4
400 5
401 1
403 3
404 3
405 3
406 2
407 4
408 1
409 1
410 3
411 2
412 1
413 2
414 4
415 1
417 3
418 3
419 2
420 2
421 1
422 2
423 1
424 3
426 4
427 1
428 3
429 1
431 1
432 2
433 2
434 1
435 3
436 1
437 1
438 1
439 2
442 2
443 4
444 2
445 1
446 1
447 3
449 1
452 1
453 1
454 1
456 4
457 1
460 1
461 4
462 1
465 3
466 1
467 3
469 4
470 1
471 1
472 1
474 5
475 2
476 1
478 1
480 1
481 4
482 1
483 3
484 1
486 1
487 1
488 2
490 1
491 1
494 2
497 2
498 1
500 1
502 3
505 1
510 1
514 3
515 2
518 1
521 3
522 1
523 1
524 3
526 2
527 1
529 5
530 2
533 2
535 3
538 2
539 1
540 1
541 1
542 1
543 1
547 1
548 3
549 1
554 1
555 1
557 1
560 2
562 2
563 1
566 1
578 2
582 1
584 1
585 1
588 1
589 1
593 2
595 2
596 1
597 1
598 1
599 1
601 1
605 1
608 2
609 1
610 1
612 1
616 1
617 1
618 2
620 1
622 1
628 1
632 1
633 1
636 1
643 1
647 1
652 1
654 1
657 1
658 1
661 2
667 2
669 1
670 1
679 1
680 1
683 1
685 1
687 1
688 1
689 1
696 2
702 2
706 1
708 1
716 2
730 1
731 1
736 1
743 1
745 1
747 1
753 1
754 1
759 1
762 1
765 1
770 1
775 1
781 1
783 1
788 1
790 1
791 1
792 1
797 1
800 1
802 1
806 1
808 1
814 1
816 1
817 1
825 1
828 1
829 1
833 1
839 1
842 1
844 2
849 1
850 1
855 1
861 1
864 1
867 1
881 1
890 1
896 1
898 1
906 1
917 1
921 1
940 1
946 1
947 1
953 1
957 1
960 1
978 1
995 1
1000 1
1005 2
1007 1
1010 1
1021 1
1041 1
1048 1
1062 1
1084 1
1096 1
1103 1
1122 1
1138 1
1223 1
1226 1
1232 1
1245 1
1263 1
1276 1
1286 1
1335 1
1336 1
1369 1
1412 1
1458 1
1483 1
1525 1
1627 1
1711 1
1762 1
1793 1
1898 1
1915 1
1985 1
1987 1
1994 1
2299 1
2343 1
2388 1
2620 1
2676 1
2749 1
2765 1
3303 1
3577 1
4052 1
4292 1
7295 1
12395 1
14245627 1
