1 21372192
2 1565009
3 393741
4 176174
5 100783
6 66296
7 46759
8 35294
9 27444
10 22679
11 18204
12 15468
13 13184
14 11603
15 10076
16 8893
17 7830
18 6875
19 6384
20 5702
21 5291
22 4598
23 4275
24 4049
25 3684
26 3417
27 3169
28 2909
29 2689
30 2568
31 2354
32 2239
33 2004
34 1972
35 1897
36 1750
37 1590
38 1542
39 1469
40 1450
41 1414
42 1314
43 1193
44 1204
45 1152
46 1017
47 1018
48 970
49 963
50 945
51 884
52 810
53 841
54 779
55 727
56 788
57 657
58 663
59 625
60 652
61 589
62 573
63 540
64 562
65 496
66 488
67 502
68 477
69 477
70 459
71 454
72 406
73 379
74 402
75 405
76 415
77 355
78 374
79 365
80 314
81 337
82 353
83 314
84 288
85 328
86 338
87 308
88 270
89 277
90 278
91 239
92 260
93 249
94 265
95 262
96 247
97 226
98 216
99 218
100 233
101 215
102 220
103 207
104 202
105 193
106 165
107 207
108 161
109 174
110 166
111 190
112 172
113 155
114 172
115 184
116 154
117 151
118 141
119 157
120 141
121 125
122 128
123 146
124 135
125 144
126 140
127 108
128 120
129 109
130 119
131 109
132 110
133 125
134 127
135 118
136 109
137 117
138 113
139 113
140 103
141 113
142 100
143 93
144 118
145 101
146 112
147 117
148 86
149 92
150 110
151 90
152 96
153 106
154 71
155 90
156 96
157 83
158 95
159 91
160 62
161 74
162 85
163 79
164 75
165 90
166 77
167 76
168 67
169 83
170 66
171 73
172 77
173 70
174 66
175 64
176 58
177 57
178 51
179 65
180 58
181 44
182 69
183 45
184 65
185 63
186 50
187 62
188 59
189 50
190 48
191 46
192 57
193 59
194 51
195 52
196 43
197 58
198 58
199 41
200 55
201 50
202 48
203 38
204 46
205 39
206 51
207 37
208 47
209 48
210 46
211 56
212 49
213 40
214 47
215 55
216 39
217 49
218 33
219 39
220 34
221 33
222 42
223 38
224 32
225 29
226 27
227 46
228 30
229 43
230 33
231 38
232 30
233 33
234 28
235 41
236 35
237 39
238 22
239 29
240 38
241 34
242 31
243 34
244 30
245 32
246 34
247 26
248 36
249 32
250 41
251 40
252 28
253 36
254 41
255 37
256 28
257 33
258 37
259 22
260 26
261 35
262 27
263 37
264 31
265 25
266 21
267 24
268 24
269 24
270 34
271 15
272 31
273 24
274 35
275 20
276 29
277 32
278 28
279 24
280 23
281 18
282 26
283 27
284 20
285 25
286 22
287 25
288 25
289 29
290 24
291 23
292 18
293 17
294 22
295 21
296 16
297 13
298 29
299 24
300 20
301 27
302 24
303 27
304 28
305 19
306 24
307 17
308 21
309 14
310 25
311 21
312 23
313 29
314 25
315 20
316 15
317 12
318 17
319 20
320 23
321 15
322 19
323 18
324 16
325 15
326 10
327 15
328 18
329 23
330 19
331 13
332 22
333 17
334 16
335 14
336 16
337 8
338 12
339 10
340 24
341 20
342 14
343 18
344 17
345 19
346 9
347 14
348 18
349 21
350 14
351 12
352 16
353 8
354 14
355 8
356 16
357 10
358 16
359 9
360 13
361 14
362 13
363 15
364 13
365 14
366 16
367 13
368 7
369 9
370 16
371 12
372 10
373 12
374 11
375 18
376 16
377 16
378 12
379 9
380 19
381 7
382 13
383 9
384 17
385 13
386 15
387 11
388 10
389 9
390 19
391 16
392 10
393 9
394 9
395 12
396 6
397 17
398 7
399 11
400 17
401 11
402 15
403 11
404 12
405 10
406 10
407 15
408 7
409 8
410 10
411 14
412 6
413 11
414 9
415 11
416 10
417 14
418 17
419 8
420 10
421 14
422 16
423 8
424 9
425 9
426 12
427 11
428 10
429 6
430 9
431 7
432 7
433 6
434 6
435 14
436 17
437 4
438 8
439 12
440 7
441 6
442 9
443 11
444 7
445 6
446 7
447 14
448 10
449 7
450 5
451 14
452 7
453 12
454 8
455 5
456 13
457 4
458 13
459 9
460 6
461 14
462 4
463 6
464 5
465 6
466 6
467 13
468 7
469 9
470 12
471 12
472 10
473 6
474 6
475 9
476 6
477 6
478 6
479 11
480 8
481 8
482 5
483 10
484 4
485 7
486 10
487 8
488 4
489 8
490 15
491 8
492 6
493 4
494 6
495 9
496 9
497 8
498 4
499 8
500 7
501 7
502 6
503 3
504 4
505 3
506 5
507 4
508 7
509 2
510 4
511 9
512 8
513 3
514 12
515 6
516 6
517 5
518 3
519 4
520 5
521 6
522 5
523 12
524 8
525 4
526 3
527 4
528 4
529 9
530 3
531 6
532 3
533 4
534 2
535 5
536 5
537 3
538 7
539 7
540 9
541 4
542 8
543 3
544 1
545 4
546 8
547 4
548 8
549 7
550 5
551 1
552 8
553 1
554 5
555 4
556 2
557 2
558 8
559 3
560 5
561 6
562 7
563 7
564 6
565 2
566 9
568 7
569 6
570 6
571 6
572 2
573 7
574 6
575 5
576 3
577 6
578 2
579 8
580 3
581 3
582 3
583 4
584 6
585 6
586 4
587 7
588 3
589 3
590 4
591 3
592 5
593 4
594 4
595 4
596 4
597 2
598 7
599 6
600 6
601 3
602 3
603 4
604 5
605 3
606 6
607 3
608 4
609 6
610 6
611 4
612 5
613 1
614 5
615 2
616 4
617 5
618 4
619 6
620 5
621 3
622 8
623 2
624 6
625 2
626 4
627 5
628 5
629 1
630 1
631 5
633 4
634 6
635 5
636 3
637 4
638 6
639 6
640 2
641 6
642 2
643 3
644 3
645 4
646 3
647 2
648 7
649 5
650 2
651 2
652 4
653 3
654 4
655 3
656 3
657 2
658 3
659 2
660 3
661 6
662 6
663 5
664 3
665 2
666 4
667 3
668 2
669 1
670 3
671 3
672 1
674 5
676 3
677 2
678 3
679 3
680 3
681 4
682 3
683 8
684 3
685 6
686 1
687 5
688 5
689 7
690 6
691 4
692 2
694 5
695 5
696 3
697 4
698 4
699 3
700 2
701 4
702 7
703 2
704 4
705 5
706 2
707 3
708 6
709 3
710 3
711 8
712 1
713 2
714 2
715 4
716 6
717 2
718 6
719 3
720 2
721 4
722 3
723 3
724 4
725 4
726 4
727 2
728 4
729 4
730 4
731 3
732 4
733 3
734 4
735 4
736 3
737 3
738 2
739 3
740 1
741 2
742 2
743 1
744 3
745 1
746 3
747 2
748 8
749 2
750 3
751 3
752 6
753 3
754 2
755 2
756 1
757 2
758 4
759 5
760 1
761 4
762 4
763 3
764 6
765 5
766 3
768 1
769 2
770 3
771 2
773 4
774 1
776 2
777 2
778 4
779 3
780 1
781 2
782 3
783 3
784 2
785 3
786 4
787 3
788 5
789 3
790 2
791 1
792 1
793 2
794 3
795 3
796 1
797 3
798 4
799 2
801 3
802 1
803 1
804 4
805 1
806 3
807 4
808 4
809 1
810 3
811 2
812 1
813 3
814 1
815 3
816 4
817 1
818 5
819 1
820 2
821 2
822 2
823 2
824 2
826 3
828 3
829 1
830 4
831 1
832 5
833 3
834 2
835 1
836 2
837 2
838 4
839 2
840 3
841 1
842 1
843 2
844 1
845 4
846 2
847 1
848 3
849 3
852 3
854 2
855 2
856 7
858 2
859 2
860 4
861 1
862 1
863 2
864 1
866 4
867 3
869 2
870 1
874 3
875 3
876 1
877 3
878 1
879 1
880 2
881 4
882 4
883 1
884 1
885 5
886 2
887 1
888 3
889 3
890 1
891 1
892 1
893 3
894 2
895 2
896 1
897 3
898 1
899 6
901 2
902 2
903 1
905 2
906 1
907 1
908 2
909 2
910 1
911 1
912 1
913 1
914 1
916 2
917 2
918 3
919 1
920 1
921 1
922 4
923 3
926 1
927 4
928 2
929 2
930 1
931 1
932 2
933 2
934 1
935 1
936 2
937 1
938 2
941 2
942 1
943 3
945 1
946 4
947 1
948 1
950 4
951 2
952 1
953 2
954 3
955 1
956 1
958 1
959 2
960 2
963 3
964 2
965 1
966 2
967 1
968 4
969 1
970 1
971 1
973 3
974 2
975 3
976 2
978 1
979 3
980 1
983 5
984 1
985 1
986 2
987 3
988 2
989 7
990 1
992 2
993 1
994 1
995 1
996 2
997 4
998 4
999 1
1000 2
1001 2
1002 2
1003 1
1004 3
1005 1
1006 2
1007 4
1009 1
1010 3
1011 2
1012 3
1013 1
1014 2
1015 1
1017 2
1018 1
1022 2
1023 3
1024 2
1026 1
1027 2
1028 2
1029 1
1030 1
1031 1
1032 1
1033 1
1035 2
1036 2
1037 1
1039 2
1042 2
1044 1
1045 2
1047 4
1048 3
1049 1
1051 1
1052 2
1053 1
1054 1
1055 2
1056 2
1057 2
1059 3
1060 1
1062 1
1063 1
1064 2
1065 1
1066 3
1067 1
1068 1
1070 1
1071 1
1072 2
1073 2
1074 3
1075 1
1076 1
1078 1
1079 2
1081 1
1082 1
1084 2
1086 2
1088 1
1090 1
1091 1
1092 1
1095 3
1097 2
1098 3
1100 1
1102 1
1103 2
1104 2
1105 1
1106 1
1107 1
1108 1
1110 1
1111 1
1112 1
1113 1
1114 1
1115 2
1118 1
1119 1
1120 2
1122 1
1123 1
1124 2
1129 2
1130 2
1131 1
1133 3
1134 2
1136 1
1137 1
1139 2
1140 4
1141 1
1142 1
1143 1
1144 1
1145 1
1146 1
1147 1
1151 2
1152 1
1153 2
1156 2
1158 1
1160 1
1161 2
1163 1
1164 4
1165 1
1166 1
1168 1
1172 1
1176 2
1179 1
1180 2
1181 1
1182 1
1183 1
1184 1
1185 1
1186 1
1190 1
1191 2
1192 1
1193 1
1195 2
1196 2
1197 1
1198 1
1203 1
1204 2
1205 1
1206 2
1207 2
1208 1
1209 2
1210 1
1211 2
1213 1
1216 1
1217 1
1218 2
1220 2
1222 1
1223 2
1224 3
1226 1
1228 1
1229 2
1231 2
1234 2
1236 1
1239 1
1241 2
1243 1
1245 1
1246 1
1248 1
1250 1
1251 1
1258 1
1260 2
1262 1
1263 1
1265 2
1270 1
1271 1
1272 2
1274 1
1275 1
1276 1
1278 1
1279 2
1280 1
1281 1
1283 1
1284 1
1289 1
1290 1
1292 1
1295 1
1298 3
1299 1
1302 1
1303 2
1304 1
1305 1
1306 1
1308 1
1314 2
1315 3
1316 2
1318 1
1320 1
1321 1
1323 3
1328 1
1329 2
1330 1
1332 1
1333 3
1336 3
1337 2
1339 2
1342 1
1346 1
1347 2
1350 3
1351 1
1352 1
1353 2
1354 1
1356 1
1357 1
1360 1
1362 1
1364 1
1366 2
1367 2
1368 1
1369 1
1370 3
1372 1
1377 1
1378 2
1386 1
1387 1
1388 1
1390 1
1393 3
1396 1
1398 1
1399 1
1400 1
1401 3
1404 2
1409 1
1410 2
1411 1
1412 2
1414 1
1415 1
1416 2
1420 1
1426 1
1427 1
1429 1
1430 1
1432 1
1434 1
1437 1
1438 2
1440 1
1441 1
1442 1
1443 1
1447 2
1450 2
1452 1
1454 2
1460 1
1461 1
1463 2
1464 1
1471 1
1473 1
1475 1
1484 1
1486 1
1487 1
1488 1
1491 1
1493 2
1495 1
1496 2
1497 1
1498 1
1500 1
1502 2
1503 1
1504 1
1508 1
1510 1
1513 1
1515 2
1517 1
1522 1
1525 1
1526 1
1528 3
1534 2
1536 1
1540 1
1541 1
1545 1
1551 1
1558 2
1560 1
1561 1
1563 1
1565 2
1567 1
1568 1
1569 1
1570 1
1580 1
1582 1
1585 1
1588 1
1589 1
1590 1
1591 1
1593 2
1594 1
1596 1
1597 1
1598 1
1601 2
1604 1
1607 1
1608 1
1610 1
1612 2
1614 1
1615 1
1619 1
1623 1
1627 1
1628 1
1631 1
1636 1
1642 1
1643 1
1644 1
1647 1
1648 1
1649 2
1651 1
1658 1
1660 1
1662 1
1664 1
1669 1
1671 1
1673 1
1679 1
1690 2
1691 1
1692 1
1695 2
1699 1
1700 1
1702 1
1703 1
1704 1
1705 1
1710 1
1711 1
1712 1
1714 2
1715 1
1717 1
1719 1
1725 1
1726 1
1727 2
1732 1
1737 3
1738 1
1742 3
1743 1
1755 3
1756 1
1757 1
1763 1
1766 1
1782 1
1783 1
1784 2
1786 1
1794 1
1796 1
1800 2
1801 2
1806 2
1812 1
1817 1
1818 1
1819 1
1821 1
1827 1
1833 1
1840 1
1842 1
1844 1
1846 1
1850 1
1854 1
1859 1
1860 1
1864 1
1870 1
1878 1
1880 1
1886 1
1888 2
1890 2
1892 2
1894 1
1895 1
1905 1
1906 1
1923 1
1936 1
1938 1
1939 2
1942 1
1945 1
1953 1
1957 1
1959 2
1968 1
1985 1
1986 1
1987 2
1989 1
1990 1
1995 1
1996 1
2001 1
2004 2
2007 1
2008 1
2015 1
2019 1
2023 1
2026 1
2028 1
2032 1
2037 1
2040 1
2041 1
2043 1
2051 1
2053 1
2065 1
2066 1
2069 1
2071 1
2073 2
2075 1
2085 1
2086 1
2090 1
2092 1
2103 1
2109 1
2114 1
2123 2
2125 1
2130 1
2137 1
2142 1
2158 1
2159 1
2165 1
2177 1
2178 1
2184 2
2188 1
2190 1
2196 1
2197 1
2208 1
2218 1
2219 1
2244 1
2259 1
2267 1
2276 1
2287 1
2295 1
2298 1
2302 1
2303 1
2313 1
2315 1
2320 1
2325 1
2330 2
2336 2
2344 1
2345 2
2361 1
2362 1
2367 1
2371 1
2380 1
2382 2
2424 1
2427 1
2431 1
2434 1
2442 1
2453 1
2458 1
2460 1
2472 1
2496 1
2498 1
2510 1
2515 1
2520 1
2527 1
2548 1
2558 1
2564 1
2573 1
2582 1
2587 1
2589 1
2590 2
2592 1
2593 1
2595 1
2606 1
2611 1
2620 1
2635 1
2643 1
2644 1
2676 1
2687 1
2693 1
2726 1
2732 1
2734 2
2739 2
2741 1
2752 1
2759 1
2767 2
2775 1
2777 1
2786 1
2816 1
2821 1
2830 2
2831 1
2843 1
2847 1
2857 1
2873 1
2880 1
2882 1
2885 1
2907 1
2919 1
2941 1
2957 1
2966 2
2976 1
2985 1
2989 1
3010 1
3047 1
3092 1
3109 1
3116 1
3138 1
3145 1
3159 1
3188 1
3191 1
3218 1
3249 1
3250 1
3267 1
3268 1
3299 1
3315 1
3325 1
3349 1
3351 2
3357 1
3374 1
3375 1
3385 1
3386 1
3398 1
3416 1
3429 1
3455 1
3458 1
3467 1
3472 1
3518 1
3526 2
3533 1
3536 1
3538 2
3546 1
3548 1
3576 1
3591 1
3612 2
3615 1
3626 1
3643 1
3656 1
3661 1
3682 1
3691 1
3748 1
3751 1
3752 1
3820 1
3840 1
3893 1
3902 1
3922 1
3955 1
3987 1
4029 1
4031 1
4051 1
4079 1
4089 1
4104 2
4117 1
4179 1
4235 1
4265 1
4312 1
4330 1
4363 1
4374 1
4386 1
4406 1
4503 1
4516 1
4524 1
4545 1
4550 1
4558 1
4574 1
4595 1
4601 1
4658 1
4659 1
4734 1
4823 1
4909 1
5047 1
5074 1
5084 1
5101 1
5177 1
5203 2
5242 1
5265 1
5282 1
5321 1
5423 1
5535 1
5582 1
5624 1
5697 1
5833 1
5852 1
5871 1
5873 1
5876 1
5884 1
6242 1
6353 1
6412 1
6608 1
6840 1
6875 1
6940 1
6955 1
7194 1
7258 1
7287 1
7293 1
7927 1
7998 1
8129 1
8179 1
8193 1
8211 1
8406 1
8628 1
8646 1
8843 1
8880 1
8921 1
8990 1
9443 1
9527 1
9545 1
9592 1
9862 1
10117 1
10839 1
12395 1
12786 1
13687 1
14375 1
14379 1
14515 1
16321 1
17433 1
18402 1
19884 1
20921 1
24451 1
29662 1
1624226 1
