1 76689382
2 4078708
3 990015
4 433469
5 246385
6 160242
7 114765
8 86029
9 67939
10 54811
11 45521
12 38276
13 32793
14 28506
15 24740
16 22099
17 19760
18 17572
19 15632
20 14220
21 12984
22 11952
23 10855
24 10015
25 9493
26 8640
27 7868
28 7278
29 6698
30 6521
31 6068
32 5609
33 5301
34 5025
35 4750
36 4391
37 4167
38 4037
39 3785
40 3527
41 3443
42 3263
43 3128
44 2933
45 2845
46 2771
47 2662
48 2446
49 2384
50 2273
51 2171
52 2056
53 2063
54 1930
55 1892
56 1792
57 1759
58 1760
59 1698
60 1531
61 1511
62 1496
63 1444
64 1460
65 1320
66 1311
67 1317
68 1278
69 1195
70 1185
71 1133
72 1086
73 1051
74 1021
75 1038
76 1030
77 994
78 917
79 884
80 834
81 888
82 841
83 859
84 805
85 738
86 774
87 765
88 716
89 694
90 665
91 677
92 651
93 656
94 591
95 572
96 596
97 561
98 553
99 509
100 589
101 547
102 510
103 521
104 503
105 519
106 477
107 457
108 460
109 459
110 451
111 423
112 439
113 438
114 390
115 422
116 424
117 416
118 392
119 406
120 372
121 390
122 377
123 350
124 317
125 348
126 350
127 323
128 297
129 310
130 317
131 323
132 325
133 286
134 291
135 296
136 277
137 285
138 274
139 264
140 282
141 284
142 270
143 254
144 258
145 243
146 247
147 249
148 226
149 229
150 225
151 228
152 213
153 212
154 208
155 213
156 214
157 205
158 216
159 208
160 212
161 197
162 196
163 205
164 199
165 185
166 186
167 155
168 191
169 179
170 188
171 164
172 178
173 173
174 167
175 151
176 169
177 182
178 169
179 171
180 148
181 172
182 154
183 156
184 166
185 139
186 153
187 149
188 150
189 130
190 137
191 142
192 131
193 141
194 154
195 122
196 136
197 105
198 116
199 117
200 134
201 136
202 103
203 98
204 109
205 96
206 112
207 101
208 128
209 123
210 111
211 136
212 105
213 119
214 109
215 113
216 98
217 82
218 101
219 88
220 95
221 95
222 116
223 80
224 95
225 106
226 95
227 94
228 84
229 98
230 88
231 94
232 104
233 91
234 92
235 90
236 93
237 75
238 89
239 69
240 80
241 84
242 87
243 67
244 92
245 51
246 70
247 97
248 64
249 74
250 79
251 62
252 84
253 86
254 89
255 61
256 76
257 76
258 65
259 53
260 64
261 69
262 67
263 80
264 69
265 70
266 64
267 62
268 51
269 60
270 54
271 61
272 53
273 53
274 62
275 58
276 70
277 62
278 58
279 53
280 59
281 62
282 65
283 57
284 55
285 53
286 45
287 59
288 49
289 43
290 48
291 52
292 47
293 53
294 43
295 45
296 56
297 49
298 54
299 53
300 47
301 49
302 43
303 44
304 53
305 48
306 42
307 47
308 56
309 47
310 36
311 45
312 47
313 41
314 45
315 39
316 57
317 37
318 49
319 43
320 36
321 36
322 41
323 55
324 38
325 41
326 47
327 47
328 37
329 33
330 32
331 36
332 43
333 43
334 32
335 43
336 32
337 34
338 32
339 44
340 46
341 42
342 38
343 27
344 31
345 24
346 44
347 34
348 32
349 24
350 35
351 46
352 42
353 29
354 37
355 25
356 31
357 23
358 37
359 29
360 29
361 26
362 44
363 31
364 35
365 33
366 29
367 19
368 17
369 29
370 35
371 17
372 27
373 29
374 27
375 29
376 30
377 35
378 27
379 24
380 28
381 37
382 29
383 22
384 29
385 11
386 34
387 20
388 38
389 25
390 23
391 28
392 27
393 29
394 22
395 21
396 26
397 19
398 24
399 28
400 25
401 21
402 24
403 21
404 14
405 29
406 21
407 31
408 23
409 17
410 26
411 18
412 22
413 20
414 18
415 22
416 17
417 26
418 19
419 24
420 20
421 20
422 24
423 17
424 30
425 19
426 23
427 17
428 19
429 14
430 23
431 22
432 17
433 25
434 20
435 15
436 16
437 13
438 31
439 36
440 12
441 20
442 12
443 9
444 16
445 18
446 27
447 19
448 21
449 21
450 18
451 15
452 18
453 23
454 12
455 22
456 16
457 21
458 17
459 18
460 16
461 22
462 22
463 10
464 18
465 14
466 13
467 18
468 20
469 22
470 14
471 11
472 20
473 19
474 17
475 23
476 13
477 15
478 11
479 18
480 25
481 15
482 12
483 14
484 16
485 15
486 13
487 12
488 14
489 21
490 14
491 13
492 19
493 15
494 11
495 8
496 17
497 9
498 14
499 14
500 14
501 19
502 18
503 9
504 21
505 10
506 7
507 14
508 12
509 16
510 14
511 16
512 15
513 7
514 13
515 11
516 11
517 17
518 18
519 14
520 10
521 14
522 13
523 9
524 11
525 17
526 11
527 8
528 13
529 9
530 9
531 14
532 13
533 8
534 16
535 12
536 12
537 11
538 13
539 5
540 15
541 6
542 15
543 15
544 6
545 5
546 6
547 6
548 8
549 8
550 15
551 8
552 9
553 9
554 9
555 9
556 12
557 13
558 7
559 7
560 12
561 15
562 10
563 11
564 10
565 9
566 7
567 5
568 7
569 15
570 8
571 17
572 11
573 14
574 9
575 11
576 10
577 8
578 10
579 11
580 13
581 6
582 13
583 4
584 11
585 6
586 12
587 10
588 9
589 8
590 9
591 18
592 10
593 9
594 8
595 9
596 11
597 8
598 15
599 12
600 12
601 6
602 14
603 11
604 5
605 8
606 11
607 6
608 6
609 11
610 14
611 8
612 3
613 3
614 5
615 6
616 9
617 9
618 6
619 9
620 7
621 10
622 8
623 8
624 8
625 5
626 8
627 13
628 10
629 9
630 11
631 5
632 10
633 6
634 6
635 7
636 7
637 8
638 10
639 6
640 4
641 3
642 10
643 6
644 8
645 13
646 11
647 6
648 7
649 7
650 4
651 8
652 3
653 5
654 8
655 6
656 7
657 8
658 7
659 6
660 14
661 5
662 7
663 8
664 6
665 11
666 5
667 9
668 3
669 8
670 6
671 7
672 3
673 8
674 10
675 1
676 6
677 10
678 6
679 9
680 5
681 6
682 1
683 5
684 5
685 5
686 9
687 9
688 6
689 5
690 2
691 7
692 4
693 6
694 6
695 5
696 5
697 5
698 8
699 3
700 4
701 8
702 2
703 8
704 10
705 2
706 6
707 7
708 4
709 8
710 4
711 6
712 2
713 5
714 3
715 10
716 7
717 4
718 2
719 4
720 7
721 5
722 4
723 4
724 6
725 4
726 4
727 4
728 4
729 3
730 3
731 6
732 10
733 4
734 4
735 5
736 7
737 4
738 5
739 5
740 5
741 6
742 7
743 3
744 6
745 8
746 3
747 7
748 4
749 10
750 5
751 5
752 5
753 9
754 5
755 6
756 8
757 8
758 2
759 4
761 2
762 4
763 4
764 2
765 2
766 5
767 5
768 8
769 4
770 2
771 4
772 7
773 4
774 3
775 4
776 9
777 5
778 5
779 4
780 4
781 4
782 2
783 3
784 5
785 4
786 5
787 8
788 5
789 3
790 6
791 10
792 1
793 5
794 3
795 5
796 4
797 2
798 4
799 3
800 4
801 5
802 3
803 6
804 3
805 2
806 5
807 8
808 1
809 3
810 2
811 2
812 3
813 5
814 6
815 3
816 4
817 6
818 2
819 4
820 4
821 7
822 4
823 4
824 1
825 1
826 8
827 1
828 3
829 5
830 3
831 3
832 1
833 6
834 7
835 5
836 2
837 4
838 1
839 4
840 4
842 2
843 5
844 3
845 5
846 5
847 1
848 3
849 3
850 3
851 2
852 5
853 3
854 1
855 3
856 4
857 4
858 6
859 2
860 1
861 5
862 6
863 3
864 5
865 3
867 2
868 5
869 3
870 1
871 3
872 4
873 2
874 6
875 3
876 4
877 3
878 2
879 2
880 4
881 2
882 4
884 3
885 6
886 2
887 4
888 3
889 3
891 4
892 6
893 5
894 5
895 3
896 1
897 2
898 2
899 2
900 3
901 2
902 3
903 2
904 2
905 2
906 2
907 5
908 3
909 1
911 2
912 3
913 4
914 4
915 1
916 1
917 3
918 4
919 4
920 5
921 1
922 2
923 2
924 2
925 4
926 4
927 3
928 4
929 2
930 1
931 3
932 3
933 3
934 6
935 1
936 2
937 2
938 3
939 3
940 1
941 3
942 2
943 4
944 3
945 4
946 2
947 2
948 1
949 2
950 2
951 4
952 5
953 2
954 4
955 3
956 2
957 2
959 2
960 4
962 4
963 2
965 4
966 1
967 2
968 3
969 2
970 2
971 2
972 2
973 1
974 1
975 1
976 2
978 2
979 2
980 4
981 2
982 3
983 3
984 1
985 2
986 2
988 4
989 1
990 2
992 3
993 1
994 1
995 1
996 3
998 3
1000 1
1001 1
1002 2
1003 3
1004 3
1005 1
1006 2
1007 2
1008 1
1009 3
1010 3
1011 1
1012 2
1013 1
1014 1
1015 1
1016 1
1017 2
1018 2
1019 5
1020 2
1021 1
1022 1
1023 1
1024 3
1025 2
1026 3
1028 4
1029 1
1030 3
1031 1
1033 2
1034 2
1035 1
1036 2
1037 3
1039 3
1040 1
1041 1
1042 6
1043 2
1044 2
1045 3
1046 2
1047 2
1048 2
1049 2
1050 1
1051 2
1052 1
1053 1
1054 2
1055 1
1056 1
1057 3
1058 2
1059 6
1060 3
1061 4
1062 1
1063 4
1064 3
1065 1
1066 2
1067 3
1068 2
1069 1
1070 1
1071 2
1072 4
1073 2
1074 1
1076 2
1077 3
1079 1
1080 2
1081 1
1082 1
1084 3
1086 1
1087 1
1088 2
1089 2
1090 3
1091 2
1092 4
1093 3
1094 2
1095 2
1096 1
1098 2
1099 3
1100 2
1102 2
1104 1
1105 2
1106 3
1107 2
1109 3
1110 3
1112 3
1113 1
1114 4
1116 2
1117 3
1118 2
1120 3
1121 1
1123 2
1125 1
1127 1
1128 1
1129 3
1130 2
1131 1
1132 3
1133 1
1134 4
1135 3
1136 1
1137 4
1138 2
1139 1
1140 1
1142 1
1145 2
1146 1
1147 1
1148 5
1149 1
1150 1
1151 1
1153 1
1154 5
1155 3
1156 4
1157 2
1158 1
1161 3
1162 2
1163 1
1164 2
1165 1
1166 2
1167 2
1169 1
1171 1
1172 1
1173 4
1174 2
1175 2
1176 2
1177 3
1179 1
1180 3
1181 2
1182 3
1184 2
1185 1
1186 3
1187 4
1189 3
1190 1
1191 2
1192 2
1193 3
1194 2
1195 1
1196 1
1198 1
1199 1
1201 1
1202 2
1204 2
1205 2
1206 1
1207 1
1208 2
1209 1
1210 1
1211 1
1213 1
1214 1
1215 1
1216 1
1217 1
1218 1
1219 1
1220 1
1221 2
1222 1
1225 1
1226 2
1227 1
1228 2
1229 1
1230 1
1231 1
1235 1
1236 1
1237 1
1238 4
1242 2
1243 1
1244 2
1245 5
1247 2
1248 1
1249 2
1250 1
1251 1
1256 2
1257 2
1258 2
1259 1
1260 3
1262 4
1264 1
1265 2
1266 1
1267 1
1268 1
1271 1
1272 1
1273 1
1274 1
1275 3
1276 2
1277 1
1278 5
1281 1
1285 2
1287 4
1289 1
1291 3
1292 1
1293 1
1294 2
1295 2
1296 4
1297 3
1298 2
1299 1
1300 1
1301 3
1302 1
1304 2
1305 1
1309 1
1310 2
1312 1
1314 1
1315 1
1316 1
1318 1
1319 1
1321 3
1322 2
1324 2
1325 2
1326 1
1327 1
1329 2
1330 1
1331 2
1332 1
1333 1
1334 2
1335 1
1337 1
1338 4
1339 2
1341 5
1342 1
1343 1
1345 1
1346 1
1347 2
1348 1
1350 1
1352 1
1353 1
1354 2
1355 1
1357 1
1359 3
1362 1
1363 1
1364 1
1366 2
1371 1
1372 3
1374 1
1376 1
1377 1
1378 1
1379 1
1382 2
1383 3
1384 1
1385 3
1388 1
1391 2
1392 2
1395 2
1396 1
1401 2
1402 2
1403 1
1404 2
1407 1
1408 2
1410 1
1411 2
1412 2
1415 2
1416 3
1418 1
1419 1
1420 2
1421 1
1422 1
1423 2
1424 4
1425 1
1428 1
1429 3
1432 3
1433 1
1434 1
1435 2
1436 3
1437 2
1439 1
1440 1
1441 1
1442 2
1443 2
1446 2
1449 1
1451 1
1452 1
1455 1
1456 1
1457 1
1458 1
1462 1
1463 2
1466 1
1467 4
1472 1
1473 2
1474 3
1477 1
1479 1
1480 2
1483 2
1485 2
1489 2
1491 1
1492 1
1493 1
1494 1
1495 4
1496 1
1500 2
1502 1
1504 1
1505 1
1507 3
1508 1
1510 1
1511 3
1512 2
1514 1
1518 2
1519 1
1521 1
1523 1
1524 1
1527 1
1534 1
1536 1
1537 1
1538 3
1539 1
1540 1
1542 1
1543 1
1549 1
1551 1
1552 2
1554 1
1555 1
1556 1
1557 1
1558 2
1560 1
1561 2
1562 1
1563 1
1564 1
1566 1
1572 1
1576 2
1578 3
1581 1
1586 1
1589 1
1591 1
1593 1
1594 2
1595 1
1596 1
1597 1
1599 1
1602 1
1603 1
1608 1
1610 1
1611 1
1614 1
1615 1
1617 1
1619 3
1628 1
1629 1
1631 1
1634 1
1639 2
1641 1
1642 1
1643 3
1647 1
1649 1
1650 1
1652 1
1655 1
1656 1
1657 2
1659 1
1660 1
1662 1
1663 3
1664 1
1665 2
1669 1
1670 1
1671 1
1672 2
1676 1
1677 1
1682 1
1687 1
1688 1
1691 1
1692 2
1695 2
1698 1
1700 1
1703 2
1704 1
1706 1
1714 1
1716 1
1717 1
1721 2
1724 3
1725 1
1727 2
1728 1
1729 2
1731 1
1732 1
1734 2
1735 1
1736 1
1737 1
1738 4
1739 1
1745 1
1752 1
1756 1
1757 2
1758 2
1759 1
1763 1
1765 2
1770 1
1771 2
1773 1
1774 1
1775 1
1776 1
1777 1
1779 1
1781 2
1788 3
1790 1
1791 1
1792 2
1793 1
1794 3
1806 1
1808 1
1812 1
1813 1
1814 1
1815 1
1816 1
1820 1
1822 2
1823 1
1824 4
1829 1
1835 1
1837 1
1838 1
1840 1
1844 1
1849 2
1853 1
1855 1
1856 1
1860 1
1861 1
1865 2
1868 1
1881 1
1883 1
1885 1
1887 1
1888 1
1889 2
1890 1
1891 1
1895 2
1898 2
1900 1
1909 1
1917 2
1923 1
1924 1
1927 2
1928 2
1929 1
1935 1
1936 1
1938 1
1939 1
1941 1
1944 1
1947 1
1951 1
1952 1
1953 1
1955 1
1960 1
1962 1
1964 1
1969 2
1977 1
1982 2
1983 2
1984 1
1988 1
1989 1
1992 1
2002 1
2010 1
2015 1
2016 1
2019 2
2023 1
2034 1
2036 2
2047 1
2050 1
2052 1
2064 1
2065 1
2067 1
2069 1
2070 1
2074 1
2075 2
2084 1
2090 1
2092 2
2095 1
2096 1
2098 2
2106 1
2107 1
2110 1
2117 1
2118 2
2124 1
2129 1
2131 2
2139 1
2144 2
2146 1
2156 1
2159 1
2162 1
2163 1
2164 1
2170 1
2171 1
2174 1
2175 1
2177 1
2178 1
2179 1
2180 1
2194 1
2201 1
2203 2
2205 1
2206 2
2213 1
2215 1
2219 1
2222 1
2234 1
2235 1
2248 1
2258 1
2262 1
2264 1
2268 1
2270 1
2271 1
2275 2
2276 1
2287 1
2290 1
2291 1
2296 2
2298 1
2301 1
2304 1
2307 1
2323 1
2325 1
2326 1
2327 2
2328 1
2329 3
2330 1
2338 1
2341 1
2342 1
2347 1
2354 2
2355 1
2362 1
2363 1
2368 1
2379 2
2381 1
2383 1
2384 1
2388 1
2390 1
2397 1
2399 1
2406 1
2412 1
2413 1
2416 1
2428 1
2430 1
2445 1
2446 1
2451 1
2454 1
2456 1
2457 1
2458 1
2478 1
2492 1
2493 1
2495 1
2498 1
2499 1
2500 1
2502 1
2503 1
2505 1
2507 1
2508 1
2511 1
2513 1
2519 1
2526 1
2528 1
2529 1
2534 1
2535 1
2536 1
2538 1
2539 1
2544 1
2547 1
2559 1
2566 1
2574 3
2582 1
2586 1
2587 1
2590 1
2591 1
2604 1
2607 1
2613 2
2625 1
2626 1
2628 1
2631 1
2633 1
2634 1
2643 1
2660 1
2679 1
2687 1
2695 1
2700 1
2705 1
2706 1
2707 1
2723 2
2729 1
2749 1
2758 1
2760 1
2770 1
2781 1
2785 1
2787 1
2789 1
2790 1
2793 1
2799 1
2816 1
2818 2
2839 1
2845 1
2851 1
2852 1
2855 1
2856 1
2865 1
2871 3
2874 1
2889 1
2896 1
2902 1
2904 1
2915 1
2916 1
2918 1
2919 1
2922 1
2929 1
2955 1
2957 2
2969 1
2994 1
2998 1
3007 1
3011 1
3017 1
3022 1
3025 1
3029 1
3066 1
3074 1
3106 1
3107 1
3113 1
3125 1
3142 1
3152 1
3153 1
3163 1
3166 1
3177 1
3183 1
3188 1
3209 1
3210 1
3218 1
3223 1
3224 1
3226 1
3250 1
3264 1
3266 1
3270 1
3276 1
3303 1
3332 1
3336 1
3340 1
3353 1
3383 1
3384 2
3385 1
3413 2
3422 1
3474 1
3521 1
3532 1
3549 1
3553 1
3565 1
3574 1
3589 1
3613 1
3624 1
3641 1
3662 1
3678 1
3684 1
3686 1
3689 1
3695 1
3707 1
3715 1
3723 1
3732 1
3744 1
3749 1
3795 1
3801 1
3850 1
3858 1
3860 1
3879 1
3885 1
3921 1
3988 1
3997 1
4001 1
4007 1
4017 1
4034 1
4038 2
4059 1
4065 1
4066 1
4072 1
4075 1
4079 1
4106 1
4148 1
4151 1
4247 1
4264 1
4275 1
4278 1
4315 2
4321 1
4324 1
4328 1
4353 1
4367 1
4393 1
4454 1
4511 1
4513 1
4548 1
4631 1
4666 1
4669 1
4721 1
4722 1
4773 1
4786 1
4790 1
4791 1
4887 1
4940 1
4977 1
4993 1
5022 1
5084 1
5085 1
5143 1
5186 1
5219 1
5247 1
5272 1
5289 1
5372 1
5445 1
5450 1
5514 1
5558 1
5602 1
5624 1
5633 1
5770 1
5897 1
5971 1
5982 1
6059 1
6142 1
6159 1
6312 1
6407 1
6433 1
6468 1
6474 1
6606 1
6739 1
6745 1
6770 1
6790 1
6872 1
6936 1
7071 1
7092 1
7180 1
7286 1
8479 1
8540 1
8642 1
8685 1
8695 1
9026 1
10093 1
10839 1
11454 1
13244 1
17283 1
18461 1
20691 1
22561 1
23871 1
24017 1
24620 1
26871 1
28208 1
29941 1
27928795 1
