0 90037466
1 1770174418
2 132644974
3 120421
4 11400
5 7673
6 7568
7 2113
8 1306
9 1029
10 706
11 1734
12 340
13 220
14 142
15 190
16 159
17 65
18 97
19 164
20 55
21 40
22 35
23 51
24 69
25 38
26 51
27 67
28 57
29 26
30 43
31 39
32 37
33 40
34 36
35 28
36 31
37 58
38 56
39 29
40 36
41 33
42 29
43 55
44 69
45 39
46 32
47 23
48 18
49 17
50 22
51 11
52 21
53 11
54 15
55 13
56 18
57 17
58 13
59 18
60 19
61 15
62 13
63 10
64 16
65 14
66 24
67 13
68 17
69 22
70 17
71 14
72 14
73 16
74 17
75 13
76 17
77 17
78 24
79 10
80 17
81 20
82 19
83 15
84 21
85 14
86 13
87 22
88 11
89 22
90 23
91 20
92 14
93 20
94 59
95 13
96 10
97 27
98 20
99 48
100 14
101 18
102 25
103 20
104 19
105 22
106 23
107 12
108 7
109 11
110 7
111 12
112 7
113 7
114 7
115 7
116 6
117 6
118 8
119 8
120 8
121 13
122 4
123 4
124 3
125 5
126 6
127 18
128 9
129 6
130 3
131 4
132 10
133 8
134 8
135 8
136 12
137 6
138 6
139 8
140 9
141 6
142 12
143 16
144 13
145 10
146 16
147 19
148 21
149 25
150 16
151 20
152 22
153 12
154 13
155 17
156 16
157 5
158 11
159 11
160 20
161 8
162 23
163 22
164 18
165 21
166 21
167 24
168 28
169 23
170 20
171 19
172 20
173 20
174 22
175 18
176 7
177 8
178 24
179 14
180 35
181 22
182 22
183 20
184 14
185 11
186 7
187 5
188 6
189 7
190 3
191 6
192 3
193 5
194 4
195 3
196 8
197 13
198 14
199 13
200 5
201 9
202 10
203 7
204 5
205 8
206 8
207 15
208 15
209 9
210 10
211 8
212 6
213 4
214 1
216 2
219 1
221 1
222 4
224 1
225 1
227 1
228 2
230 1
232 1
246 1
294 1
378 1
384 1
462 1
473 1
507 1
591 1
808 1
818 1
901 1
1000 3
3000 1
6225 1
10000 1
100000 1
