0 159802025
1 1704320764
2 101616242
3 16717324
4 5036213
5 2133996
6 1107436
7 632671
8 401514
9 266325
10 182938
11 134154
12 100819
13 76579
14 59061
15 48057
16 40521
17 33267
18 27874
19 23968
20 20389
21 17713
22 16136
23 13468
24 12103
25 10658
26 9674
27 8538
28 7802
29 7174
30 6517
31 5948
32 5312
33 4975
34 4690
35 4331
36 4095
37 3832
38 3438
39 3308
40 2967
41 2900
42 2812
43 2380
44 2239
45 2086
46 2090
47 1821
48 1820
49 1677
50 1575
51 1382
52 1451
53 1402
54 1293
55 1222
56 1346
57 1150
58 1183
59 1096
60 1072
61 964
62 922
63 888
64 851
65 909
66 811
67 805
68 837
69 756
70 709
71 704
72 649
73 591
74 623
75 611
76 571
77 543
78 563
79 530
80 507
81 472
82 502
83 492
84 486
85 463
86 403
87 401
88 400
89 465
90 458
91 433
92 357
93 415
94 373
95 369
96 321
97 305
98 321
99 331
100 327
101 301
102 276
103 274
104 260
105 281
106 263
107 267
108 239
109 322
110 249
111 206
112 241
113 251
114 256
115 190
116 235
117 265
118 221
119 210
120 177
121 161
122 187
123 197
124 191
125 169
126 178
127 154
128 160
129 153
130 142
131 164
132 151
133 136
134 131
135 133
136 106
137 128
138 150
139 142
140 112
141 132
142 134
143 123
144 114
145 112
146 101
147 112
148 106
149 113
150 93
151 96
152 105
153 99
154 105
155 101
156 100
157 101
158 108
159 118
160 90
161 157
162 97
163 110
164 94
165 72
166 104
167 100
168 87
169 86
170 86
171 86
172 84
173 78
174 90
175 79
176 69
177 92
178 77
179 78
180 76
181 87
182 86
183 69
184 59
185 75
186 75
187 70
188 83
189 61
190 59
191 53
192 80
193 79
194 57
195 68
196 75
197 69
198 61
199 62
200 66
201 66
202 60
203 70
204 43
205 110
206 62
207 58
208 80
209 75
210 45
211 71
212 65
213 52
214 62
215 47
216 41
217 53
218 43
219 43
220 49
221 49
222 45
223 52
224 52
225 44
226 32
227 38
228 42
229 46
230 43
231 39
232 39
233 70
234 48
235 36
236 48
237 45
238 40
239 53
240 44
241 46
242 40
243 55
244 71
245 31
246 46
247 41
248 47
249 39
250 37
251 42
252 41
253 32
254 54
255 48
256 38
257 57
258 45
259 48
260 40
261 39
262 43
263 42
264 35
265 49
266 35
267 48
268 26
269 42
270 40
271 53
272 34
273 33
274 27
275 28
276 35
277 36
278 32
279 30
280 28
281 29
282 29
283 22
284 20
285 29
286 32
287 21
288 15
289 23
290 14
291 26
292 16
293 26
294 23
295 26
296 25
297 28
298 26
299 31
300 37
301 18
302 35
303 35
304 41
305 29
306 23
307 30
308 18
309 25
310 29
311 19
312 26
313 28
314 22
315 26
316 21
317 35
318 16
319 23
320 20
321 19
322 22
323 30
324 30
325 27
326 14
327 17
328 18
329 17
330 29
331 24
332 16
333 22
334 15
335 18
336 18
337 22
338 11
339 21
340 18
341 23
342 17
343 22
344 12
345 22
346 16
347 16
348 18
349 23
350 24
351 24
352 23
353 17
354 18
355 21
356 20
357 14
358 20
359 21
360 14
361 15
362 12
363 22
364 19
365 13
366 11
367 10
368 15
369 14
370 16
371 12
372 12
373 15
374 7
375 13
376 15
377 21
378 9
379 9
380 16
381 20
382 14
383 14
384 18
385 16
386 10
387 11
388 18
389 8
390 16
391 22
392 21
393 16
394 13
395 18
396 13
397 8
398 13
399 12
400 10
401 11
402 10
403 16
404 24
405 15
406 11
407 18
408 9
409 17
410 12
411 18
412 10
413 11
414 14
415 11
416 10
417 8
418 13
419 21
420 14
421 10
422 8
423 11
424 6
425 12
426 12
427 11
428 10
429 12
430 20
431 10
432 17
433 12
434 14
435 14
436 5
437 6
438 5
439 5
440 11
441 14
442 14
443 11
444 8
445 15
446 11
447 10
448 21
449 10
450 17
451 18
452 10
453 13
454 14
455 12
456 14
457 12
458 13
459 8
460 7
461 11
462 10
463 10
464 10
465 9
466 8
467 9
468 9
469 6
470 12
471 13
472 10
473 9
474 6
475 11
476 18
477 11
478 11
479 19
480 8
481 4
482 7
483 9
484 3
485 11
486 10
487 11
488 10
489 9
490 15
491 9
492 12
493 10
494 11
495 8
496 12
497 6
498 10
499 6
500 7
501 5
502 8
503 6
504 11
505 11
506 3
507 5
508 8
509 5
510 4
511 15
512 7
513 11
514 4
515 9
516 9
517 10
518 7
519 9
520 7
521 10
522 5
523 7
524 10
525 13
526 2
527 6
528 6
529 8
530 22
531 10
532 9
533 7
534 6
535 12
536 9
537 6
538 8
539 4
540 5
541 5
542 6
543 17
544 11
545 16
546 10
547 12
548 9
549 7
550 9
551 4
552 10
553 5
554 9
555 4
556 2
557 12
558 6
559 8
560 10
561 8
562 6
563 7
564 10
565 14
566 3
567 8
568 11
569 8
570 7
571 12
572 7
573 8
574 4
575 8
576 5
577 4
578 7
579 5
580 7
581 8
582 7
583 7
584 3
585 5
586 7
587 9
588 5
589 5
590 2
591 3
592 12
593 12
594 4
595 6
596 15
597 9
598 17
599 4
600 11
601 15
602 7
603 6
604 4
605 10
606 7
607 6
608 5
609 2
610 7
611 4
612 4
613 4
614 9
615 10
616 6
617 2
618 6
619 4
621 5
622 3
623 4
624 3
625 3
626 5
627 6
628 6
629 7
630 6
631 5
632 8
633 5
634 3
635 6
636 8
637 7
638 5
639 4
640 3
641 9
642 3
643 10
644 9
645 2
646 6
647 5
648 2
649 9
650 2
651 4
652 10
653 3
654 4
655 4
656 5
657 6
658 3
659 3
660 5
661 5
662 6
663 2
664 6
665 8
666 4
668 1
669 4
670 2
671 4
672 8
673 1
674 5
675 1
676 4
677 5
678 6
679 6
680 5
681 12
682 5
683 1
684 5
685 4
686 5
687 3
688 6
689 2
690 8
691 1
692 3
693 4
694 1
695 1
696 1
697 3
698 3
699 4
700 3
701 2
702 4
703 5
704 4
705 3
706 2
707 5
708 2
709 5
710 4
711 2
712 11
713 7
714 6
715 3
718 2
719 7
720 1
721 5
722 2
723 7
724 4
725 3
726 5
727 2
728 2
729 1
730 5
731 2
732 4
733 9
734 4
735 3
736 10
737 3
738 7
739 4
740 4
741 1
742 4
743 2
744 4
745 2
746 8
747 5
748 5
749 3
750 2
751 3
752 2
753 6
754 2
755 2
756 2
757 4
758 1
759 5
760 1
761 1
762 3
763 4
764 1
765 2
766 4
767 5
768 3
770 3
771 6
772 1
773 3
774 1
775 7
776 4
777 2
778 2
779 5
780 2
781 3
782 1
783 3
784 4
785 3
786 3
787 1
788 5
789 1
790 1
791 2
792 4
793 4
794 7
796 1
797 2
798 2
799 3
800 7
801 4
802 2
803 4
804 2
805 2
806 5
807 2
808 3
809 2
810 4
811 3
812 5
813 2
814 6
816 3
817 1
819 4
820 3
821 3
822 6
823 1
824 1
825 3
826 3
827 2
828 4
829 2
830 3
831 2
833 1
834 2
835 3
836 2
837 4
838 2
839 2
840 3
841 1
842 5
843 1
844 3
845 5
847 1
848 2
849 3
850 2
851 3
852 1
853 2
854 1
855 1
856 2
857 2
858 2
859 2
861 3
862 5
863 1
864 3
865 1
867 4
868 3
869 2
870 5
871 1
872 3
873 1
874 1
875 2
876 1
877 4
878 2
879 3
880 2
881 1
882 2
883 1
884 1
885 2
886 2
887 1
888 3
889 1
890 3
891 4
892 2
893 3
894 2
895 2
896 7
897 4
898 2
899 1
900 5
901 3
902 3
903 2
904 1
905 4
906 1
907 3
908 2
909 5
910 1
911 1
912 2
913 5
914 5
915 1
916 3
917 1
918 3
919 3
920 2
921 1
922 1
923 3
924 2
927 3
928 1
929 3
930 5
931 2
932 3
933 4
934 1
936 1
937 1
938 1
939 3
940 4
941 3
942 3
943 3
944 1
945 1
946 2
948 4
949 2
950 4
951 3
952 2
953 3
954 3
955 6
956 1
957 3
958 3
959 1
960 7
961 2
962 6
963 3
964 5
965 2
966 3
968 6
969 4
970 2
971 2
973 1
974 1
975 1
976 5
978 4
979 4
980 1
982 2
983 1
985 1
986 1
987 3
988 3
989 2
990 2
991 2
992 1
993 4
994 7
995 5
997 1
998 2
999 4
1000 5
1001 1
1002 2
1003 2
1004 2
1005 1
1007 4
1008 2
1009 4
1010 2
1011 2
1012 4
1013 3
1015 1
1016 4
1017 3
1018 3
1019 2
1020 1
1021 3
1022 2
1023 1
1024 2
1025 4
1026 3
1027 2
1028 2
1030 1
1033 3
1035 1
1036 4
1037 4
1038 2
1039 4
1040 4
1041 7
1042 8
1043 5
1044 6
1045 8
1046 5
1047 3
1048 2
1049 2
1050 3
1051 3
1052 2
1054 4
1056 2
1057 2
1058 2
1059 1
1060 1
1062 2
1063 2
1064 4
1066 5
1068 3
1069 2
1070 1
1071 2
1072 2
1073 1
1074 2
1075 3
1076 1
1077 2
1078 1
1079 3
1080 1
1082 1
1085 2
1086 1
1087 2
1089 1
1090 1
1091 6
1092 1
1093 1
1094 2
1095 9
1096 5
1097 3
1098 1
1100 1
1101 3
1102 7
1103 3
1104 2
1105 1
1106 2
1107 1
1109 1
1110 1
1111 1
1113 3
1115 1
1116 1
1118 2
1119 1
1120 1
1121 3
1122 2
1123 1
1124 4
1125 3
1128 3
1130 1
1131 1
1132 2
1135 1
1136 1
1137 1
1138 1
1139 1
1140 2
1142 2
1143 2
1145 1
1146 1
1149 1
1151 2
1152 3
1153 1
1154 1
1155 1
1157 2
1158 1
1159 1
1160 1
1161 2
1162 1
1163 3
1164 2
1166 1
1167 2
1168 1
1169 1
1170 2
1171 2
1172 1
1174 1
1176 1
1179 2
1181 1
1182 1
1183 1
1184 3
1185 2
1189 1
1190 1
1192 2
1193 2
1194 1
1195 2
1197 1
1198 2
1200 3
1202 1
1203 1
1204 1
1206 1
1207 1
1208 3
1209 2
1210 2
1211 1
1213 1
1214 1
1215 1
1216 3
1217 1
1218 1
1219 3
1221 2
1222 2
1223 1
1225 1
1226 1
1228 1
1229 1
1231 4
1232 1
1233 1
1234 1
1235 1
1236 1
1239 2
1240 3
1241 3
1242 2
1243 3
1244 3
1245 4
1246 4
1247 1
1248 3
1249 1
1251 2
1252 2
1253 2
1254 3
1255 12
1256 3
1257 3
1259 7
1260 2
1261 1
1262 2
1263 2
1264 2
1265 2
1268 1
1270 1
1271 1
1272 2
1277 1
1279 1
1281 1
1282 1
1283 1
1284 2
1287 2
1289 1
1290 4
1291 1
1295 1
1298 2
1300 2
1301 3
1302 1
1304 1
1305 1
1307 1
1308 3
1309 1
1310 1
1311 2
1313 1
1314 4
1318 1
1320 2
1321 1
1322 1
1325 2
1326 1
1327 1
1329 1
1335 3
1336 1
1337 2
1338 3
1342 1
1344 1
1345 1
1346 2
1347 2
1348 4
1349 1
1350 1
1351 1
1352 2
1353 1
1354 2
1355 1
1356 1
1357 3
1360 2
1361 1
1362 1
1363 2
1364 1
1365 2
1366 2
1367 1
1368 1
1369 1
1370 1
1371 3
1372 4
1373 1
1374 3
1375 5
1376 2
1377 2
1378 5
1379 2
1380 3
1381 4
1382 2
1383 2
1384 4
1385 5
1386 2
1387 1
1388 3
1391 1
1392 1
1393 2
1394 3
1395 3
1396 2
1398 1
1401 2
1402 3
1405 3
1406 1
1407 1
1408 1
1409 2
1411 2
1412 2
1413 2
1416 1
1417 1
1418 1
1419 2
1420 1
1421 4
1422 6
1423 6
1424 4
1425 4
1426 5
1427 5
1428 3
1429 4
1430 5
1431 4
1432 4
1433 3
1434 2
1435 2
1437 3
1438 4
1440 1
1441 1
1443 2
1444 4
1445 3
1446 1
1448 3
1449 1
1452 1
1454 4
1456 1
1457 1
1459 3
1461 2
1462 1
1463 1
1464 1
1468 3
1469 8
1470 4
1471 5
1472 7
1473 4
1474 1
1475 3
1478 3
1480 3
1481 1
1482 1
1484 1
1485 1
1486 2
1488 1
1489 1
1491 1
1492 1
1497 2
1499 1
1500 1
1501 2
1502 1
1508 1
1511 2
1513 1
1514 1
1515 3
1518 2
1519 2
1520 3
1528 1
1531 2
1533 2
1535 1
1536 3
1537 2
1540 1
1545 2
1547 1
1548 2
1551 1
1554 2
1557 1
1559 1
1561 1
1564 4
1566 1
1567 1
1568 1
1574 1
1575 2
1580 1
1581 3
1583 1
1585 1
1587 1
1590 2
1591 1
1593 2
1594 1
1596 1
1602 1
1603 1
1608 1
1610 1
1613 1
1614 1
1615 2
1616 1
1617 3
1623 1
1626 1
1627 2
1628 1
1630 3
1632 1
1633 1
1634 1
1635 1
1637 1
1639 1
1643 1
1645 1
1647 1
1648 1
1649 1
1651 2
1652 1
1659 1
1660 1
1666 1
1667 3
1670 1
1671 1
1672 1
1674 2
1676 2
1685 1
1686 1
1688 1
1689 3
1691 1
1697 1
1700 1
1702 2
1703 1
1704 1
1707 1
1710 1
1715 1
1717 1
1718 1
1720 1
1724 1
1730 1
1731 2
1735 1
1737 1
1739 1
1741 1
1742 1
1743 1
1744 1
1746 1
1747 1
1748 4
1749 1
1750 1
1752 1
1753 3
1755 1
1756 2
1758 1
1759 1
1761 1
1770 1
1782 1
1783 1
1784 2
1787 1
1788 1
1793 1
1795 1
1796 1
1798 1
1799 1
1803 1
1808 1
1810 1
1813 1
1815 1
1817 1
1818 1
1819 1
1826 1
1828 1
1832 1
1834 1
1835 1
1836 1
1838 1
1842 1
1843 1
1844 1
1847 1
1849 2
1851 1
1854 1
1859 1
1863 2
1867 1
1873 1
1878 1
1887 2
1889 2
1890 1
1891 1
1894 1
1895 2
1897 1
1898 1
1899 1
1908 1
1913 1
1914 1
1921 1
1926 1
1929 1
1930 3
1932 1
1934 1
1935 1
1938 1
1945 1
1952 1
1958 1
1963 3
1964 1
1969 1
1971 1
1979 1
1980 1
1982 1
1991 1
1994 1
1995 1
1996 1
1997 2
2000 3
2003 2
2008 1
2014 1
2016 1
2019 2
2024 1
2025 1
2027 2
2029 1
2030 1
2032 1
2041 1
2049 1
2056 1
2057 1
2059 1
2060 1
2065 1
2068 1
2071 1
2072 1
2075 1
2080 1
2085 1
2088 1
2090 1
2100 1
2103 1
2111 1
2116 2
2117 1
2119 1
2124 1
2133 1
2135 1
2145 1
2148 1
2155 1
2156 2
2157 1
2158 2
2164 1
2166 3
2176 1
2181 1
2185 1
2189 2
2190 1
2196 1
2197 1
2200 2
2206 1
2208 1
2211 1
2212 1
2219 1
2225 1
2228 1
2231 1
2232 1
2240 2
2246 1
2247 1
2260 1
2262 1
2263 1
2264 1
2265 1
2267 1
2269 1
2273 1
2283 1
2284 2
2289 1
2292 2
2295 3
2296 1
2298 2
2306 2
2307 1
2311 1
2316 1
2317 1
2318 1
2322 1
2324 1
2326 1
2327 1
2335 2
2338 2
2339 1
2340 1
2343 1
2347 1
2349 1
2355 1
2369 2
2370 1
2377 1
2378 1
2381 1
2384 1
2385 1
2387 1
2389 1
2399 1
2409 1
2413 2
2420 1
2426 1
2430 1
2431 2
2434 1
2437 1
2439 2
2441 1
2443 1
2446 1
2447 2
2449 1
2450 1
2451 1
2452 1
2453 2
2454 1
2455 1
2457 1
2460 1
2461 1
2463 1
2464 3
2465 1
2466 1
2468 2
2471 2
2472 1
2474 1
2480 2
2481 2
2482 3
2483 1
2491 1
2493 1
2495 1
2496 1
2501 1
2502 1
2505 2
2507 1
2511 1
2512 1
2519 1
2537 1
2545 1
2548 1
2569 1
2570 1
2572 1
2573 1
2575 1
2576 1
2577 1
2585 1
2587 1
2592 1
2606 1
2614 1
2616 1
2620 1
2624 1
2639 1
2640 1
2644 1
2645 1
2667 1
2669 1
2682 1
2692 1
2708 1
2709 1
2712 1
2720 1
2722 1
2733 1
2739 1
2748 1
2750 2
2756 1
2776 1
2783 1
2786 1
2789 1
2799 1
2800 1
2805 1
2809 1
2811 1
2812 1
2814 1
2822 1
2823 1
2827 1
2832 1
2862 1
2866 1
2867 1
2872 1
2878 1
2882 1
2891 1
2894 1
2901 1
2904 1
2906 1
2925 1
2928 1
2934 1
2937 1
2940 1
2941 1
2945 1
2957 1
2971 1
2973 1
2982 1
2991 2
3000 1
3011 1
3013 1
3032 1
3042 1
3043 1
3045 1
3050 1
3054 1
3055 1
3058 1
3075 1
3081 1
3082 1
3083 1
3084 3
3097 1
3106 1
3118 1
3121 1
3124 1
3129 1
3134 1
3142 1
3153 1
3163 1
3166 1
3167 1
3172 6
3176 2
3183 1
3185 1
3187 1
3192 1
3196 1
3198 1
3219 1
3220 1
3221 2
3223 1
3235 1
3255 1
3256 1
3281 1
3303 2
3346 1
3348 1
3356 1
3370 1
3376 1
3384 1
3391 1
3420 1
3425 2
3438 1
3439 2
3441 1
3461 1
3462 1
3464 1
3465 1
3467 1
3472 1
3480 1
3486 1
3492 1
3498 1
3499 1
3500 1
3503 1
3505 1
3508 2
3512 1
3513 1
3522 1
3527 1
3535 1
3538 1
3550 1
3557 1
3572 1
3575 1
3579 1
3591 2
3592 1
3602 2
3615 2
3617 1
3618 5
3619 2
3620 6
3621 2
3622 2
3623 1
3624 5
3625 2
3628 2
3629 2
3631 1
3635 1
3642 1
3643 1
3646 1
3655 1
3657 1
3660 1
3670 1
3674 1
3675 1
3685 1
3691 1
3710 1
3721 1
3728 1
3730 1
3754 1
3777 1
3784 1
3789 1
3812 1
3820 1
3836 1
3839 1
3855 1
3857 1
3885 1
3904 1
3935 1
3947 1
4014 1
4016 1
4025 1
4034 1
4073 1
4095 1
4098 1
4106 1
4121 1
4140 1
4141 1
4195 1
4213 1
4228 1
4255 1
4344 1
4376 1
4400 1
4408 1
4431 1
4453 1
4486 1
4522 1
4530 1
4536 1
4586 1
4627 1
4658 1
4691 1
4730 1
4736 2
4738 1
4771 1
4793 1
4800 1
4847 1
4851 2
4852 1
4853 1
4859 1
4945 1
4986 1
4988 3
4989 2
4990 1
4992 4
4993 2
4994 1
4997 1
5000 1
5001 1
5002 1
5010 1
5012 1
5022 1
5037 1
5041 3
5086 1
5157 1
5202 1
5224 1
5226 1
5284 1
5330 1
5332 1
5375 1
5435 1
5500 1
5501 1
5515 1
5518 1
5529 1
5539 1
5555 1
5579 1
5708 1
5715 1
5719 1
5763 1
5872 1
6001 1
6069 1
6102 1
6186 1
6200 1
6233 1
6326 1
6340 1
6344 1
6350 1
6358 1
6360 1
6364 1
6368 2
6373 1
6375 1
6376 1
6382 1
6392 1
6412 4
6413 1
6414 1
6416 1
6425 1
6427 2
6435 2
6439 1
6440 1
6444 1
6448 1
6452 1
6453 1
6456 1
6463 1
6464 1
6478 1
6556 1
6567 1
6572 1
6610 1
6611 1
6631 1
6636 1
6641 1
6645 1
6669 1
6683 1
6689 1
6690 1
6691 1
6704 1
6715 1
6718 1
6719 1
6730 1
6731 1
6748 1
6760 1
6788 1
6858 1
6875 1
6907 1
6946 1
6976 1
7081 1
7083 1
7169 1
7183 1
7194 2
7196 1
7247 2
7451 1
7579 1
7596 1
7662 1
7692 1
7752 1
7812 1
7824 1
7849 1
7862 1
7879 1
7883 1
8020 1
8161 1
8172 1
8286 1
8377 1
8408 1
8435 1
8454 1
8474 1
8667 1
8676 1
8879 1
8949 1
9000 1
9096 1
9130 1
9200 1
9282 1
9295 1
9309 1
9509 1
9516 1
9524 1
9710 1
9741 1
9771 1
9892 1
10000 2
10096 1
10219 1
10425 1
10492 1
10515 1
10710 1
10718 1
10817 1
11120 1
11368 1
11377 1
11595 1
11596 1
11859 1
12048 1
12383 1
12626 1
12672 1
13059 1
13086 1
13137 1
13166 1
14236 1
17834 1
20001 1
21393 1
22418 1
23234 1
24278 1
26909 1
29677 1
30000 1
30001 1
32756 1
40980 1
41279 1
41441 1
41453 1
41468 1
41535 1
41550 1
41554 1
41567 1
41569 1
41591 1
41626 1
41630 1
41640 1
41653 1
41658 2
41661 1
41669 1
41671 1
41676 1
41679 1
41687 1
41690 1
41691 1
41700 1
41701 1
41706 1
41709 1
41710 1
41717 1
41727 1
41820 1
41824 1
41830 1
41848 1
41849 1
41854 1
41861 2
41863 1
41864 1
41865 2
41873 1
41877 1
41879 1
41882 1
41896 1
41910 1
41913 1
41915 1
41921 1
41928 1
41946 1
41950 1
41952 1
41963 1
41966 1
41973 1
44558 1
51179 1
73642 1
100000 1
113649 1
198951 1
317172 1
691885 1
