1 31940017
2 654579
3 128183
4 46653
5 22129
6 12318
7 7651
8 5324
9 3760
10 2812
11 2099
12 1737
13 1339
14 1102
15 896
16 749
17 645
18 579
19 457
20 423
21 356
22 307
23 233
24 265
25 214
26 208
27 179
28 153
29 137
30 149
31 119
32 108
33 93
34 86
35 81
36 83
37 75
38 66
39 50
40 49
41 56
42 37
43 43
44 46
45 31
46 42
47 33
48 27
49 22
50 34
51 25
52 21
53 20
54 21
55 17
56 17
57 21
58 22
59 19
60 17
61 24
62 10
63 14
64 9
65 14
66 13
67 13
68 18
69 10
70 16
71 15
72 12
73 14
74 6
75 9
76 11
77 9
78 9
79 5
80 7
81 12
82 5
83 10
84 7
85 7
86 3
87 7
88 9
89 5
90 6
91 5
92 6
93 7
94 7
95 7
96 4
97 7
98 6
99 2
100 3
101 3
102 2
103 3
104 3
105 2
106 4
107 3
108 5
109 4
112 3
113 4
114 1
115 1
116 2
117 1
118 2
119 2
120 2
121 2
122 6
123 4
125 2
126 3
127 2
129 1
130 2
131 3
132 1
133 1
134 1
135 3
136 2
138 3
139 2
141 2
142 1
143 5
145 3
146 1
147 3
148 1
149 2
150 2
151 4
152 5
153 2
154 1
155 1
158 2
159 1
160 1
161 2
162 1
164 1
167 2
168 1
169 1
170 3
171 3
177 1
178 1
180 2
181 1
184 1
185 1
186 1
189 2
190 1
192 1
193 1
195 1
196 1
197 1
198 1
199 2
200 1
201 2
202 1
206 1
209 4
211 2
212 1
213 1
224 1
225 1
226 1
229 1
232 2
243 1
247 1
254 1
262 1
267 2
272 1
283 1
285 1
288 1
289 1
291 1
329 1
337 1
353 1
372 1
415 1
427 2
464 1
468 1
474 1
478 1
482 1
500 2
506 1
555 1
557 1
608 1
1086 1
1231 1
3017 1
112969656 1
